428.664665455 620.041267333
419.89999031 629.315636234
599.852110615 613.110105048
605.219791647 715.988768399
428.014521849 547.244993535
111.906310092 508.921482634
621.328985917 269.57483715
634.258419939 129.90113589
500.726277194 680.172960021
508.403233208 606.058600692
440.927065151 673.032904788
318.091382329 597.298297615
464.218558813 575.261128776
572.988317757 626.294572867
473.426292045 554.708797426
521.24804652 662.062791517
339.981472303 632.935028415
536.914640764 592.176778666
576.788992107 194.337888695
540.197954425 706.585636785
593.820264548 116.707719253
585.796258428 647.534510373
606.68354538 341.635964383
483.685114499 657.889363506
367.507413493 597.753122878
590.067149145 270.569651326
589.303679941 668.319894745
620.503653523 140.763474554
600.547553864 681.782771646
523.631834464 637.752502442
579.349162765 123.240190586
634.175607637 696.421083281
541.567641687 681.488718135
443.030263298 664.673541809
565.243124538 725.422820228
606.138633795 582.776311824
142.41468308 490.383093504
535.133744606 721.238482078
388.300624092 654.248867971
610.594754284 698.660192539
608.60393406 308.781993787
617.451926391 222.560669905
566.577679348 406.075521272
378.665006643 624.390313787
636.869719902 109.427406651
200.109789791 682.775259773
490.302239132 634.756083404
597.161095686 706.554219254
529.610301709 695.32378571
590.112018228 694.54275296
575.235682782 578.930738679
555.123190674 388.240553149
568.40830103 644.334353392
491.494336119 606.565623308
454.378426213 598.204437883
483.577074634 590.439236447
414.010005325 663.921282541
402.547203634 640.384598379
454.869073944 649.12535468
622.15984934 110.391813947
570.646062821 709.38435183
572.003897691 691.673375937
620.077330331 626.454539061
402.184266283 615.528558037
346.390078487 573.192786655
545.658028051 660.511539199
430.224901577 599.43991847
544.134816864 357.370781829
575.687912134 329.101577383
122.469209903 487.196697219
566.106786563 744.769825559
134.182860768 516.254411772
348.875319273 607.651920544
577.384080644 369.204907342
545.985005779 575.218494155
610.593438642 747.441972932
509.858016538 624.365861446
627.401468251 654.964558219
373.105399872 653.103822571
595.476574656 101.309931957
634.639774052 173.7566369
330.67019497 614.591971739
539.559047774 614.032064924
319.800331788 636.578686757
461.732152325 633.700553287
589.82939729 724.731825781
359.974393697 633.878232506
594.490691313 297.074593642
582.472597808 601.574694689
546.486823775 639.634636296
614.20908942 733.31087043
534.052862118 390.478604407
444.944334339 649.773792536
568.371091229 612.116871544
566.984244137 304.291031834
300.307253068 613.689523363
630.144899231 97.1335769278
414.262691172 654.017231231
562.494860621 671.311001453
452.504187824 564.357297602
