450.196841581 296.159565987
313.666505311 203.38265963
497.281558248 351.625424794
501.446812071 380.832763665
330.252821282 625.290795131
243.148038483 537.235134951
255.119513711 304.373589884
709.351661883 424.148643365
615.72025943 426.631704373
207.789541655 254.790676203
368.434742852 308.939677289
552.910597584 368.394908863
154.280818693 389.336645738
330.318868072 254.48193675
264.633016536 556.96680682
567.852123806 420.118869902
600.928467395 402.01219946
380.581919446 634.506897459
349.416624191 645.172760382
198.536368805 140.008194937
236.155805028 241.226733832
583.088155586 391.168258549
287.465113949 568.666853638
264.820493774 282.755926343
339.676109292 377.965612999
273.498911316 534.990347984
122.082033347 369.653056754
468.182212062 424.959890421
362.506650105 238.955726302
492.195651395 409.081072147
584.968993241 444.496206412
177.429745361 213.979522244
448.235892412 403.391587726
364.050305641 379.223631971
269.333511064 263.42012501
271.982111727 182.613803324
416.016604422 425.243504595
498.530507954 453.166309672
605.006884311 365.099158968
199.281341536 205.033523727
280.080087296 514.935035727
350.184315233 619.897398825
394.248564767 336.557628273
283.660918675 321.341032722
407.090923881 621.532852601
162.602905552 178.383651862
292.314760567 539.313922064
371.704439924 568.1322296
156.75884908 367.052922121
409.636055823 382.438781266
357.526251872 287.639737187
394.93152228 567.961550238
452.55596791 384.097694799
531.095359224 402.857876651
340.810690588 666.646729667
399.715287956 582.957406966
267.697412341 204.047920389
286.468286171 230.299506142
214.988572422 135.331206008
649.199628903 406.685760956
138.166648253 357.42527282
696.749256887 403.00667925
259.73704313 234.849688449
338.299287278 588.389206314
372.243096593 612.042083992
207.12200687 232.914507044
633.408987319 395.085251102
363.866453975 588.056570202
380.059720813 655.159397063
407.663717524 319.815849528
660.837023759 378.845258728
368.732280575 358.805409888
684.469340166 391.053327455
233.075087845 272.390440941
291.951523851 268.725783555
326.041227661 648.347756389
467.962079098 334.351138974
301.120763645 316.460974698
389.85141308 270.017879812
187.233138869 171.405432641
523.964485854 328.391373749
232.108846292 167.741154349
465.893431205 372.421478036
303.833165272 556.305416238
387.605183135 609.188018753
531.756884842 432.545406405
221.455533791 209.412547121
435.883458691 351.60003065
671.698387855 420.399929329
201.162880949 175.148736811
313.232465656 527.054167205
316.716721275 306.611258278
131.622128379 400.173649569
171.625036171 129.813913937
323.945169346 351.655688023
171.133418759 152.226420472
408.598175977 305.478661449
109.904705953 396.920993919
348.578345425 331.271607445
320.026094052 550.540056508
