65.834186149 293.811281494
167.804343157 543.845276676
443.405876803 727.0148256
151.040501836 667.087038926
320.561693692 676.429724753
128.778556588 623.033931241
36.2729178241 342.364296721
95.7538475662 163.100307881
72.8003198449 162.182691827
456.914867036 739.021255058
190.849686725 566.88422936
75.911950228 326.245794335
130.223449867 643.309969687
368.426438536 506.117407241
36.9024372573 292.061414323
362.888638563 733.143860857
391.321407622 666.373804668
71.1211404311 127.161545822
174.693932098 640.090636213
218.427266012 594.07296651
171.079985474 572.757820694
77.6920543218 100.851924735
202.692962258 469.92234481
29.4042854551 325.012787968
148.134550791 518.64966807
132.378243831 681.718555572
131.547433206 543.029857877
73.7379818773 228.855070725
41.1213064586 120.854049104
138.524091229 595.663232928
43.7458027685 320.533222824
209.094353129 555.978650175
159.071846133 681.490435243
191.18230301 631.918298468
134.360596895 563.050377304
156.08224702 693.793916545
180.248504095 591.637073835
105.311639779 433.614804522
200.799663079 589.069404112
59.3695607134 315.757564926
124.134237556 588.152339757
341.512978654 528.29463464
55.7935109314 275.581494761
401.443120552 698.813008044
350.970150886 674.035387229
230.77659808 573.87025447
157.894909069 610.843086192
161.26786326 561.863743405
170.861435789 707.02909697
191.212474077 607.68842681
127.826937542 457.036293581
160.615365115 642.907400008
162.936779868 632.756573042
428.152430583 713.643200243
66.206587154 191.843027789
82.2379992692 180.644534371
431.249347017 691.455386891
190.000909267 649.520333888
45.4074870302 164.995597045
185.099825587 696.5975301
133.784095917 665.148520682
100.056815124 197.299266109
150.642209293 625.603960302
79.7798820082 446.938461982
234.190173651 613.22789067
147.668592036 703.355568761
54.3353438994 103.614703151
196.713893191 671.389743012
177.295918317 618.714897217
67.4603525495 92.2522750964
66.009353741 154.944291322
332.777696328 714.930725675
65.3328941215 346.211717868
183.58946973 679.881669048
168.513355522 593.891732292
61.6461977246 258.78497173
180.881559361 658.763638412
82.2536189162 484.569899775
100.813256549 133.725720727
87.0462582961 115.901199816
96.9554031899 303.681885064
207.308677299 579.37046902
139.693818272 614.573060951
113.408518756 526.906530433
69.373877266 217.18728424
195.638172113 619.907471184
93.8644771524 476.584373237
398.282007878 737.238831694
365.771247152 711.302884095
134.257603299 501.307013112
64.5387025036 140.533158718
171.252846757 663.885843198
159.85761557 652.467765591
89.0728572838 270.149597423
108.658802337 215.377254312
104.414709741 101.19100843
147.837956893 540.597142326
92.8047441849 239.740629445
154.400178019 583.717233403
173.412696255 608.078151326
