693.710034739 317.147959668
306.995452042 547.42206613
262.808085381 720.385978299
322.62404407 563.2971521
193.451664902 715.040556928
147.886507052 686.101606941
234.617185713 629.117399765
681.796549188 714.392649362
325.908873504 361.379021155
364.56505233 668.814859609
278.217257552 442.447769383
285.943136792 301.176872467
120.419838163 708.04629404
248.631925404 450.704592311
119.766244669 730.779655308
367.042318695 645.379403765
330.91347061 639.0396584
184.381041322 696.181748677
215.701485649 729.925569929
475.162002601 710.553296866
289.460123271 717.287937574
338.810060847 541.90111865
153.04877257 765.585797705
237.148852214 669.566643919
198.070324131 672.707570342
135.234661197 750.283928815
127.171326122 685.381137601
710.29430654 737.901659578
250.895713805 327.06381239
309.08273418 702.828183408
441.073467753 730.633942121
246.523526608 380.981542151
556.720618912 763.491430566
258.925041675 426.741189411
406.674896829 731.87856629
311.353931938 582.408101453
418.443722466 778.939967554
689.144241283 732.731936029
270.971420932 358.705196575
270.594157138 291.221769541
357.254089869 697.705479355
160.306895025 718.442302631
677.341462806 298.296818187
199.290678364 659.015651699
169.023642668 673.837991068
295.584708747 385.235188168
157.514760943 732.043579173
207.935333025 688.468788608
150.260501865 699.498477587
405.584823705 760.02791267
236.380622679 397.597102322
238.821190845 691.283310821
445.614317396 770.488512104
305.096161135 678.594043708
178.582045742 750.937689456
276.586699025 547.260238149
278.666473632 684.868616154
496.636537523 745.258389878
523.251038067 717.093593948
586.831694352 746.115149786
272.91737671 658.797303847
640.009683342 733.948990896
358.596074487 634.217461251
736.324097487 742.759239736
303.577403001 530.173066293
312.080678585 639.663325924
293.336033868 420.363058996
240.803847274 715.74621317
214.203388878 705.580550394
199.54120175 683.047413853
294.423380238 339.36908812
274.965762544 702.110488851
321.521577415 423.937866873
282.499020111 622.877107115
631.364432747 756.090884086
194.502321612 735.807764045
674.072486453 741.795488868
271.107724659 517.341651755
254.366869807 292.210104469
339.710086166 333.655650401
278.368127906 323.782348322
523.517499699 738.593423685
692.609414761 762.208334474
181.521746091 715.720257641
672.494601078 322.185971596
341.147747648 667.156936157
269.352771309 394.88882496
436.58594265 746.967946746
444.437815761 706.095160412
567.868426612 727.887587554
140.954470111 663.573242793
262.791288723 630.183793441
138.090695533 715.965242144
411.213257006 276.312407907
228.841510349 696.109022302
316.991929185 321.510993011
252.713506071 357.964642094
723.46815812 756.020571365
259.720172499 703.411249842
291.309922295 591.023803604
