596.293980019 229.662905357
513.982188021 131.750674856
522.927870956 198.796169466
488.78898502 614.301923634
403.313448058 134.649602437
363.558887522 294.845162924
602.994483894 99.9697033529
594.365376223 81.4861792236
425.013317206 699.420360476
571.544529857 272.575098119
428.969312651 653.883670851
307.650208092 76.1636974787
630.385532868 207.449495977
369.785243402 189.638129366
601.828039932 186.712387313
306.256866068 121.869267171
385.465114001 232.590862799
491.708698915 145.172595703
464.254347128 105.362572329
487.213063935 356.046866531
471.391352662 95.9015285982
485.334200646 162.956491595
570.859338574 168.024908447
410.816279933 294.300604022
461.566409812 132.221955014
479.272233784 108.727891097
489.575877137 169.43673707
540.27874195 110.361272838
508.937736856 365.514630622
295.638533515 100.636527953
409.130409817 107.770869729
482.174724191 686.862538009
501.578284273 325.368169124
375.357107284 201.274683015
408.478524459 678.356967326
512.803849836 166.774583273
421.335673087 249.427130333
437.809285736 678.886162709
441.815141468 598.792664228
221.21093796 355.776143169
565.164661924 129.079294494
552.575832486 109.089324139
545.024486841 126.633951802
473.556683529 141.942956483
560.307386029 99.0717992725
421.821329405 623.062229452
458.750132631 246.464753145
427.914591251 287.205707634
450.11806216 639.316147179
462.37125583 584.965352831
511.534349431 150.664146763
463.612725123 121.885587277
390.667672292 193.99162182
621.316089303 236.893350618
587.881469279 204.421660188
639.263035278 221.65296638
384.868640852 313.591044496
409.598802937 207.853756891
539.859119623 171.766154031
494.743167262 98.7197641329
463.05546407 628.507150284
510.821637448 244.13532238
514.795271729 341.806105573
471.468336072 132.460592948
353.572456832 93.9244187157
278.624028624 114.274644307
545.351916545 143.880628603
327.04765305 65.1626116637
437.95464929 122.845434052
384.30923124 270.11825692
442.988475538 698.815075821
398.858205808 583.580955703
431.7304326 141.160892244
478.495143307 127.26123296
611.238407259 251.392074411
464.609536062 699.959314098
324.988677115 89.6809094994
407.786516571 319.725017934
488.063812806 227.042239946
379.416133192 106.249964553
572.781408999 107.350235091
377.086369745 163.177776859
440.899489871 163.113718249
433.47515842 566.975655196
574.852780785 239.140904389
451.666565057 666.272878945
280.253518418 78.0652585337
517.479393575 112.454219108
453.373287751 149.092255361
397.814538164 165.630640348
474.439962453 656.083108946
294.047958189 62.3141993049
475.912908778 156.210818016
318.860804333 112.246401683
444.374215406 100.23196696
469.788202225 184.594047472
529.01012602 101.769133721
444.111933612 173.914034925
449.112499569 163.842413999
495.225936635 114.66878866
