624.092829404 156.53107377
198.898428616 36.0761884996
657.529047913 94.8892774506
759.07658276 451.50513255
720.639141754 638.826517257
711.776777887 561.398083479
602.351954292 135.610027198
721.705566948 96.9834158565
710.470690391 133.876561098
121.174810208 26.9254854787
728.647876563 188.349861942
764.528254756 582.563881022
107.964246231 66.5365464427
740.579271221 157.371614448
711.072957015 163.422221242
311.746660876 506.263531092
204.589241123 82.7000560679
124.218876433 44.5019612221
719.20937566 430.481953189
619.199882436 106.578328497
665.839974714 137.857364432
675.911739307 180.427525265
164.440267607 25.4878585165
724.109804755 131.516625765
721.687077078 69.0247312282
697.178567385 110.19465514
103.45525513 32.5658808491
485.139457856 54.149251001
184.409009828 51.8163476958
716.568118536 121.205654314
611.069696224 169.219085472
708.477828593 679.371460371
517.601720685 67.0711805259
747.805173498 545.399708839
690.697725229 68.5709821615
656.868169717 76.7651870045
495.852087011 71.0183500073
146.118314231 45.6787756784
684.785219993 53.4520492322
733.947682365 123.0520127
728.750894524 588.871021812
145.562713904 16.9786421438
705.561331631 191.165835984
523.596065287 36.6954581036
661.273904507 168.391724958
718.795579082 661.783376928
363.725234625 432.209869151
231.413548291 421.78359272
731.738402231 142.762570781
509.462071558 44.8328752393
643.335743291 98.1326798737
647.237743152 161.456727952
718.826704775 491.812413726
743.366670528 573.052929928
707.187298535 585.631255109
720.040070009 462.971261109
687.274905322 120.602833445
662.530251355 58.9011853283
724.872386597 167.854922209
741.340132254 698.566661189
591.417700067 155.941561271
755.952414559 611.20686458
158.374384263 59.1519686458
119.216006137 2.28186825133
713.662941336 698.250985893
709.297043606 178.34342499
250.977400218 409.741045969
668.22958531 202.590156158
733.490713613 674.878954746
747.924209492 180.998920475
705.35921873 60.6784947202
717.946476157 38.8835244585
680.328379708 87.7086160984
690.014163944 165.173920912
744.076258203 474.494454268
132.969389262 70.1509199538
692.786469055 91.8565787285
544.431740243 36.4070630761
708.597326496 87.5933772238
662.485874998 91.5724029624
626.077478462 124.428940437
693.463375379 124.988264189
683.184840066 176.540070598
720.025131683 552.722046792
728.31953534 612.892888463
723.360351555 154.634334041
742.081993881 446.009568554
686.633054832 197.680842693
690.635633512 142.04722482
724.766374632 179.475082955
657.378254098 120.782626451
703.159432912 147.908011117
680.454375555 689.959096195
701.427810358 41.5326794608
216.20685678 55.0975746207
711.61983057 110.935171311
663.806477112 101.279814144
683.964923055 661.755715139
690.746943816 157.97730338
666.455443453 124.696751716
