420.945443636 475.938344349
201.773953391 397.774416478
585.473296822 470.743944086
546.031973367 226.405318015
120.604196156 490.82769424
119.417348409 565.432444512
122.291717022 553.202354578
426.19901838 461.84273916
202.719132895 515.220844664
202.111123202 498.088544496
137.23907697 702.635798567
398.431417338 490.522068903
157.742154405 530.792489621
152.524050436 689.044368753
144.059164517 489.999188257
136.9640805 586.665593977
440.875628545 493.642362976
179.765292087 488.331149863
299.512586222 462.290786535
198.641694562 382.333054945
245.766406901 442.000359729
619.73267118 456.946773797
557.919597865 122.599483466
199.795176627 644.297531222
598.826515734 452.429860427
123.474231551 609.50461714
582.588768326 418.99213461
209.853367283 433.794692055
661.40881604 414.442280834
135.804036412 380.441713481
259.390569541 462.905905019
195.121675188 685.972987331
196.698762631 557.087310566
190.264582219 657.47448883
671.205213625 465.422979363
193.335282228 613.701017377
388.764012068 472.952171181
105.753601839 332.001609143
182.237902533 638.536344043
699.314821301 459.179478883
144.530123982 285.776391644
312.799890307 455.681847333
177.777724975 450.115122131
161.897643419 570.781911261
555.204781452 444.598071173
169.54726158 714.198600748
178.421559112 663.92080808
643.182528178 451.335146022
192.985737273 699.821759616
695.826220932 487.184591369
126.704076719 326.078774194
156.873541683 373.877053165
143.80725701 351.322810435
131.653788344 538.50069912
527.550972948 216.974601953
171.601481721 515.453106249
171.482417273 684.419595079
238.668869921 429.776972059
174.80021367 701.538838179
227.912872051 392.515797194
621.517548089 493.97782764
155.147076962 620.782332386
677.99583827 444.80775437
170.757451033 320.171175173
581.029491271 444.434029315
137.287434977 604.774414147
215.849232204 420.880191346
166.078352129 352.20652402
221.166942763 451.873724443
281.153416613 484.335898332
174.884314593 617.156186461
169.054258049 555.03296483
252.237074569 417.10391326
167.606434473 608.723889497
116.576860622 296.151325174
559.658361236 145.732851501
100.633209294 539.489103501
619.439224876 420.992944302
286.582313559 434.233285397
188.493966412 540.554581092
284.120083516 456.309283636
412.972432719 511.813851942
152.281995806 323.606775559
164.403563817 505.366021122
109.353959762 533.469508128
661.609779582 498.235411119
216.410887781 540.473641041
173.577799387 402.496077015
181.193635118 596.396791278
127.347698063 362.609409941
651.294447852 477.344480621
141.180318228 308.136491757
138.285995185 687.366008897
167.60901577 671.393387516
136.700376093 631.719428828
155.123053987 587.922603331
405.100979272 459.995366995
168.843021024 655.050846517
139.861362352 519.222775434
117.094917897 521.323080714
