545.505665561 119.615616988
430.209849393 520.08274033
127.070850851 132.826118006
432.508179503 700.05377003
496.515446077 131.236828705
499.266970818 314.731624149
292.615244538 309.641222001
581.54649189 107.724809925
481.635416865 77.6947435661
449.273342999 362.370538956
475.053962215 159.760783547
514.941126774 109.686505186
513.798067886 193.654092087
104.262982955 84.3503972372
87.1586951887 105.46303832
405.859624018 683.409671938
111.161391186 110.959747533
481.2381897 62.5947265993
440.078432893 620.828290176
456.838831019 117.755232341
94.6736970847 132.64416184
514.911667568 73.4868416164
117.254528092 99.1890303679
311.976044578 339.748227025
494.146351124 102.89981721
534.967764241 191.448007681
63.079288793 106.576917164
542.069985709 109.749348927
439.756348247 80.354815191
363.798927332 548.606963786
312.953603511 293.638724735
542.719255625 134.912852474
501.361268707 337.020931033
495.648993053 154.167728254
420.05401897 676.026587851
444.750337632 699.469444301
429.263512846 373.568240232
570.331989013 126.009466005
517.1197306 145.417136304
482.843254714 93.5062911609
368.087596288 529.787060072
467.129596065 106.451383292
474.708712935 139.513552704
484.04059925 120.66543474
504.001208113 126.085846486
550.426354944 147.194530348
389.936073414 629.511490859
415.941390014 689.434308742
564.873831376 189.690552816
444.868487678 334.457630956
495.224719544 114.281075247
405.458209136 645.504527683
387.136288043 668.889544349
85.0435393112 126.111736703
381.972773561 166.478263063
566.009704515 94.8972753887
472.692692281 316.237178462
448.066525541 654.635285834
426.967397728 110.885847092
510.991606674 160.721591891
551.588148023 213.338849297
587.636493417 131.465515836
476.937059683 345.530071676
459.127927861 96.3288231005
336.278876842 307.134211184
523.501224329 218.819605648
290.955931234 332.005054328
454.969311795 343.065483149
418.453590953 546.0239352
454.686659122 64.0362453398
457.976740716 83.8567343599
67.2415830093 144.15886474
415.446728276 134.001307089
448.369889176 681.012248308
387.305727972 531.558133014
439.64596446 113.234375273
421.633908913 582.56465689
317.469903999 315.668897465
501.49315143 102.8144731
530.124589248 90.2494492149
536.186448552 97.7315682969
430.904048088 142.74102951
395.354411269 566.31764242
335.157112139 328.938978409
507.385422846 135.519224824
120.855475482 120.683444043
523.753506515 119.289484292
374.720924043 650.404978902
77.6740531919 91.7438448356
561.654530029 158.920817956
445.415952829 146.899743665
428.885527175 663.937545852
525.752935393 170.785348963
496.613106677 90.3480449
520.66345285 426.920250199
517.754805549 83.4754951515
462.813743585 127.821267318
586.106169537 156.652705014
56.2691152909 135.044531801
397.267482053 607.724225178
