268.521587349 656.595599667
616.235587764 725.244160248
412.590036401 685.360908713
432.923652302 656.055164889
491.133252013 227.341503111
467.885803981 223.556478364
491.771880714 449.816225319
682.794811954 741.741222017
372.430320912 728.142040467
414.974253741 586.087823081
342.797057277 731.554983495
119.662891095 766.550690234
499.503746813 250.309603816
399.101518899 738.588700007
459.623585659 514.396811641
382.421196431 653.692836579
336.490345469 678.531315035
420.968809465 640.836276637
725.072797997 741.4928668
526.795157026 664.704483518
510.343597937 693.879721555
134.338090147 773.663606477
506.676345582 484.174369622
423.677963388 554.441455612
197.244613514 725.987211124
400.749962523 630.163340171
692.22162719 701.041473515
523.038233463 678.509806478
749.367204899 768.075846867
533.405477257 238.058632282
500.495375134 700.25808261
370.707253133 702.818003653
498.4600527 429.676772423
343.609823182 693.057416955
565.37202033 253.565539692
270.272467445 625.974190646
452.922411283 563.114619248
488.806203463 654.02074577
674.429433528 700.804807812
713.552612804 764.830681212
498.114107675 631.967036076
748.711662467 744.011925072
492.96869865 182.450548517
552.834063753 693.807818339
637.363274483 744.020281683
445.127955365 709.108208455
178.291581841 702.866987599
706.619496288 738.3563467
422.528362596 697.949899274
454.534923869 667.558050771
562.329070548 670.286486915
514.270985656 451.327552147
590.052433204 697.902196656
439.759129434 619.788703034
461.875277619 594.846558375
483.404959487 198.242898732
109.680733162 761.59648888
660.652960164 735.185010306
435.968615626 682.190231059
632.266998705 700.520263013
133.13103936 744.702176807
486.79179222 714.854890159
735.810414628 767.904237984
634.825111991 675.399356944
146.6306013 722.801700718
256.800610349 702.41600652
461.561343393 428.134062777
661.980149618 708.18967512
484.053008456 690.008261121
735.581180409 750.065040808
334.215511542 701.860650186
441.881648299 589.004480452
722.770474449 698.910106955
99.6004350019 740.800058225
485.715236126 621.4022468
458.385957954 636.097431297
424.905687236 195.168920314
708.265136223 713.830166136
744.118272934 712.610977538
478.968009548 462.005308387
736.434746887 720.230229721
380.443690983 682.617029853
604.281092879 674.60592884
389.703510409 658.278313867
455.246292882 204.251135954
387.160819079 664.956714693
116.665524713 730.971524008
508.469289749 663.996544038
99.1777922851 760.726914531
517.782504453 211.901790185
437.138533578 664.407269578
548.792941188 653.742351723
340.885004252 712.031832819
460.247995974 683.363981044
414.058802656 667.84746951
478.60231632 659.835474492
728.217995767 754.544399129
405.876320119 706.623515053
493.018114236 670.398005281
465.800697934 175.900316555
