155.31428067 403.041496317
116.970440375 515.643122792
124.184455499 393.802867328
132.24648099 384.527053685
38.589894587 640.78825548
57.6367872969 278.423221944
98.883401305 223.308947981
74.8811882727 202.049250027
169.923883435 391.738893126
44.9675251293 698.92945073
150.212258321 484.92903786
103.463356129 465.606672946
147.107675686 453.771137092
62.1554501476 660.372435459
502.908083668 546.470528105
28.2059941609 682.813848497
62.5807237962 693.200280572
175.792249698 462.482424877
92.7248062045 444.436015038
111.004170792 420.074406051
74.962797386 524.900678287
173.110893395 442.021002456
523.343256622 568.29909281
477.351807426 581.722388053
31.838790761 547.012423972
4.8368373817 659.352485965
50.4608834309 157.208737035
66.2286147462 123.398189535
546.243701287 562.035144421
71.6640161408 507.877579242
502.090734243 587.266785926
105.756505908 318.18971845
102.074300411 406.580952392
87.1046554334 434.876856836
141.206433965 435.495052397
89.6966115624 395.789148302
93.3195761221 540.817150637
492.896925626 613.458109208
77.3648029103 337.298869113
46.7810544496 572.815122515
36.6017703427 232.916002414
119.33410805 458.720666968
530.956962556 615.629659117
7.5726932255 528.202994272
115.506007243 395.817824025
79.6463113612 268.488437335
88.070730219 163.240950572
460.689078601 150.733865176
113.581531938 535.178526943
38.0054441097 209.165967554
85.6861071285 475.620232851
5.17627085182 700.494205257
103.638094887 380.262266282
148.230064609 396.888202129
561.11563081 629.20085716
96.8240056065 492.094472765
47.1350986114 677.145728122
124.598028246 431.266215915
556.890391917 594.581853697
106.266023009 505.283409127
56.8007223993 136.203529233
136.934907557 472.380809133
58.396504137 208.08794667
34.2566070278 511.366325228
121.635489968 376.42199892
48.0312382054 542.768414751
578.404851143 589.268771661
8.9377678655 513.27726594
135.819116201 430.510288792
143.114140549 420.595270679
142.986310165 366.457581617
17.3571269324 699.816406663
65.4544600972 94.8709329818
21.7594160515 661.489061946
113.668480332 361.928202564
8.07843847324 681.495830945
106.629022328 439.361469321
55.9564451948 116.080342953
41.6502069669 188.338481403
70.9413616235 243.419639613
71.8233049134 146.004779678
156.553559673 510.496855291
48.9069609693 101.327963235
35.4061082504 173.244156585
165.669565943 432.408369318
84.8536995399 372.675768419
19.068918919 565.477379099
64.3298417682 566.099016873
60.5760416059 605.727912655
50.0141057376 133.085429711
584.842364834 622.377241469
81.0604236137 414.567647851
83.9604142408 101.805826903
132.150867467 501.930963392
119.549025922 488.279326933
93.7272348871 117.749539948
40.1042560282 593.148173839
72.1010750787 175.040337801
65.2974517421 107.215397901
20.1495464925 490.088457313
