136.929499892 551.891892396
127.396509867 497.495067924
473.988681968 194.207221795
695.877473927 250.015757059
26.8882556188 338.551733599
109.892574206 113.856543514
199.072264067 210.880304874
148.10974147 40.8357262792
99.7782582421 325.232553137
103.751496241 259.467265523
64.3233134248 752.51227231
131.143675249 78.7569886522
51.2334064518 357.441938417
360.483132246 331.398362681
44.4389226163 329.608690421
186.111654244 263.273656176
149.567283737 121.107574123
85.3761033606 238.808548032
120.933896937 72.328166812
555.440067758 251.948156693
111.541041895 28.7120531197
505.617434957 191.354304006
337.20650889 300.891814985
101.409470246 719.212197354
176.229178208 75.5975725919
157.43298766 190.103284318
619.147354269 187.688031933
124.418171355 39.0093872786
698.94983834 212.127331338
142.75825987 245.217011257
118.721267006 50.3354463479
658.610693895 251.9659927
459.142224411 267.581192208
71.4455527532 737.042624502
490.591413283 230.408976867
355.860078981 310.443630439
151.478286093 58.2418242453
103.084806252 352.288381204
58.08667408 706.597341816
699.994240021 235.69505911
405.842935597 125.404114646
109.154643209 65.5759956574
157.016960945 224.621877148
146.335952535 115.915541319
168.885780956 32.0515246428
103.316802043 747.318825495
106.437789839 373.924405255
493.42947795 213.35121581
441.985557963 309.262682919
674.110948675 241.30179834
114.553325402 222.080791576
109.566536427 194.780765472
123.179366362 209.252252598
67.5271584496 375.241652652
274.614916994 445.933164127
68.3185135902 340.138012085
48.2592407334 740.730569272
108.769203972 545.474391177
90.8214566429 744.37694109
141.445446503 24.8528426534
446.203498049 228.497537788
174.543915566 245.194983215
647.939076436 225.81007535
112.175833513 520.726670918
169.057764061 63.0397289226
171.874841156 224.118729134
134.000570907 533.237465861
90.0151449524 182.124231756
110.989825824 181.603403314
109.522872167 90.1228371278
125.423475808 343.371445851
124.15851124 104.646563035
161.911869667 76.7299466424
193.250695046 240.328103508
70.9859041522 209.630146157
465.806007944 246.295740599
22.9066350226 383.891628899
675.970487246 213.787450599
162.300952412 91.2466496246
103.683314377 16.5606477463
136.025744581 59.2190875694
142.875175757 93.0771862784
86.2281403818 218.415657559
95.5650736524 153.032606392
51.9131151817 395.715397458
684.580379977 281.026248615
150.167100697 107.537198476
137.57022039 204.460418003
332.308939966 341.23189402
140.310881543 268.878006424
461.46380503 221.966407248
69.151298469 184.845133346
91.2262200642 719.464254098
114.211064733 247.777972836
111.121659813 151.685458274
136.810595079 121.063543503
151.843106648 17.529058384
72.6788221121 725.046633855
8.83785703994 353.388163614
34.1696020671 369.178241002
