635.296216349 704.441288586
688.377076726 650.344968617
128.85255466 651.771544844
661.956389847 631.263559377
667.055075632 543.213085441
677.105989072 642.318459134
740.669196808 635.984231085
706.888631256 621.350571258
598.939464151 675.789646681
254.183266946 691.555928756
566.965933384 681.100084171
279.086871381 700.137427653
694.716646437 612.733837633
101.361225262 627.043143834
292.670301932 680.241539844
649.043663912 373.886398318
580.108164971 635.300081003
615.254610815 387.401685885
707.774193752 665.9547182
604.805720541 683.7605916
729.228346548 631.724267185
115.880974021 637.329009945
753.367606932 617.638007781
307.71839151 513.668044031
108.800557241 645.21858701
261.338512793 662.66042549
726.960648044 641.397940868
604.275661652 694.498273791
714.240141502 624.78909157
732.117956237 606.079913683
697.773646162 652.379174581
634.63097352 650.473209116
733.556450513 660.057863581
341.655946981 672.108266233
681.396936927 699.982054261
646.335188993 721.297846253
686.477336857 335.1227491
612.456378109 722.401834188
760.889332081 653.462871071
698.193487341 680.795301079
113.742183917 670.50083581
745.831022766 667.344245003
712.942633521 495.212649643
630.928455329 662.883364038
717.961693446 585.639925529
134.932662188 666.77229585
329.079689253 592.342681221
717.063627376 682.25224336
151.487248077 642.450051072
381.754595055 645.601220401
735.080687499 475.754720931
752.812943155 631.400072848
717.373539717 636.033978733
666.9097339 352.274321674
657.857381021 658.667299324
699.864433244 455.220761491
135.137575382 619.093166191
682.133854206 663.842346618
358.64728165 625.343982954
699.491876796 620.875313876
228.691959219 679.923638041
650.127135445 680.550077638
708.930481129 682.044190519
721.694770592 654.198336226
288.79165428 650.485090994
636.756122087 694.869050969
716.830017118 599.98980813
675.724865052 684.955084943
692.113504236 672.912968172
660.235069245 695.204477746
317.494733852 666.200895051
711.021243094 400.416570363
757.257254446 679.133004239
228.992080418 647.105250858
687.859902152 605.073700624
633.184298668 681.035761591
629.371878891 355.059271342
725.57154606 673.101769771
773.403589334 635.254465004
734.103735741 506.700084059
727.072894684 681.286967425
626.376656634 628.974408904
705.301546719 630.671469011
692.514596631 375.003960505
728.902477815 364.743151156
675.308482423 392.52892373
300.996732551 490.95613424
589.177567224 699.179424398
114.434685229 604.549279313
707.611036594 355.567671854
89.6595172315 652.437318828
619.321341485 706.256624378
313.215503066 694.318956048
694.971483748 638.950919711
366.871591715 652.285709901
103.040756338 655.264318278
745.055294233 648.607675688
596.379094458 657.500952578
269.831186632 714.63762302
660.609276629 331.257131884
