175.012735326 262.260276573
169.229403763 736.456087021
249.13269641 693.132978153
214.125208295 774.579273084
186.677440997 479.645484309
316.863485675 706.206529307
140.632137811 351.138209099
193.572859489 124.826342879
154.964169097 165.731112729
260.607592684 715.525228737
302.058281483 674.669312778
170.255601339 236.853273906
354.938993864 711.5876378
262.532209139 655.201059593
177.947764699 694.127259114
184.40256426 778.958958235
234.961167281 676.811220426
146.780690767 117.564499549
251.297437073 721.598362883
167.742083395 332.789421996
224.525278726 706.402981463
149.757453754 100.390801195
251.989442558 667.442186731
151.970722023 421.46087605
165.009339193 309.688172164
377.822403947 706.759271865
150.624129833 696.253437184
166.457776945 198.660131575
129.175969327 153.333239157
151.327686844 755.352887776
152.808864907 319.464179971
190.521966296 324.273535926
308.377747952 715.020622639
317.738088099 668.302848105
168.372707861 776.497700202
231.640953329 767.62062982
246.896914199 710.970145507
187.351617664 179.614411484
325.793539955 654.562200508
153.96354692 238.173330296
119.969010516 736.193804912
172.938166951 367.268803307
174.657848566 517.780673143
192.567864075 417.723055792
192.715688019 454.439711899
206.991853282 311.344201079
130.439211729 767.559172295
176.898025296 795.736424241
384.207788083 674.286709215
268.678848867 693.601933884
187.248242967 352.845353961
212.26666171 747.423863126
200.972927918 771.525566137
220.666174834 692.163530147
160.547276182 214.735683282
190.615441397 101.606732943
281.852167231 682.104223198
255.985250554 742.784383064
129.408976077 208.198992966
339.224479891 690.656056812
402.188604442 713.630954629
200.156927614 153.119804513
296.335513929 733.638642755
162.3611431 284.26358406
167.899017565 399.075074504
380.644800272 733.300845582
140.350743187 385.818082656
288.261093129 715.91248086
233.444421496 720.193739096
132.261960429 126.38705336
138.764009699 179.136591579
189.566230389 727.081185991
149.251439592 282.787021533
255.850103833 759.582208226
195.939368146 711.231529467
142.60414559 253.401366084
233.434582645 737.157478396
161.672933503 379.71952163
172.174403762 153.546267938
172.746158418 118.927209381
184.173427909 137.092039608
162.524238964 351.15610393
106.393812757 754.318980292
155.818236461 502.818077116
188.899935817 503.746176377
298.719271512 686.090074032
184.393713403 296.535562918
197.138087546 754.842225588
196.382212988 673.858658853
201.227461398 280.450049163
168.437003589 455.628635379
229.694808865 757.560964271
360.778018808 683.893445824
162.543111876 137.428905932
551.102856489 426.038198505
179.81578159 99.5859602809
169.243755955 486.601376005
199.954867144 226.277980355
142.37471916 727.620145276
221.403726175 731.53187289
