422.565755374 198.560724702
762.398885327 372.447596766
733.444211859 329.24563536
332.697269532 347.795304168
758.844375822 344.414186017
303.77579596 337.276725195
565.065561888 330.221563206
707.730774962 347.562564575
408.263473741 166.079172847
709.474752809 408.860040955
751.242447363 316.299809631
305.267814406 352.663979317
740.515837816 517.29721361
518.184697189 371.874890622
661.267938403 103.362025941
731.202196988 536.415839641
511.736118549 389.112504444
358.573864132 651.772171922
543.169511601 338.99376077
301.413059903 588.682544351
487.241640407 373.022234031
691.953461758 409.254279145
687.301596685 519.595594786
648.68642681 339.6007139
703.129544301 373.156420528
437.026929158 192.216186396
598.223164268 169.231872559
681.951612815 359.28905788
607.594157584 133.287378107
671.400244706 363.41350534
627.810077338 339.154632684
293.151911556 312.492482753
285.729017747 645.636000294
469.3511117 349.357259318
754.309725249 417.581205554
349.2207985 372.589554151
281.837529992 614.167327606
291.719992975 365.540511527
611.087956394 183.839281148
612.586381116 353.594805159
709.260750746 550.882211202
742.203517388 379.848346899
349.857316933 599.821111007
711.308169834 432.822543451
648.794334569 400.570262156
729.173906423 347.515612103
627.854635016 201.603055579
637.855111716 181.239335819
628.93317135 99.9271354933
450.047336491 168.084028746
721.000042027 384.581269905
317.220954617 638.732924479
697.433482288 530.203084086
735.496091406 476.010962996
702.939073862 465.29300883
690.210629968 383.173636525
716.690237503 358.784886295
748.509906202 462.036934088
652.605952707 125.779033635
688.863569937 326.377200582
734.633797682 415.26603764
447.963733392 132.307623152
635.457039625 366.675529532
624.295985835 122.975382239
728.030578326 552.520958565
270.919958407 340.084081543
562.837307922 363.121951913
706.1808411 577.572986025
303.509238317 662.453101539
593.123144358 332.068127651
426.695519426 156.65580378
352.413952267 627.352537321
378.037093942 611.769684311
104.960614718 247.669675903
418.310583823 127.078253068
727.604611221 573.268332795
301.043573777 622.809370193
655.915908272 359.578167318
711.696000026 480.848284261
674.049244169 379.699498258
505.42297371 333.071153165
717.983974381 411.167682503
681.958539344 463.100257245
691.313911796 350.645727626
692.076204448 435.933025217
716.483640087 511.576389616
727.387402128 430.645372478
647.79175794 539.670928514
695.774122737 332.744213291
343.293840868 664.857679002
328.119048311 650.63041344
333.259977869 614.967444411
319.374635928 365.938828509
397.725861748 205.375667994
643.672221786 142.973129633
685.427172043 562.290573793
604.939335007 101.821623856
313.134420664 603.031727268
619.697638781 157.596747222
675.055373286 330.893042413
