662.214525586 570.426990496
628.429412056 552.302907968
666.461107644 423.238159003
714.695363942 505.476760937
653.768918021 543.743387326
113.402183024 131.235750577
632.680015482 325.197448115
606.673597519 148.905833153
737.838741604 573.11528972
608.282376905 499.709918335
651.422231097 610.36562593
350.128822414 580.146778561
694.283552824 569.510611376
647.215231503 443.323379436
673.140393956 548.054104967
674.813339856 537.536039221
365.286371538 620.578590958
593.004841434 426.109101286
555.425887212 178.644135404
708.206857369 549.460544383
580.182561942 128.880233708
661.343555261 460.05839252
636.990697156 364.162645426
720.900181756 611.446291944
427.24261433 567.560270818
603.78612097 318.213386989
663.682198138 474.072814272
584.40947915 144.039604557
693.722031431 474.019601641
640.040363842 515.697879896
557.977805455 122.333877683
685.556224067 501.285772828
679.802302949 531.81125254
676.853657228 597.998495194
717.217197412 536.689655398
659.555257162 394.682695445
147.532387604 114.199425596
753.639872115 585.605718892
585.821109423 600.437016132
719.666908394 484.142662129
630.936627172 343.591092485
570.802643903 196.034115227
628.58132932 384.306145824
463.974391922 577.864088088
597.569333518 128.445528177
179.88544333 684.95947323
748.988926462 602.913100696
681.82017509 511.429609565
696.918040313 553.332295608
685.867982209 482.872377173
614.776266531 405.610118643
604.505735587 388.548874675
640.323086559 476.897269819
725.888541703 585.267626479
684.803841064 578.270826903
709.475566355 568.220938511
617.993485601 587.816743995
606.1629321 563.947218824
695.780286318 607.349775254
585.527031097 112.738919634
687.258267907 524.593768854
656.550793383 523.412171366
675.880725236 441.224123377
597.148805725 542.472989903
388.534989011 561.48924299
646.006008785 495.419195294
639.150606251 551.27906218
590.19788221 370.208757105
601.173626673 359.047324643
127.776598393 109.152155537
758.930404819 563.438366454
133.902262901 137.967364958
389.210904115 585.660513209
618.651245573 368.102354291
586.894578253 404.514727987
732.073087443 541.023003895
651.584315737 554.321384107
693.685858392 453.277301019
442.68408468 591.732718798
559.649046217 99.5302393021
579.426622245 168.889674021
368.339785689 592.322749296
614.879959136 452.616503361
335.063093346 605.500734317
701.170487403 580.817247442
736.406792778 518.832860914
409.851900077 593.674226882
606.996392381 335.004047845
635.576265578 411.114786069
622.195238064 488.004930236
701.38797246 519.986361368
577.164762181 385.776620846
687.274457138 590.812771569
611.758980646 425.061247144
580.744510459 338.680426488
323.93931746 578.283000674
585.484894897 99.0742268137
637.228560441 571.385782356
639.943796417 528.70219959
673.407113944 556.626085716
