354.839672341 648.820758091
439.071810355 575.755830617
160.629171884 635.214828817
393.954795559 517.244045128
440.433668544 510.442958746
407.145707028 560.896750416
628.597165753 601.905117844
497.852090331 566.881357392
338.084597929 543.040201497
171.831959901 562.516048439
317.536703257 540.124835071
208.095219749 584.56003455
441.727220939 550.495842848
101.584374039 616.046252732
215.298178815 555.318013204
354.571088524 406.365799074
340.196817355 474.983773587
329.474119754 432.790952966
546.249425355 633.630121113
329.758311198 599.959058623
603.768822033 593.867852269
125.467794985 619.269947377
668.962343523 603.323323537
288.517583217 477.517402584
128.496210888 651.583971792
192.956082923 537.030499707
653.43889128 614.011897852
330.985127377 617.191036196
529.661132695 591.770587129
522.599329519 571.98586518
505.477673339 611.135643406
369.230934559 531.215205273
635.487279574 622.299694516
259.82842475 595.948730426
433.058195518 618.669371157
369.093087582 666.419794408
391.896115023 367.113462367
334.423501908 657.524232581
678.14298574 625.742822695
478.228870058 624.126053563
152.813218635 671.029311114
699.510547888 663.327119293
426.359801999 478.653339004
355.591111661 571.255142385
464.135879213 530.494351447
183.079695067 679.340981863
286.74591119 516.937904117
626.728102854 650.88501861
163.36063389 618.382698754
297.293219295 582.274263801
456.462975787 456.220625396
688.244833414 615.508916639
562.988755159 617.545815211
372.160708476 384.845061345
381.279113667 561.059365879
415.668953001 456.457021328
140.634222095 598.295178448
417.802548534 584.824156515
279.757514345 556.909805941
465.075301124 562.685036682
177.385593454 592.705343092
366.385389489 610.189455862
529.453762936 637.18887699
602.208951367 625.751731673
228.359060252 517.790214526
357.708040904 623.939668224
485.746828423 564.724937971
396.096163113 633.04821095
455.775961837 608.776283949
380.418566216 639.822328266
251.749552439 560.339027278
415.051186129 428.203141176
700.029646594 642.867442051
150.033824198 555.56444314
421.188183773 530.788889075
353.691168649 593.127804838
335.113174949 392.734028617
655.888428183 642.195039015
701.022915615 623.844178823
464.931462555 492.941255512
675.361427228 690.085007987
384.486805906 480.771529175
500.501555877 592.826378574
398.081738965 418.188219323
435.995434594 411.54606962
380.147192005 427.886987218
281.468513963 450.546428493
320.745054715 624.927534028
121.229144801 596.900577388
412.291319386 392.893956304
109.59552818 675.479260691
341.868956594 637.63647062
226.091935918 605.288003602
472.985200361 601.665290547
277.933745946 611.860099302
138.963605662 695.840141329
674.432826024 652.259683587
345.513741295 511.788258796
208.361695252 632.960738179
365.895988595 364.50833344
