727.954578394 625.352671828
630.109643336 217.951120066
678.527245717 399.504223747
632.384265324 337.101865926
683.057135745 139.874320887
743.314490206 631.982271956
713.677241144 295.11462371
700.768928601 300.369983083
721.370152043 701.167862607
675.892967868 659.204981832
703.668708886 704.364130441
132.076287609 310.833630031
702.731158452 680.33155953
736.526975516 596.256033944
662.44106132 359.233910744
726.289319283 573.857229045
685.016777426 689.898463958
696.758074273 257.696838184
610.147082263 219.909559208
572.041437276 354.160840329
669.945502993 104.939015663
701.449611053 235.437723452
693.885334474 356.613808143
588.08675583 318.806443193
156.046264159 283.38457099
571.690046151 279.606124851
677.574488931 263.972246484
698.595556944 271.116353444
641.029282052 316.64011827
115.163694703 308.336884081
755.528169694 570.701006731
642.433549738 289.82543629
704.8216331 103.653149661
606.741230324 261.413425459
664.842327394 699.20484038
543.91577768 365.929444155
705.94683997 126.48961814
719.207675803 724.36911909
663.867497693 207.089811954
681.013290822 124.244497517
698.015385284 471.687819422
699.601314557 90.4616269609
690.125315989 378.677972287
494.776017593 381.585496985
592.034334166 282.175479819
729.174427098 692.177255361
676.806212315 282.832379565
686.700722051 210.437955802
638.960422377 250.425052884
664.13460236 289.122060474
524.431902271 370.824974922
544.807856261 335.335916362
661.770005203 181.949078732
724.468259579 651.952460353
663.891725818 309.328131506
562.909860943 365.905410248
704.610417727 588.384261944
645.912466184 225.697771223
682.819564925 319.074314272
675.193150825 88.7776609838
677.102163917 176.644280376
697.164254535 631.797188537
669.355524857 328.095586276
514.514289695 339.879539246
614.174882388 468.75361326
136.287750897 322.327549273
699.580330425 314.292289998
112.47794435 271.134681067
745.426505704 553.730529868
714.882167931 673.470380619
606.649650811 312.434062642
687.144032929 699.163079907
718.285318893 174.674511149
569.774661514 317.843075528
645.364879388 265.975990234
608.385824836 344.582099925
163.16269066 308.146354963
694.974224371 166.761847306
689.938997006 191.823792448
759.104494019 590.426742967
692.745737928 280.607508357
674.270038742 675.62791151
723.486922635 134.387172222
662.023093371 247.475203523
697.957910535 656.276210467
614.749396205 284.210690616
101.604874085 290.935165598
683.978550909 107.908441184
673.775978846 496.861354174
670.825580451 151.250456157
638.253354455 352.863483391
135.505228611 282.165333758
739.052471966 170.150294493
725.611091109 542.475992169
657.525883537 94.6101322736
710.259713464 148.748002349
640.673430725 187.828893564
681.306043449 223.59135549
695.123830947 183.360288081
597.152774505 235.158152646
