283.196466266 657.26118155
362.861902814 272.728681655
348.135786041 246.450623488
122.113752675 662.259972922
401.964794611 290.640215649
133.681977231 300.051289168
559.604878471 172.332440674
606.74015714 203.462893575
273.731733168 618.643323993
212.955299593 319.92091974
377.761694682 250.799505468
92.9213798462 688.000785698
634.146569665 279.856872908
131.288011411 679.482832317
151.290932963 117.546568656
613.054330888 306.46925541
98.4694192836 703.124901516
575.800433927 218.749227311
133.027839784 271.10409196
500.738008775 175.103859271
140.488329414 663.631747933
182.233263223 356.761653667
152.83705708 705.775151102
48.8510839241 169.82242813
608.063810968 159.81157229
310.307344591 668.302092067
86.4084182809 145.691423124
481.331353971 155.685664611
89.4961399071 125.254886754
163.022201561 208.54543771
91.6472644186 180.978329806
92.8082430531 270.509545709
38.0369315705 228.443377035
168.465678027 329.849627846
624.736092508 234.340429115
128.817624689 714.608825603
515.760968431 203.128695342
122.722881768 701.918011988
104.627004756 154.333478523
114.036427491 257.184366893
183.496486728 694.466685784
319.13201973 280.044169236
526.830565099 177.307292127
152.485564567 658.322690064
187.898791346 317.755344789
147.970139872 266.286199193
184.159407907 179.736012491
241.2562355 158.457655927
103.303465229 109.435315478
327.636734406 649.432302567
204.632342116 292.113999108
71.1572044369 226.126090424
165.773259881 699.104717479
609.466991683 280.619831744
153.23408238 678.67872784
587.018100124 165.468174148
302.198515696 254.690156951
625.588402824 266.592850858
129.240953388 99.0939780731
143.859005212 173.324412706
595.614049912 246.698109578
342.707705867 626.649778982
173.013966091 297.516596774
59.6540625656 118.222322382
236.109653517 612.311528732
105.245296267 654.959371889
138.856186006 643.635736068
178.929800557 713.659539793
534.859625857 244.30347384
52.9689471272 237.442340444
307.623421499 636.707811243
132.27982853 228.816947771
580.497568239 195.202686127
39.875691412 208.746541058
318.471940976 615.128367173
643.743560091 297.276083474
531.951484566 205.355863011
572.447246847 252.702779676
174.381027814 680.505465573
266.743683297 256.706714612
149.974357741 294.664890775
282.25786708 287.653808935
145.249023619 695.780358623
533.43148463 152.498711021
192.164605645 344.075560535
186.3735482 676.529085495
589.108446657 274.152045135
141.910428994 722.757907564
564.521534489 137.960184547
552.749183475 240.53981251
546.886914473 220.913856094
542.477108775 198.876610755
107.034314499 699.287988336
256.242445731 653.201143312
158.237298589 149.332345215
156.610634106 722.797054574
82.1848255407 99.3736598615
104.370422245 200.76501326
118.914378598 136.062316961
61.9689864063 164.934624412
