228.848202987 700.459202426
192.35263289 613.498960986
279.88365521 360.65087852
172.874942836 619.809940892
344.136074823 452.528296077
172.232960252 650.105291563
649.235498146 511.659836084
329.404003946 521.32915855
397.725079436 340.813568387
269.788263951 507.786641093
208.127229991 675.238821273
308.872692283 489.414125886
283.844427226 562.369526882
270.539026659 293.861024612
308.652335236 453.841236218
311.281939483 274.113613073
233.037479917 652.691215945
343.655436901 428.223933148
246.959457787 614.734050561
230.764538399 665.292455572
232.952669292 140.303023502
258.588313652 266.258861857
670.355355168 484.104114233
220.766897107 226.487002645
275.536510271 326.385372235
268.458030054 471.618311064
251.855398756 120.856493258
237.881551091 678.283403282
369.459643899 402.226671479
646.294707782 488.015751565
203.252615063 640.81392152
240.987215163 638.29251595
257.943461199 164.86538947
248.062084589 552.771445553
261.931007574 709.24369717
245.015200657 711.111027612
194.439829502 100.409376025
231.839649023 710.674386374
659.968077575 541.574877235
424.043084334 329.968632102
232.656210317 481.524348653
435.513594823 192.890944945
316.537829373 252.77689343
281.103041699 638.817772345
260.90814131 203.12092263
271.135730291 440.793306399
282.63840999 256.128345115
274.783269574 657.482612738
310.82963593 333.139957079
349.367536439 484.314298161
219.360923606 100.566582832
668.769731913 513.524188445
391.873021383 439.123253658
222.415899201 198.80096913
256.764983374 633.700881118
371.609877361 449.575707087
205.823060568 168.765768053
276.28036767 605.330660557
254.345513122 234.627082006
212.078884857 601.515262234
211.324819558 538.225656364
217.05813748 657.107585004
273.877369683 666.14237424
416.440282634 197.313896312
310.129867732 421.470400376
246.219258091 691.002681453
241.687622478 100.283766583
270.39418149 674.180990909
276.753619489 625.679064722
265.030231868 700.160328342
343.318240472 399.67510692
233.963729757 156.712943906
548.781798708 322.193849429
243.370468101 520.743216925
234.719024029 585.654578205
240.136928349 664.412213316
301.216379361 236.755706464
408.815509487 313.146582484
678.286241314 532.37938305
230.494670008 116.925943437
274.253635078 688.317613755
197.983677962 666.544816762
225.691980124 616.714636747
333.585909077 299.976193423
214.24632698 123.170596436
368.625062296 424.171647068
322.001549402 379.824341
231.803219067 680.784636346
299.444200386 290.656633082
282.46553543 228.344174164
260.712529922 350.405658586
223.34337552 695.549666661
334.510621579 482.423697064
267.517761673 593.827046398
297.518856939 486.34583585
255.566720134 381.610639571
289.346369044 99.654386179
278.276387775 650.897210993
201.854218786 582.303717925
200.446154707 131.395177581
