701.525837594 305.71310137
730.177673599 547.789550165
328.712488305 313.875387425
742.192881185 700.432028758
672.728574904 227.177216469
746.017578989 457.476934081
241.224843589 614.726866105
754.771080259 320.629827402
582.396961334 196.222825085
706.09237075 512.429751503
606.255291271 258.777926679
769.037346045 203.804598658
656.437342094 367.18289734
313.319656656 205.209244555
290.07334495 222.310771835
715.481504742 694.92390705
313.46977684 260.164628153
546.805215115 165.927837385
749.901101298 618.552699176
563.214484209 239.026858352
297.85214947 283.17111399
780.829045879 144.250277374
317.54128493 234.935366203
266.657705546 645.528834929
741.888458867 187.644350732
700.479717139 381.976104197
260.234328767 219.075863329
708.576442808 273.228686449
475.60237624 176.823668039
446.254805685 551.622926298
263.779153842 598.454678612
699.747053373 333.449435137
751.812179861 476.359111754
651.045977707 271.635960737
729.822222853 678.072241917
754.315766663 699.29785235
690.164070439 512.375665326
740.772510179 336.540428178
677.613509405 304.789419137
748.906974625 150.051169264
450.550824185 526.512702242
576.164628109 212.859965742
650.263392386 227.097982801
703.135580964 207.646218737
735.001256872 237.984106263
715.759682312 347.595722461
698.905001093 606.644786095
725.491331615 700.02387356
736.199820847 384.933337325
688.250520746 486.899277261
741.434721915 208.818846488
715.167278028 648.001063579
696.895678727 673.697707368
291.010354186 246.115272793
382.965834017 191.779099711
741.409023676 297.162768604
719.483716421 447.093401604
757.492720939 643.62382828
448.734063864 182.531539862
660.100044502 326.139546044
739.716750756 407.21105275
768.957279089 338.596176554
735.555260555 480.392401361
531.883708824 202.599934034
286.081141548 612.459403691
711.685074478 408.969115864
243.07784686 637.268456925
718.686281143 477.625619209
727.115985642 571.293693446
503.324380029 159.515261216
519.560898024 175.466829988
267.63889957 254.950504294
422.775696175 162.437375553
757.999997206 678.703830863
693.052022512 555.836429147
492.089688332 195.721489059
731.171136674 595.847060316
266.282259253 620.882639392
763.376157786 175.689640367
787.919398242 195.997470215
777.627314374 218.288710068
452.494721059 197.995353495
704.951614273 574.019202057
289.143297621 634.520644425
683.071178859 260.971786025
328.033682975 276.732685281
763.179164793 235.962622362
683.357122686 625.253275189
277.612023191 200.018858762
727.738389524 364.06937998
523.817115159 235.780485445
738.696670695 663.927069144
691.579676262 356.411150481
767.857578702 147.491131848
705.624163268 523.092939071
785.542615281 162.142057841
616.330410663 226.169638435
771.09793286 357.457570506
245.735205484 233.15870274
706.996808275 600.719896946
