753.699435241 657.660828797
631.945696217 487.762134422
159.136144466 474.400245551
605.304528614 479.647733556
599.434949321 414.627329349
613.161347266 492.689394257
707.419097255 463.899423523
653.106008367 453.248255439
699.977542672 559.128338495
295.537669016 516.558834767
706.775195601 599.626492268
323.185422975 525.685877791
627.19341438 448.364605511
110.916440423 447.434520061
332.387689084 504.756521139
690.364922104 249.61849093
633.779011255 518.99190032
675.096631423 262.069040015
667.66606567 499.100468455
732.889182169 590.985668995
686.660768555 460.672422028
144.628980456 459.817448407
721.858034638 444.148258593
338.418963042 449.948950207
136.173693626 467.400799251
296.554624007 486.221692376
695.269378832 469.880432553
734.12153914 610.172379587
663.774276685 455.269064382
685.354388227 434.470977757
639.047837934 493.725357253
646.679107644 508.557629359
699.708090689 489.17317821
396.493476175 500.808116985
774.338948831 660.981616633
757.423915548 685.248772455
716.98365147 200.876758631
730.390998686 668.142542167
735.678248989 483.320579938
721.826775599 534.410883431
136.637550217 492.17483331
714.26297577 497.571599991
632.531909402 384.295271015
673.948216606 528.919400336
655.794911236 418.333654431
162.363229004 488.998338306
384.329942272 451.819565341
785.23255007 561.806957251
183.300015467 465.697832165
431.996430946 473.157236242
654.179581013 366.053273148
720.196913644 459.779964372
670.375906801 467.060944385
701.691608653 220.255565274
671.755031968 511.315887145
621.820465103 351.383356147
165.452014209 441.856813642
682.750064743 505.111396168
410.848826048 453.766451836
625.407676703 461.333225076
270.649455768 505.069169008
769.587582154 573.487247161
784.344363202 588.586847568
683.228062566 484.766780578
323.068473262 473.921939222
756.191912795 624.055759176
664.210305326 429.264345779
770.302348982 602.150285875
685.390428859 524.904811203
770.181337236 641.487059059
359.217660384 491.231807783
728.986550796 258.299368633
738.552583657 513.191368402
269.811893239 472.059536965
595.850226053 452.26460051
752.678985948 578.918268024
673.956361845 229.846988862
696.551543847 507.524426358
745.539195795 464.503301461
656.144610533 384.407894223
766.513364725 617.919039011
598.152931971 503.308133566
641.249609942 466.759219481
711.477444047 234.489003167
746.04013327 222.940012884
701.654081806 256.970513217
317.768053301 434.450035663
717.468041367 630.163782986
141.748226155 426.895689658
722.300395601 219.458294111
102.796665704 473.23154596
734.761928329 637.26042097
359.836827837 520.663751123
654.63793835 474.788793596
417.239292216 479.675324037
118.860519124 476.263321454
717.763967928 481.131181442
664.702418567 536.056217832
309.342021855 545.608147439
681.702441772 203.712147186
