432.187040949 340.0627743
349.307790106 456.481568687
464.913569549 296.962987596
417.758520528 489.947263717
153.412935337 473.715498003
113.424316312 437.090610587
511.482453702 197.400094746
434.076608507 418.993826863
445.2405726 453.947449417
113.655134787 388.803872518
498.269610644 473.618243406
407.841573612 583.838852222
102.639217658 418.81924186
513.840798305 411.549416275
478.231548797 434.33059191
286.904975025 377.937258591
399.283714172 532.095365738
167.997174799 420.687341198
156.186210099 367.083389689
501.018335471 166.526711407
411.694244448 405.898789031
448.1976223 499.732256017
226.461718868 400.369267702
478.992832794 391.030692474
466.359979982 418.220940476
507.105270515 315.046235888
101.76525432 397.345405512
491.852611414 201.401891757
325.043880642 458.227886671
464.390466285 448.190652872
337.567664584 369.569807228
114.033343285 450.888125242
482.807605891 178.332695015
332.693147185 498.053813156
477.139712069 358.094221057
516.350216086 106.481655346
496.058170778 226.177858471
272.615969007 427.40071813
482.583170744 328.198431515
478.354441997 439.766090737
238.520551864 475.752072866
163.612945574 385.152834541
479.439086125 482.602723324
483.238946599 122.536846009
356.910805461 401.467898587
126.767202658 483.591143556
318.081616863 395.052785983
207.746413481 440.256375288
484.178233923 413.079728942
501.012734716 141.323705581
524.7558109 127.816658067
351.429469126 380.239124833
386.302962712 505.988051217
365.688056918 536.428019183
141.154417856 445.196466773
305.286765186 412.93111107
434.241455673 358.334832357
537.658218382 99.8794880281
493.82632553 435.515560274
361.682141662 564.928635691
515.527547321 244.735901518
390.455731731 570.502801532
309.678833913 465.457298005
131.783748922 396.291995681
231.143595197 499.390025554
476.86600048 456.284842963
400.618350421 547.138618006
203.752376359 371.471618055
264.586144701 510.683991081
519.554983797 432.583583751
464.728085425 262.139835321
531.559594203 356.21780936
461.564706176 316.258362067
492.60435178 441.56683322
439.000953906 530.270725549
128.423534916 414.35393022
468.120434874 338.24197618
501.427538081 98.9102923376
415.834410571 384.564009533
535.175498568 169.202241267
440.865508695 318.343754099
397.777938766 414.968145477
504.98233425 694.328309661
272.46196383 466.082796432
269.377490706 486.962903543
498.634355881 405.93438635
369.10975191 436.672437541
520.934556454 683.166799984
425.468273045 448.846370804
502.680911576 442.018496454
376.2109536 361.404180497
478.944282394 465.356855476
100.06820865 459.727903175
529.656726728 333.626936444
371.335740587 470.29175637
452.214083393 424.688646594
451.445572082 349.939772892
94.0746355572 426.005123068
463.235377306 467.402003713
395.374594592 371.881630608
