634.596254013 420.954914436
478.407437306 364.655851277
689.569983458 275.062486712
452.175085707 361.673363528
672.660929618 478.410640008
472.172283092 385.926613478
607.433708233 515.748434921
656.546949023 544.672513609
689.662549903 260.471758446
517.898015438 222.940389882
546.929097998 372.18686322
696.23904338 443.469836136
564.568481152 247.096678319
650.06164184 241.340571672
697.137742372 321.710633049
691.430327789 176.801058093
547.31758574 301.735403339
684.590292936 422.51258227
650.826488113 328.721487631
599.127591792 358.783441121
740.057447161 84.694014207
647.38679452 195.977381271
641.313174273 481.85490221
667.165000009 136.69956266
661.844459092 256.113901636
543.575243102 215.121370758
769.233557737 75.2720373707
635.949987754 372.095580815
696.972071464 409.592072352
620.770104891 479.289897299
508.565785714 359.702182751
526.033700139 275.907339339
735.678830342 95.0895870142
502.971314911 263.35099454
656.06921658 451.361617777
638.25384481 454.169417439
704.830431557 75.7523342454
619.896362527 448.46747597
615.2911906 534.810286837
700.355677757 247.841967517
277.725921031 543.776902807
748.029430397 101.981752063
728.726594103 151.39375499
664.678355664 416.768419476
713.864314903 114.642870288
523.163777086 192.490780541
686.367643783 157.3604518
689.684678712 358.588982173
669.981272241 251.790267646
669.728909906 531.034357428
735.018340697 58.9312490631
622.876856665 503.011157263
677.086104233 457.440737822
682.365308134 121.862405939
663.952185217 358.038655487
683.056305743 498.648304598
692.177164255 100.428468729
609.449627874 298.051473309
662.179992051 163.796888845
491.609486997 328.567350695
231.086137809 630.553811703
533.146463827 332.809565397
672.319598956 432.704264007
761.156708801 87.3644258584
685.31569543 296.747436696
641.687118983 427.632102783
744.738119315 77.8158307183
669.600875166 372.736802693
659.813327692 304.062376169
659.137394 434.421813805
681.947044474 391.904868686
717.250224034 101.888296269
688.451515705 217.533677913
484.679027852 250.312389576
514.146727551 289.100375377
590.793768208 337.27103439
740.300103211 116.915261609
676.61850655 196.342666248
628.330746131 516.33031791
731.876027434 71.2172082463
665.743815726 396.648195629
517.320409385 389.73444177
510.921451697 302.671545065
668.269457609 229.224188954
712.59654205 79.4728843313
693.315650962 423.869181604
692.59597381 286.645416148
592.485525495 382.029632276
648.034400762 218.859528256
701.405393968 137.557232876
663.105612185 263.96112318
560.148105022 394.72431353
649.62203069 495.238325326
591.413239906 287.037138623
666.848304324 294.507703441
650.58467422 273.476672326
750.229246014 57.3889391228
681.561756321 324.482657572
471.53769537 327.714359483
687.996107731 83.9864385542
