461.367845686 466.095312839
635.559781372 600.656802095
367.886608662 585.085298297
578.154035051 697.296746773
448.076218603 358.049929869
505.853202198 583.835431769
126.599480575 662.428007933
531.864475046 486.857289917
420.394067814 407.91145301
473.004406867 634.28826927
420.946998013 479.841368524
520.209071558 248.035861333
428.036659963 536.038500886
355.692108486 488.026935638
350.795009614 503.976739907
517.471997723 687.113358927
376.233184304 536.458127646
420.625374244 373.260954887
637.249665351 646.333375472
399.981263965 474.971890657
342.513362819 564.516749479
580.27358095 180.943279387
361.47076395 517.037714643
145.365239309 703.922898683
487.129420595 229.734439694
460.300091873 537.231850766
322.780460104 499.774456887
462.437344116 394.957333735
397.671757102 432.686891607
393.771359308 617.77401866
143.750803111 648.279069456
451.178923977 477.883923305
541.436746583 568.789824325
425.823647018 451.925542068
536.671373303 668.66673793
594.873088422 702.472694893
443.344198133 636.886087611
500.475894347 490.967129654
440.211654533 469.726030489
528.107481216 187.271605238
408.582541092 582.488880835
411.123734755 442.969994944
438.194946874 395.014007141
440.446049411 283.403457027
473.668533057 306.944799684
463.252334954 484.972525359
530.735671271 621.404552406
543.65320601 700.154967835
484.721895452 520.424155807
433.498155898 608.464706625
484.557237796 268.986757988
529.962014019 646.773895802
503.824394443 663.00402728
353.210851698 525.234377766
366.975177772 463.243382959
485.923802425 404.211190984
465.932830127 574.361798362
572.438044519 652.209521253
377.134738673 447.177304109
431.538424407 499.56982864
493.865812965 545.584353516
550.246389117 503.630420097
494.595941441 598.688596929
401.101878628 453.639102323
160.935750591 671.930515241
462.763905892 550.627143297
125.426681364 699.714622798
475.329483876 604.291016804
633.448608742 618.554588685
393.066074452 382.29196561
401.062430026 414.556026122
340.381746953 532.860005827
375.611988296 425.920328031
566.94586335 686.061211465
572.816642205 587.985672616
384.404888988 452.228512516
625.798650897 639.582612936
137.883053231 684.106660385
529.466573125 215.462300407
548.753706596 246.461849593
529.541970515 268.759512117
387.432227727 479.758004172
617.437709592 612.335797984
168.301202149 711.800091958
453.927111697 436.8912829
387.438785372 547.554670623
512.510416526 286.183002439
510.662151223 634.622419056
329.167188911 481.697944532
475.651508058 500.378567798
406.84653731 500.704370397
553.495076097 656.014611055
451.846878479 513.11997558
561.654083962 187.894888946
620.776602421 582.880148859
561.934315395 217.652847481
426.992060812 438.527375223
543.963026555 516.335598929
313.613195207 512.131206176
568.456967744 615.536124149
