256.412880627 712.296396394
203.145989309 641.48771651
309.21017547 366.961084049
182.763014289 648.1233079
371.918571414 463.84406949
184.056766005 677.662035342
639.151655248 539.910263165
355.976578923 535.238646044
418.348204645 337.536061852
292.397963909 527.482346689
226.992940369 698.532348237
333.902056102 505.952087773
304.658181622 583.944574892
300.354873777 297.142406079
334.07732765 469.763033756
341.220624702 275.821484244
259.053940405 667.569474023
370.881020609 440.808562725
271.664667316 631.686828028
250.655661941 684.457331508
262.698239778 136.40992637
288.452388467 269.098995454
662.973707347 513.173170834
250.708191198 228.311410146
305.089473552 331.463970766
291.179860285 491.182622164
281.766565642 118.640535619
262.043770532 696.052150289
396.939380631 414.249748297
636.05008641 516.206071396
219.828779931 665.803797238
266.897697458 653.351707306
287.841872528 162.41972435
267.521153333 575.60439328
288.685193326 722.677639173
271.27830271 725.495638628
224.272421467 101.319353764
254.771035137 729.85395727
648.337656817 569.15011943
442.376451189 329.416770617
251.984825638 503.845715442
436.02215312 190.910329156
346.529754239 253.397379332
309.543580776 648.342047196
290.772598891 205.92004841
297.918011232 454.268016571
312.627243916 256.766449064
302.557341761 668.811188864
340.631300339 336.36692154
376.001719055 498.099031188
249.317543968 99.2496666489
660.060242049 542.212561657
420.297216593 448.700381408
252.360329864 200.478055472
283.30704154 647.683029274
399.545528693 460.494039973
235.462359106 164.133924499
300.994903291 622.310593776
284.260895638 236.817174197
225.452101601 628.355282219
227.459630909 563.505264774
236.921837317 679.58388614
301.754255889 677.165756213
416.835206832 195.665215619
337.194774997 434.405268622
268.908189833 710.583325265
271.599480695 98.7995784581
297.515176908 686.849363581
303.757110525 638.747730334
293.599297058 709.200256777
370.928070391 411.404755992
263.820825438 153.872763759
549.973963546 322.016028876
262.714733874 543.634736319
252.85976457 609.537549156
264.632476408 681.317133868
331.202918885 237.528607109
427.743508995 313.234073738
672.373418586 561.790863769
260.411573233 115.272557101
300.732685871 702.356217307
212.286732353 692.880563755
244.818897044 639.774997543
363.307742921 304.0401003
244.101404315 120.225901562
396.008287145 436.408854228
350.95952663 387.645141652
252.252826765 702.592345003
329.307078514 293.518480254
312.340119077 231.060616415
289.691665586 357.637388577
241.764403734 719.206745459
360.704194543 497.04562979
289.924685216 613.753360175
322.862669469 502.398441631
282.227009054 386.949300696
313.264945017 99.7630461691
306.227277518 661.734887002
215.472678434 609.01027525
230.202063186 127.587147391
