646.626215316 548.843762667
578.699673856 649.961557435
218.527423959 633.229232889
370.800182663 629.268254393
536.6429513 687.756835031
329.427470281 629.316259132
417.254049933 251.69930209
714.732252851 514.37845688
744.293403474 474.151500358
558.731477711 716.847389605
643.207893445 603.650225066
546.504892826 606.99841246
582.176771489 572.9501132
571.226245429 690.539572532
415.315187233 115.558651684
555.26765115 699.331803701
577.313512164 702.110241281
631.50570132 573.924626037
112.401288449 627.561389583
124.093889515 607.825566072
560.120372082 653.747548359
612.27262415 573.882636304
426.687392745 135.951070971
413.336112322 187.178927489
494.21836343 642.672014679
479.200714956 679.459055231
232.712038198 604.182009107
690.152358044 499.241779439
449.074308699 109.117304356
488.459789331 624.936163776
425.780093206 162.8587495
696.722424187 540.306231235
118.518534096 567.681153301
101.257521013 608.815403841
566.464781152 567.490042755
99.9305190649 581.210491634
593.097296104 675.838982042
453.013881563 250.537584956
268.541565446 639.87806313
527.260749449 669.541267092
307.067902563 629.67504523
554.378136421 582.165292176
436.007250096 210.637484251
434.456345337 640.83384297
154.395164673 600.017433528
680.288771039 540.405463726
719.212496481 455.613789623
416.753192621 225.493766713
639.619860309 645.951114182
248.38723131 617.381325328
532.445884556 611.604873505
527.553201012 710.251535342
190.072324064 587.375466646
322.193730971 654.972774022
456.999031376 229.02101066
572.153909644 617.929771203
610.866808239 678.69133536
161.74900762 613.075005984
444.971617369 149.139130785
550.563157095 635.433207985
680.856710271 492.982606508
590.551300095 589.755721019
627.951350792 525.49084444
473.43714546 638.337113897
300.637139109 650.710720294
521.255848678 651.347108001
476.170151703 140.712244482
422.523476703 650.556687048
189.521787408 608.805479126
598.065064739 543.32516836
725.6237857 488.36502175
536.894495348 724.705845451
682.631884488 451.279534227
529.774517527 699.918163014
347.156528682 641.9394042
522.600610063 692.609446886
138.311908406 610.353451112
267.414303768 564.879873837
673.863277767 504.211222796
700.61042027 503.866857819
700.078812381 517.437451873
623.445195547 639.230975088
674.553232495 476.663829005
284.666137398 608.170210574
626.202711423 546.102639557
136.058222032 579.521068942
471.329508912 654.534489928
565.589816526 676.622727215
543.553063945 676.394147761
313.188805043 604.892787603
457.099806663 183.045993798
113.46092804 585.503163829
714.62409751 476.599320795
623.547750914 613.25131269
609.850497011 611.8766242
716.732067511 490.050988019
501.132015115 670.667128477
664.835806061 520.823121735
703.298144895 464.814962417
396.06221463 646.245964497
