205.503224357 751.791332586
483.163504726 723.606063963
179.706399759 771.776343373
445.968048053 683.340452257
302.056043294 789.049538821
91.2735765982 688.027857249
122.042704202 762.840852423
351.206381025 178.241501838
357.319354093 774.217166746
198.635697126 666.781254567
142.465596169 737.916608195
256.194270836 787.970455339
353.841033271 302.691150788
589.652234469 734.446778174
367.726441866 747.230831993
681.978857238 712.475516939
587.793144428 713.89105489
423.818046572 707.511521034
413.375768106 761.632214548
144.587968233 702.306978751
693.233494625 738.485418203
614.072188364 730.664643128
258.423772976 722.976677398
372.607254682 320.067268073
370.692142801 147.238814127
373.930383999 198.834581806
150.580412521 666.695448649
335.314671483 321.321477534
504.700477658 741.574455034
158.398305682 751.711173298
100.600139922 736.322341594
346.591985546 342.522972658
364.920466128 131.650542399
313.852815691 690.937336596
180.95307264 759.165488503
179.491214031 734.51701963
422.722128228 680.921709968
100.668945013 759.54420869
323.858677172 716.073254497
134.81835488 640.053754314
267.858131919 752.418134468
209.557508329 780.268285808
369.837632714 102.49602581
637.296852501 718.840766209
701.198225728 725.663063351
418.269352804 156.804631436
486.321311012 692.416187759
625.094327272 756.030778565
302.768973964 437.313467428
319.577466465 428.566229493
464.911588092 724.668607387
229.338898415 740.777173643
248.264411346 765.59735039
123.902512771 680.924449639
103.576993379 686.482715527
201.172092785 722.486697264
504.485768072 681.850441911
127.717996741 726.439770389
224.627628443 707.832954715
510.401380163 721.500797647
340.665962737 405.748151006
105.295870673 709.602705993
670.77121253 701.57548521
436.931451437 739.037260155
415.181981505 118.021759244
294.675245007 717.43787946
158.548750223 775.400334247
534.722558684 728.256944561
400.013213327 142.336408285
447.962024897 713.824616755
310.143557135 746.574902166
698.083286057 707.491261357
389.554905132 119.556751375
369.264764842 342.335089453
364.499445663 723.666977937
402.489191771 98.9673438966
120.443679054 780.070184094
668.618647913 734.96921885
324.198555955 405.530366603
307.92865673 770.135377883
355.995976051 705.948759084
118.194054652 747.083260415
471.522268308 701.502625826
123.669962795 711.115031416
609.069643832 708.539196291
410.403091868 735.747057842
394.126241248 173.127578848
355.901862368 380.498728787
385.281733807 685.816158463
311.193737942 402.252871111
371.060436361 161.216356569
338.251275082 365.127359458
318.742629877 363.868836473
652.146030396 749.847228615
139.681171807 778.647126748
341.909659519 203.47537845
395.899216389 763.619266928
405.23824844 716.8136156
91.955985542 722.626480777
418.926171823 657.40183446
