471.511685181 659.82681414
194.701998792 487.13518119
193.516297632 455.589590204
116.570715099 561.035328711
211.828455885 484.036556118
126.131805489 511.381569704
262.93405317 212.482358261
355.435688561 293.17856691
463.715492222 630.75819071
170.10974448 523.283783146
206.816856347 460.89312019
105.353982554 571.479070061
425.401463508 494.42471372
139.316231768 594.725373586
239.213794169 103.775289502
402.238277149 519.261856945
138.235540149 626.84281611
304.936835074 346.419238972
146.417513551 478.111995367
218.832233127 215.660143895
146.308234198 570.487666392
150.156022665 548.500193892
159.830815275 643.883007232
198.833097295 186.491752633
324.278715202 222.676081068
502.694689498 664.340450478
190.231592307 148.069343049
231.48730543 186.341950574
186.615046105 131.021120672
227.968204847 203.384599784
218.119884574 199.726887465
127.380158984 491.807201203
190.217120191 331.996046926
142.488661187 529.99095868
415.783889206 447.844711505
117.729739347 632.464520331
221.415544495 247.557553902
117.34506277 598.350009891
216.729932619 152.175940895
160.592308624 457.172734803
193.966663631 633.990804931
190.380584566 497.390926812
234.931142905 217.137750493
170.456097138 570.938364505
157.753630123 521.060896008
185.364891215 455.300269954
249.200178092 171.040891103
254.765074554 148.451526032
211.996273919 96.2206331228
517.940287153 646.660820275
180.159902702 499.882363062
211.47836191 325.818192715
174.853299891 624.05088467
396.782482578 491.011087272
169.344447225 591.6072323
290.810162602 212.261170969
173.900037922 480.493436964
415.15909675 478.780437682
227.264263003 108.34103433
235.389524939 170.14110861
382.34440002 454.165612615
527.98236756 624.734628112
162.883653988 504.532336878
209.074246405 109.46003473
394.103349255 650.721470419
116.692765561 543.729502262
149.632849671 553.700555247
184.214030384 659.865963542
260.620601513 365.309386719
156.191372329 442.957323993
495.426565597 634.918570413
230.498437754 317.836272961
287.470286119 252.484733643
136.178281149 274.840540601
503.828405973 610.210550396
434.514897975 511.678938194
244.447053346 282.992794954
337.861283304 398.998134129
191.812066228 598.612917569
161.512625434 493.902899582
147.750755221 509.005570254
182.213410783 519.124327354
151.060447183 607.913247754
252.219406229 182.579960052
166.633875323 545.124221655
210.18468671 608.076524095
375.83525571 483.766326628
145.873345418 660.436452852
274.647620601 182.238674307
284.874872702 374.908983106
269.817301003 333.993829522
247.737371774 247.054501206
125.529295377 581.218903842
443.945962461 643.127397629
247.035180405 134.811267314
167.688276199 671.830975494
188.651659727 108.869875677
210.984838309 231.263320327
222.504634628 130.33555033
200.014269786 169.697347105
