692.010712537 545.60861249
712.947378429 498.038471699
381.136752418 522.587936324
467.582732845 488.385757555
543.611395569 481.953804365
613.881719349 505.493107957
674.670857188 428.316516246
645.708826919 420.53506436
401.713977619 486.365154342
112.760771253 419.517666191
358.927640328 484.351015959
174.422728542 484.553057654
644.921005492 495.477473612
99.2647696457 495.490043525
149.146164646 422.599041842
269.683999555 469.627958629
261.694970793 486.453067113
229.496476155 462.880000615
736.334933373 495.39745828
658.268726954 520.586175823
669.528581299 439.598278239
120.594049943 495.74717789
688.349739804 424.081585235
183.224008267 441.090974923
353.173619188 523.6276848
108.313762067 432.565970518
677.371997167 401.41235566
631.250414015 534.982138555
666.748610639 453.727106069
658.589594562 413.617246783
661.675741895 473.081096102
430.512199781 485.690903971
684.244230128 439.067291621
344.983021151 495.802642794
671.080020519 508.728903799
704.165194129 554.96820048
323.124852781 432.2014412
603.066551163 546.17129889
699.158715734 436.836768126
680.696702755 484.386780929
592.861411266 517.626644303
739.480809412 468.570399895
497.536696104 469.812788832
455.171635534 506.70326172
609.32609728 476.412139863
680.047993811 505.908470956
209.869799002 473.701738348
718.669281931 480.833953439
152.730693398 500.87256492
425.930490854 512.298284678
475.100993174 455.839571554
696.05319805 406.629954487
669.722013219 467.549502125
290.719507727 449.103391688
510.855275577 490.076559165
448.683373441 460.049201785
118.275479396 473.229020924
685.010373493 496.501775737
270.610546047 508.444323577
631.16234936 439.061954806
139.175092226 467.17614864
709.969163894 522.137986923
693.747497505 489.998565458
682.37627018 456.806204152
121.919430373 444.773784409
692.971159999 520.197563104
626.533031942 416.939845615
748.454102122 519.632211974
653.882308905 476.848047312
722.711670204 528.604186713
240.592883071 493.179570877
404.176476633 454.260779754
729.15397641 439.452004022
100.959764067 450.031104918
579.995784657 485.784410865
553.636921891 508.69175344
211.449064365 434.244015971
694.173631417 455.975763643
709.642186355 415.076179512
521.919774113 455.26146355
747.231691159 475.928879919
384.508653432 470.64504484
647.471137396 438.36077572
341.872640698 450.323800039
431.577408111 440.751897766
312.698465909 460.894519719
160.143769397 449.269969504
567.559509934 539.494226029
100.037631978 462.260758476
336.664312793 405.873024145
530.82530319 519.870675276
678.026300429 525.006636417
226.541189883 508.212616762
640.957864853 451.672540627
495.621124327 508.199439263
490.167603899 525.16441732
711.38323183 457.103280987
309.804724752 491.085170688
398.687483551 508.050817899
255.990802291 430.504724957
