442.984355792 719.952741883
570.55060171 747.505289647
157.302287851 781.703751415
242.885345789 721.545551284
307.370727278 690.77758102
354.512165833 707.750856102
590.304251554 729.898543131
521.737642668 636.216977876
204.467384837 768.245283163
101.901276407 654.556391385
164.978967937 768.403889631
97.4841359091 747.069566773
381.287928711 696.656350823
99.2450471734 790.460626849
123.19966379 653.75304433
140.390157662 708.539900984
127.709196624 736.141317236
126.403303798 699.329690561
674.6176379 779.124485722
393.019787816 730.780609862
542.044358529 665.526940387
100.936353652 771.338936493
644.671401571 740.817628755
114.135186139 688.859036298
146.061098548 785.723303016
100.67792353 678.704545061
662.421307877 731.342383747
367.734995882 747.351849692
541.480308343 689.613670404
553.258041132 649.912552072
429.605923772 608.841648347
227.231898345 748.648424108
625.611004261 744.742016602
151.221403696 759.20309372
408.171332708 675.403093722
476.326838702 707.366565254
180.369390472 684.291158531
337.036574132 755.735880166
673.353372649 757.009449885
497.731922634 684.339460339
337.163349072 731.759793624
699.567923513 797.053496217
270.733644266 673.501935851
238.03202359 792.13934305
354.182583486 677.965438596
443.569598133 644.802123026
118.138289852 719.811513728
652.520808048 788.729279146
114.110313089 780.620882063
205.685837643 792.221823833
260.396769563 662.085432802
689.686382723 739.337058952
467.520915039 656.738547967
156.433649127 702.569413024
271.330460693 709.162763045
242.679989856 694.489424112
85.9894876669 746.480811975
475.110117444 686.59542936
129.376582046 786.912996166
471.92187625 626.395059648
104.610687501 741.327807147
518.642181866 708.683246765
520.470386237 681.033481266
606.816208011 750.312699886
95.6263616406 703.412551445
466.273194932 714.63737203
502.304804844 613.720469697
622.705334091 777.094813172
410.816372801 648.818157312
589.344852926 771.276290975
123.339798469 759.973784887
212.272447503 712.338169984
694.583428001 768.15077756
85.9972116163 726.495426004
333.700483841 712.325625397
299.527498639 732.376361863
132.919542296 683.067578516
650.972383444 770.491927396
701.737588942 751.563497458
299.476758545 660.62403579
704.962058181 782.079924904
192.129830297 749.52419137
523.729054695 665.612077985
180.032133198 724.325517793
231.801736271 671.015916424
154.308753523 743.315556116
103.986191458 721.702128771
311.625257351 770.549572552
71.1620687208 751.162196357
296.663459906 554.736910764
278.991036083 749.22915643
427.35023701 708.30376631
115.937504083 777.238748931
496.951825964 644.411805348
255.566429034 744.503821522
255.8609154 775.961981248
678.624784196 797.656749956
136.512038578 780.145463921
172.188690994 781.17007803
149.003933686 669.5902836
