110.66026207 221.315002812
255.035541326 413.703353207
208.348768035 300.604803307
148.67606773 248.909224967
242.799666968 368.815958073
100.46554499 220.523736126
583.101899049 276.452445053
193.947762458 422.783481154
94.1177829641 194.430504052
599.674134625 245.319551925
222.414881425 329.511019944
103.53466667 248.6429797
168.849529655 362.035114884
556.761285019 233.368452097
187.499581403 98.7130209035
225.942745574 438.215313831
700.689783147 228.055071133
119.166637155 275.762692856
616.574685051 271.202663461
667.80504853 242.409573893
683.621651778 234.045301117
641.915916851 245.733675571
135.249353035 259.605352848
269.295420014 127.834685697
666.019806317 223.267980127
128.444579365 157.155813594
186.968381574 140.917348136
289.417675519 136.352959636
521.524070982 232.029853337
246.447154322 160.185048257
239.091781382 125.892369061
90.8588162426 217.000877556
139.604309852 330.236039096
91.7967866646 206.490405789
96.6787314166 205.971590036
166.086685709 277.310188786
130.890520404 236.848537077
92.147594184 253.889186784
218.39052208 100.218039788
195.010628345 175.659803603
213.906928618 622.559044083
279.529697921 155.76333687
505.201519793 250.247987537
194.005606457 202.507946329
672.385004791 272.735988863
231.039858524 396.693893682
236.494868164 103.253989002
251.539796928 104.98947392
150.025828954 113.117730788
162.18016694 254.493067365
191.692586395 269.992770949
142.220592494 283.910733968
210.447071827 592.147123765
190.74128633 456.114435463
169.651603624 393.292165763
272.450317756 179.220334725
254.662531829 443.420630207
219.023692495 181.01115016
175.063598107 115.985162589
178.274381163 331.72021771
459.192668192 248.061778846
97.5481475113 243.515269667
277.234523639 112.379983541
171.044315601 159.835426095
241.837111627 584.784347462
71.3459136609 230.965952787
476.591338608 280.194519063
201.90083559 574.611356804
79.2706958389 244.696250477
161.273039127 185.630868727
99.2275635945 185.659599133
121.063428997 205.43280176
127.764168865 221.172157508
141.701678926 223.606623405
117.684009175 189.747475758
225.545755853 609.334574771
105.912650359 209.285090429
185.413845166 159.548781047
139.832149262 399.83554777
231.00022528 145.799305538
193.777870479 126.097996874
217.040770574 123.207514192
111.421622395 252.31453294
693.322542474 267.203762959
162.747380733 303.881074096
159.360331287 429.763721564
187.029448839 238.801963561
125.544536611 257.015250344
204.594565032 360.572065516
121.852414085 293.527909786
83.8239634853 252.982826683
162.720039481 218.372934591
107.032350024 270.894034379
77.7164682382 201.535148967
503.658862881 230.543829309
125.365356462 367.941281228
164.273656428 130.390459098
476.649766117 241.773032064
480.006950676 226.407894834
699.69847519 254.773504716
