336.022060397 633.428097114
369.510370065 588.496859404
341.94565393 608.297315322
468.397210984 506.441239913
394.290298915 698.627351885
292.480980098 676.626646664
376.880048215 638.383872961
354.188944736 450.54080007
368.735662905 514.744048653
424.426210602 493.89951237
417.312631553 694.494566678
460.872074755 636.221752492
349.976263806 677.564266097
369.492631335 99.7315324541
394.73926678 456.713914659
350.364773353 694.214789762
435.699658866 501.216186227
311.694610979 708.90049629
401.340200871 620.456613169
507.20221193 513.795139304
384.063146735 497.888844072
445.49724344 533.773103188
469.182072411 537.415648218
376.687208628 426.652282249
375.8462822 538.336279408
380.210571568 190.06516309
402.941698831 163.887871112
454.598047308 474.977450727
386.842165811 685.039161699
363.859587262 118.482422554
400.759445212 214.382233116
308.108211595 697.474550549
373.970160458 470.076486603
314.368989125 632.347630395
375.365594491 262.196339228
496.773249924 533.63613419
408.982417108 482.949543789
354.48274024 646.816020107
395.080355915 470.354235846
369.662051505 179.896021839
359.944716556 714.190825715
409.230013957 255.228464179
403.61490419 711.567330094
394.908632793 235.506466691
500.529739508 487.165892305
385.200243167 608.863124261
409.467343887 518.684691693
407.660288658 327.014415319
390.872147652 445.494888158
343.532500373 572.317724186
370.885401465 554.394018636
402.823320838 579.490519111
322.644181718 671.842106753
322.614813917 653.287216266
326.982158501 720.176012332
349.450372863 586.422382975
350.544481599 660.401706413
391.407726147 136.096867588
403.79836315 418.063236996
421.34513221 637.750100249
381.024642419 712.563408782
447.000292316 605.475892483
375.786749137 569.557959243
427.769527232 129.628218636
456.873362072 670.292799937
380.099742234 698.598890776
395.213959391 730.612231608
379.016421379 672.729393412
412.31901901 597.509452745
375.105704669 216.47408259
370.944152758 237.619559382
327.172705145 608.873702172
379.928505222 154.451007003
356.80168593 629.347312579
318.191217929 591.961835869
378.061397081 727.678027501
443.570939049 480.390896075
417.866369641 103.446075604
349.722935753 543.371548302
392.851253339 100.932007934
420.583833997 187.607172613
404.674053462 118.297901461
434.358723195 515.481927407
486.796624366 511.624021177
433.844056831 704.603349781
350.328072261 520.208993901
391.172808863 549.157788919
369.990126504 698.746261146
405.379074751 562.003247755
426.184711102 660.265027855
369.98795389 609.786415205
455.880275381 511.62707155
397.305835364 655.308212962
143.274101105 277.512296827
415.846431688 675.829456698
368.118813372 490.660097765
435.883656021 227.168708667
331.576258749 692.371596281
386.089830264 655.518766397
474.93194124 472.209165344
