173.745169968 64.5960614873
509.781422361 127.220560708
154.343130605 83.5580664426
387.054215833 205.501606876
219.989062834 109.294426811
67.9018126479 43.3499581992
117.582313003 106.954542168
342.847898364 158.373620666
170.717882301 240.599888074
150.272930426 35.9111962479
121.668026716 69.2508060097
194.7005339 111.421204591
408.201101175 169.601805842
656.860155785 57.0102965723
179.131197353 206.359889455
702.138248418 28.6058926951
672.09937878 13.1156116258
219.590589496 172.542578475
210.213009156 209.866222435
115.541292636 35.4721242528
684.307969793 70.447943655
675.662492173 45.5442975232
221.80071786 55.9512415436
436.307577797 119.768910945
370.524092263 137.001073406
371.22996075 165.49652582
95.1622659692 39.7243606319
352.195148125 179.94941401
445.432067338 190.023712219
133.798707839 72.4878893134
72.7333449635 74.1133320481
381.058857597 187.696174364
326.594340471 127.288182686
276.143222031 67.1193506612
151.377243803 63.6353270184
126.440611729 42.4565945721
280.899576496 131.059075246
81.2827585212 92.0393453626
265.185358123 86.8606323649
80.2182771199 39.4822252331
221.49779351 83.7164804168
176.475786373 104.705800431
344.145702129 120.392226243
684.398404146 30.165553267
704.357305541 55.0859365628
379.193239757 160.833117812
424.376209483 175.913425751
497.771844742 286.177067668
449.369380501 161.918051569
484.231348555 114.900465441
312.08628956 191.112057224
191.875243843 70.0412681984
197.543032933 91.1628139308
86.5922342719 29.1765525303
94.0237922697 61.5719044343
162.830241254 44.1707437227
658.344137174 27.6582627904
110.03844543 85.7150639065
187.075540696 46.5814942125
525.900369799 109.199706829
520.519647946 85.9690062493
127.66752743 66.4390109015
698.461860528 17.3683175043
274.98495369 192.345636477
388.831647051 145.608184163
245.280488492 64.5545317336
142.113384377 102.411640991
649.521484809 36.4509675417
412.071503501 131.889119348
275.352350887 153.960620934
239.737830564 85.5375393279
710.529377075 14.4760799227
362.780840957 120.588093581
459.693820013 92.4000508588
165.403638758 184.325911806
383.492186459 119.850995847
91.3591667653 96.6471210196
690.811362099 52.0790097838
440.566411308 144.827702869
239.802997089 105.32791123
220.570839374 126.002854976
98.5838530661 72.7751287681
390.213527852 232.628279807
108.539632572 52.5728423
685.747173739 24.6784050096
189.13108397 188.546203121
411.016465764 157.290049821
478.454571248 98.3745129681
251.789088025 108.110980225
400.674008212 199.617879846
349.870003718 145.659671438
423.105950183 202.118332258
353.14515574 207.712928201
625.248656263 99.8370210802
139.530554429 121.962135355
313.10142656 157.280784236
177.969358943 221.625354328
247.298392935 130.570984103
76.286167538 66.6138892812
267.962469369 110.821544918
