493.505759137 243.639787843
492.6590295 261.963427361
518.668818792 215.052573547
556.77681098 221.806754501
477.229585351 668.228172046
471.758894417 522.164531143
515.49059924 559.362272896
161.617958221 45.0301487354
394.190414229 102.619688559
521.503668421 227.621980912
495.942413437 676.333614916
516.843073663 302.281694308
417.043644432 591.974744278
426.896937136 55.7207854563
547.588335214 151.240317093
432.701035259 674.491422424
548.727053177 214.016647243
480.099802037 538.334672701
496.210315925 607.21464352
563.005843384 251.255055379
433.235021697 131.839155627
538.629709904 256.197038574
534.271044392 270.155598436
490.002155827 149.572854013
405.784237955 128.623153807
470.122002133 120.170568963
496.99184465 108.331776511
546.691951015 202.767578268
460.392567017 651.842036414
438.844138717 74.967411927
482.796479092 127.809281584
447.720253856 557.909769726
195.111000201 44.1605332933
494.587120923 231.766211512
175.383513276 24.0898931835
543.790276689 281.377341103
500.006856379 155.277200549
490.880181711 567.23247162
515.034277548 146.650660343
408.379767828 76.4813217519
441.373833801 698.009926709
472.458068654 143.119402797
475.825378572 696.794608707
440.341359803 114.55120328
567.646869828 222.993871924
497.371458897 283.940880915
519.13676597 163.029009194
546.154696969 186.925869454
518.291299752 135.635741147
514.001835451 184.962173445
502.674733828 178.297688781
495.425236804 333.292638221
483.770618832 500.826673817
445.42070946 294.253550936
450.491706637 586.931943523
518.599289969 198.053370266
495.871526318 522.490480217
446.59445061 93.7324506088
534.026747942 128.731981598
501.645113058 626.200112262
446.12917774 636.631573305
513.439254871 282.09308052
537.877457334 171.570720893
511.502514123 105.927151962
512.240892904 328.617290828
406.093572764 619.852195899
464.410100197 710.779972671
462.404778897 604.714028905
510.559353218 593.177127584
413.243152299 98.2532519792
420.157692061 114.360417202
500.014879868 211.412253386
195.855239402 15.5094346776
474.740194048 295.919705672
488.507286428 195.496764017
455.731388661 683.787379683
531.788327714 235.096432669
494.47297395 94.6957966295
141.878226876 60.2267049955
468.895579427 101.250639154
509.053128816 122.471341427
481.371353256 103.958426271
527.645449709 251.600769171
549.457712343 249.194049017
496.695743178 699.665383179
174.620145067 62.0218339369
488.091880184 171.139107791
395.209480275 601.123441996
508.313113284 258.582594722
499.359686087 653.914611172
481.404582507 309.935848377
546.867865565 239.828962691
443.406021567 617.069746346
152.828892254 21.3022819486
469.610190639 629.635430609
131.161302613 41.9738355091
493.181577642 138.366825918
468.359541464 562.519470282
477.476330283 583.031705114
560.922886791 192.822487072
