524.144299853 566.092191183
551.599858348 507.080207195
523.519350932 525.102392819
635.994536597 398.923463465
593.172374799 683.191119661
490.402042303 651.435374579
572.132860282 595.615576162
513.725479525 366.584721785
527.015698531 412.470187994
593.077689541 387.456853314
616.38582263 677.950753738
660.193613982 621.372304692
548.905577076 658.982051859
569.145714145 99.7423101218
568.250135738 380.323458774
549.291708457 682.246091418
613.773773845 411.24765041
510.71998501 693.53639917
597.570584026 582.059736226
685.683629976 429.012976339
563.387140019 422.237810577
633.354679764 467.681443486
656.833098821 475.425628318
539.859130378 345.913452818
537.860356918 430.59210052
578.639985209 209.832900677
602.666991715 169.318533963
618.881578222 361.113155762
584.991690257 660.012069108
563.751282165 119.484301388
599.417981973 232.70021475
503.927955554 675.580396785
537.129574646 381.304312053
497.783545843 552.883998812
574.674482144 272.922096567
678.230183456 455.404558629
593.212692543 414.636523188
549.875688908 606.094485214
570.763850395 396.724465703
569.531849707 183.542774174
559.031703038 698.842844511
608.045107226 270.874184775
602.905404788 700.182782281
593.532319385 253.228293209
672.58436933 388.953059883
577.673200544 555.362207019
598.911720537 457.845799187
398.204363822 318.052032213
556.422628375 361.314850115
497.268347266 447.358179567
536.169139809 446.690662786
593.4259146 520.182449032
519.935136072 640.251420779
516.060454929 603.209718278
525.812121042 701.685646634
514.013895678 474.243614362
547.92803573 629.474610848
591.348933999 133.89023756
574.356700486 339.887970904
618.970014759 607.706942087
580.054232979 695.099496182
644.647740877 575.533868076
550.142046804 475.108267184
627.464084195 132.497935671
656.678740637 664.192137092
577.236636275 667.054405586
593.573265788 707.638258527
576.447633078 645.137111704
606.17199538 548.667512707
574.221192113 228.364563505
570.161492995 245.382279124
502.23257718 513.030290014
579.688671917 146.056847682
550.7095871 581.00459164
483.326124212 480.449777801
576.916308286 711.460189754
603.557733634 360.97529239
617.489146638 99.4263645926
500.840459766 422.076615702
592.638920795 98.746661566
619.369494528 204.521706863
604.032946838 116.440664683
617.519922477 437.566111778
666.611990522 428.257358658
633.53510972 699.475409905
493.307691143 394.999325324
570.591986919 465.626370271
569.203844538 685.075817586
590.626693581 489.954136644
625.114395463 641.667231234
556.103670216 537.744731467
642.247849968 441.187254553
594.386640051 622.372329796
144.060463436 270.437022416
613.990329708 650.759865044
524.57894596 388.75954956
634.844149884 242.964038819
529.460834318 664.39408504
582.887080124 622.012348608
648.530493437 373.376054761
