312.148269058 139.017022428
585.300723504 200.89950502
281.576541682 152.402253664
542.513232774 168.350219055
368.689383095 191.317542515
99.4378755801 162.471144215
195.539055472 209.528856947
528.923899204 97.9412314975
339.991243552 334.120345219
286.07275802 100.550981915
200.695266028 166.371059265
346.22532761 180.563835078
581.798827252 89.1200728001
621.432623396 211.017497005
354.696168193 301.613816622
700.06457675 195.063538325
652.087794541 177.422705502
390.51150533 263.907188311
385.022934755 305.095307541
173.276866078 139.390109009
664.404943493 231.533868161
645.011497722 204.622991264
366.959379711 134.977143198
611.621791152 77.5803481525
556.081774351 70.66049869
553.267280246 96.6776507385
142.776439899 116.922591569
533.997733164 113.712795974
554.91974929 215.54046632
249.317888579 150.920885737
99.4267819982 192.109208334
555.215138443 114.056318669
519.880869611 80.130798219
423.652048051 133.155410086
288.214505023 125.361323223
262.387857299 114.776656942
453.684388624 200.578746593
117.345912129 199.055569587
417.709849114 157.231313259
114.932935376 111.526139054
368.977083988 157.511592281
325.086537662 162.530004934
534.365227087 62.2667921261
669.185914874 187.783964605
699.61902678 209.993633021
558.99555071 83.9014487282
560.542903775 177.425642661
499.867677468 280.964865575
598.83762569 141.855930597
614.631753758 133.9002831
482.347178645 227.919112138
340.182019546 135.595751987
347.140568693 150.586332539
135.485784579 137.823726088
113.329626938 139.243404227
306.636694757 108.946931648
643.45815342 147.777236245
175.443708116 179.022130626
329.495633117 111.356828978
600.686167542 175.443702225
636.825571221 122.697225338
124.161268074 164.247312291
697.017314386 168.356032777
420.520491663 271.219442382
564.470031644 58.1781634558
393.206559499 138.728682745
235.255321246 175.119368455
625.607851676 176.195210113
588.013175202 56.7639835948
440.93406008 230.288544548
394.004321625 156.517482111
708.052756585 176.151654196
547.065713622 55.3974275916
622.453404198 85.228890959
342.538484187 276.050422553
563.074532714 41.0153356565
141.278966297 198.601464223
682.885602599 207.787509659
601.35098193 112.073509354
387.886178069 178.798719741
375.215809306 218.787183949
133.512209024 176.0868858
522.370760173 182.931656292
154.262419563 154.320618114
680.959451172 167.158299237
365.63464801 280.980858481
584.127396975 75.2849561531
624.686710365 98.3631680695
412.282593852 193.751018985
563.596453667 132.344353267
537.535456949 86.5212013566
575.942056584 105.018450989
525.846752899 130.828778531
608.630368818 226.722775098
215.946165942 188.424853947
504.310467924 110.252787041
351.582280211 320.065587391
409.102974147 215.640872289
111.071544003 173.038478514
431.287047659 185.504538232
