282.085318061 690.576235598
542.450863059 213.585940731
94.3933125748 246.932432634
106.807091135 185.104616789
280.353752241 171.965358204
224.754563169 202.454912658
570.164117672 188.627569231
431.164106248 184.069362849
85.9717454462 234.073095844
124.014536008 134.260322901
74.009596802 230.800416928
57.3412197866 198.884434626
253.897007578 198.273843941
57.0261920854 268.772597363
171.964321268 141.047640591
94.2576215922 154.313826966
87.6418396163 183.313545132
108.665464822 152.699249366
666.569794435 226.933344746
230.122348498 231.661191793
471.133412874 194.187906284
47.6925133592 226.142684411
637.625743525 190.551218465
150.431805563 152.19820607
149.520141254 651.4832485
95.3937283428 138.245739545
660.827008578 185.357164501
213.123263309 245.507435115
492.778500241 210.427425109
492.747322088 184.575923815
402.092059628 147.661905109
95.7258595897 214.897165812
613.382061869 200.717379526
78.9887304203 214.369144535
280.986615513 186.860091223
300.699450142 674.878096727
185.740232782 179.914323075
173.940051049 240.894615283
659.709479452 207.037910077
434.214085262 204.915066285
182.179206463 218.625615526
691.469579035 242.799204177
274.0489581 159.594756961
118.445198599 263.797517915
323.380412854 177.039696235
377.03856277 191.519789882
81.0613492892 166.290000797
638.753298064 236.893038122
75.111307049 292.313002863
101.818968866 259.653199196
334.002159584 156.223425948
679.965490254 195.241737351
289.958443996 197.310158324
123.565647117 173.986570125
197.28249152 206.959282406
244.483167632 174.376816915
45.4105761008 206.474885282
275.793102503 223.928907745
77.6332010349 272.327350754
392.945196292 182.476304671
72.1661442672 191.960800334
450.507131643 225.220545629
452.383738296 206.539863596
585.563063183 209.754573618
85.4873807499 147.408233631
305.398887776 695.968019035
421.049756936 172.108693931
616.257558771 228.436704591
350.15154503 174.047304923
577.558451511 238.652198297
71.3347791096 216.851874363
152.100937715 182.630259779
685.572962758 216.420609727
51.0351417915 173.671271754
152.140445224 212.658442328
119.924505043 215.292562548
183.99572493 162.925680034
639.233726489 223.347020629
695.603368434 208.190269056
358.449763649 160.795474161
702.344221775 229.333708846
87.2416539128 210.234367584
448.425552175 188.792055195
101.047466334 176.788549784
211.339489162 177.350139548
98.5724362803 194.117012946
70.9903905698 167.502108832
136.960330636 254.467091472
29.2260656352 213.722156819
376.723230901 151.472993387
105.83758149 225.822276406
252.042487191 223.145408326
62.5552927724 235.311133401
304.562482228 198.421010516
108.234007353 213.704615683
110.500971003 251.317836311
653.192158622 260.50957208
79.5538004726 251.665023835
95.5248339479 290.407043441
210.252298065 151.105677267
