264.602606563 662.349184273
222.763195933 392.761843215
263.800427024 625.455205308
269.257678431 582.498922221
267.576050737 251.445417502
337.045946185 626.139071358
572.407112901 623.62235659
537.6259763 627.812457104
337.317943753 665.494025813
209.255565844 723.208578932
268.222084573 707.739974893
134.780697181 711.985599312
268.709239228 692.509428516
233.717637112 702.786201578
453.085332394 673.094897396
216.232603319 684.608332168
233.195709828 722.061096934
627.091165047 492.205788614
215.124150845 421.30743609
187.825425507 685.130145688
288.797201149 139.055396548
622.692222513 475.213864633
475.487233477 683.040526487
247.970345227 593.616186056
153.779795511 650.200701963
215.656006142 521.035071043
294.817284736 461.842096668
314.374037122 493.213382979
461.538087449 650.17391618
105.253077224 711.136411995
289.402436757 636.695685486
264.039661164 514.53995386
317.475767356 138.195807295
230.537453681 474.029418197
231.463014061 737.527306539
186.895323091 664.50464487
293.630198583 226.708904006
318.375170717 670.411369701
239.074992439 376.429798291
288.221409748 206.172172853
296.216784666 599.807186459
312.860235282 116.580442301
458.48393358 706.13668576
145.657767182 600.025292105
239.156090029 553.263207796
368.090302234 661.255671859
531.084691654 589.016061628
280.081071914 395.782998555
258.744494453 468.325764842
293.361426974 499.287494517
173.149780757 621.184942845
194.910010918 641.737359832
233.946652997 347.760029269
324.743910474 642.550702907
496.689736151 667.921876974
185.942412522 711.636852339
210.060493512 701.369081179
250.019835723 426.436811995
541.765221878 659.067186427
298.81683672 104.181016617
253.770021698 326.998481948
225.307042315 700.896013713
301.422835556 563.810465798
191.33499353 587.787977459
221.058716622 608.021084275
104.346685397 697.599515442
561.769543929 648.097074103
124.25632159 647.716880006
251.188730311 684.824486809
298.220880801 671.806095824
279.219094918 561.487905323
257.015021769 728.72435696
286.131437375 291.374972558
216.101457891 556.709322595
275.63751745 492.022270233
235.124009013 665.470213207
139.471413308 694.342296125
269.559270513 289.2529078
261.794643824 365.957097539
397.505562252 631.314520726
562.092454057 609.730557839
238.637735671 709.329418237
302.615609968 248.962736024
281.618971991 459.266532607
255.912927608 698.582490168
248.625601984 518.122040366
100.117903015 686.541346154
303.403041695 163.041389127
231.374167303 639.556081144
256.042099797 286.743095324
433.18062105 656.272853047
119.654431614 677.794478855
326.073495668 310.11894133
236.547184794 690.967131441
295.96263016 120.611223859
299.052484001 267.81119031
216.089230497 362.788737045
407.464773108 451.402199596
277.462914444 335.530060105
222.095189205 457.373594289
