668.080187336 634.866487939
630.949870871 619.713402639
725.681660426 460.248324229
761.426539318 557.425582859
674.250100095 605.534049264
104.210859607 200.617427335
699.862817763 341.370107267
676.554427125 152.194238884
760.567800794 638.100436989
669.259192494 533.745790989
634.551959846 673.557648571
347.007419301 650.039818024
715.090274524 634.008149499
704.685330816 483.150410734
707.374210938 608.847800957
711.874462398 596.466829413
362.230986678 690.483959069
659.262442093 448.618644613
602.558213392 188.621431062
751.686084776 604.156468433
650.121146282 131.288262243
715.793956763 503.893053716
701.216155239 390.329983473
741.757850929 670.697021741
427.645035468 637.510743709
670.446999803 337.113377823
716.170253834 519.929668983
654.258908902 147.821713846
741.054759078 525.355256369
686.867057358 567.647355109
627.844625906 126.169331933
732.416181228 553.070473634
720.934227181 587.51909466
664.683675308 661.065263331
760.348513319 591.756776812
721.349609438 427.114439783
136.35312937 183.273608081
776.671147458 647.499355101
558.442843098 662.834011431
764.798495791 537.425170057
694.824986715 370.29769219
619.421786167 202.771615937
692.02301344 413.675806052
469.16425708 645.439780858
667.53771267 127.613762429
177.479377896 682.837291681
767.558304149 662.905826705
724.617340712 565.998072948
737.797936444 610.133235537
731.111104851 535.644092182
680.586696532 429.200485105
670.602062127 411.26612713
694.138249249 521.170181844
748.910891511 647.487424614
705.849547689 640.30544266
733.980046684 632.246102659
600.421639847 654.729434633
591.685979942 631.864927748
716.848529219 664.802832706
655.482129197 113.782680119
733.930743494 575.968008023
700.228107005 577.927083354
729.013443191 486.517077539
584.548832264 609.644449477
385.372438629 631.346535816
693.267525156 546.864522245
660.605624175 612.01933593
655.46261865 395.462254462
665.586630994 385.955988049
115.530927012 178.032627034
788.53785603 625.286424052
125.126375148 207.380272943
383.254237374 655.351633604
681.737615693 398.286120984
653.105581816 427.101038388
770.845470014 598.959056459
677.80797839 596.448071541
742.513378948 503.379910816
447.586206463 661.524756619
629.488552121 99.2845617539
649.380789485 171.136515787
364.269866016 662.170869867
675.041173439 488.356980559
335.339764663 675.474915064
721.94647431 643.703403659
778.387561149 574.717413567
409.626129848 663.663073555
671.975789793 359.440634503
697.742412343 443.234678749
680.435885998 526.811228704
747.943901564 572.218433689
643.315127009 408.481552473
685.847662612 651.602794149
676.622174756 451.225347656
647.400049085 359.297329874
321.106963363 648.171615203
655.368618489 100.373250771
631.352366709 638.159549795
682.00178857 584.641273037
696.564650953 619.075061314
