402.490401852 611.544936068
435.566762271 565.464069225
407.086287378 582.728994828
522.704338497 462.536121319
464.256087935 697.875732258
361.117002618 663.885364903
444.706072402 621.135693343
423.230660879 453.573344106
437.17749202 504.224609531
486.531795828 461.700453164
487.26019528 692.356450047
530.789247017 633.174962535
419.822242284 673.409083317
439.308371039 100.651824707
463.870485945 455.011128659
420.28956828 695.488109189
499.135762994 472.384837474
380.995922774 699.478675573
469.937276219 606.581254404
563.39377379 472.589606379
452.902975368 488.93130104
508.709642589 504.37526063
530.084035493 503.871300591
445.746077364 430.613690574
441.482346163 515.920640408
449.104851547 202.021789843
472.934271966 163.218788709
512.543705396 435.82574098
456.577208895 679.081216518
433.840683458 117.169566244
470.18773005 223.137085482
375.017518808 685.975649492
442.938407221 467.974152915
379.235135415 606.072534446
444.764356095 270.826491896
554.603484614 495.090425106
478.149376339 472.698659944
422.99001664 632.575021763
464.467179705 467.08063743
439.558960943 183.018730177
429.875681478 712.719018513
478.351255649 266.041000478
473.540459174 709.119191333
464.079265427 246.151943114
554.591385522 443.293502619
453.182934154 592.491305898
478.058786572 504.851375806
408.919441135 324.177315694
459.908097218 445.540284959
402.690233117 535.04694605
435.299342086 527.151975903
470.459616052 561.487499159
391.292612998 658.464060984
390.110657562 634.9178874
396.674874366 715.403067908
411.082570268 553.370099017
420.047196009 652.292751345
461.394267669 135.582999214
472.295855753 417.93980789
490.255537504 625.531242376
450.678374248 706.361374619
515.973997 593.765874444
441.71794564 546.244043788
497.720765701 127.928770853
526.846212966 669.681292748
449.650376954 691.656269362
465.002961297 725.44961731
448.893452422 669.411367554
480.409624633 581.457612212
444.49719782 225.39027956
440.500292521 245.143830659
389.900562498 577.875575155
449.866253893 152.259566764
424.41404016 611.471198343
379.57520773 558.532989231
447.965960792 727.349660325
501.423906608 441.04892146
487.67739464 99.4225697627
413.916172851 517.404181665
462.772649963 99.0985456093
490.130639933 195.104793517
474.5835247 114.941633338
496.771075027 484.235143757
544.533106691 472.545335444
503.644912682 699.517989443
414.794749911 496.477311434
458.717545998 531.479594947
439.816275506 696.690101804
473.19621955 544.771774837
495.982734495 655.361175882
433.148953727 579.780052301
518.898500504 482.09940406
466.751179832 646.764862751
145.200224984 273.879386451
485.652821512 671.16321304
436.764033933 481.497014386
505.425291928 234.937136835
400.779227029 682.408053657
455.570637916 647.07336185
535.882509763 438.110576029
