407.452851224 452.945128321
267.63959636 377.088640356
469.435099891 350.685475973
434.379575192 525.672025901
506.712922805 611.904370896
411.583518126 574.874771829
381.915867608 430.259814443
494.673580451 91.624588539
481.624691835 122.463357353
144.72363816 389.170194728
579.779674965 396.653178519
493.723473503 561.207923383
131.793267386 420.452871998
527.74193262 145.909768218
516.977539476 197.453590851
314.505021109 505.805374575
268.45392813 425.813112371
151.53592945 400.971751308
437.603816386 485.283605243
416.367564913 410.148977117
473.599935376 371.52673488
486.100249172 400.091150942
216.375280385 375.738473198
508.933325589 108.678201261
490.32542563 250.223181382
478.254417762 187.199169885
121.422061416 388.348701861
354.613964329 383.537289072
245.646636309 403.354314239
536.434895481 110.063229599
398.660458854 469.928448397
496.328366507 656.46649296
400.003524002 397.881617716
478.282563871 522.778383423
470.768279641 326.573007658
451.931636342 355.534606931
373.962034093 403.409118783
185.57420813 396.816376443
456.855222403 310.724852177
525.237281742 96.9322441948
448.511492912 595.68586765
171.588898335 372.212024683
540.814070228 398.181730639
407.278172776 371.341077816
465.424344528 388.608045702
513.106539279 639.032949319
325.875568499 457.819499963
233.025170685 460.627103956
520.344417494 124.650529856
381.825085522 373.968250318
449.456741899 376.278620148
454.826672466 404.109405872
383.432620805 564.700099048
473.084966995 554.823167937
434.15400922 616.8113622
372.922748674 527.747520245
505.057930687 218.811373877
444.619864522 328.615157846
529.016266664 167.889906756
528.336042503 674.614830681
368.316922836 440.581638426
525.225963355 596.318768709
209.884133005 410.961440483
135.374236229 361.571852821
513.339238151 685.178030825
562.975127041 387.696285926
275.354349202 451.24025595
482.212348122 421.904218911
541.632102863 646.097266142
555.942685375 131.143632588
494.703213079 293.842190537
478.900453668 263.301993255
498.126504769 308.89028701
531.68418413 370.307003676
404.314912206 534.717544591
165.383559736 421.892925305
504.316136557 274.964473762
421.523256252 348.928177653
481.810153461 153.116301699
500.794479032 325.190634616
419.26106867 426.861876169
520.836210751 248.103796913
504.968723618 382.498252165
446.753322608 559.817535421
490.176022287 593.488934863
510.360131161 134.884886162
400.04897426 494.817181426
515.928464359 405.594111664
568.275783624 340.007104346
591.846231484 362.525648882
496.957547461 345.161355952
508.919450841 168.57792993
479.604025517 667.930157614
471.08605016 283.438957804
285.303900357 398.234201126
488.720988182 101.076782186
535.007376246 314.310082553
481.279244367 627.850942495
567.604675358 360.55121379
558.320488717 319.071305395
