528.617439666 343.753052519
526.570673703 260.965904442
615.482275772 584.084739324
538.409605262 181.070155882
372.687127605 237.067170786
333.820015286 278.805453358
357.908270444 272.207057822
570.209690401 276.074938063
560.146651368 657.525475728
450.327295423 372.713255003
575.014708272 699.713504567
565.699105702 398.481257241
393.852172254 214.402158742
594.526174301 699.948368336
389.55622895 229.934125037
390.872441247 290.009503971
557.655820085 324.510916757
431.101028926 199.217266832
624.281682491 242.614292825
541.917699484 208.374769925
532.058167525 297.874464631
569.010093196 365.366488293
566.821236282 100.635088462
482.178380371 384.133297204
545.592351936 345.958128748
364.413277492 303.472278294
599.817926502 272.133554292
481.9667579 275.726440419
671.050646419 255.076557245
419.686994492 159.335335874
439.614725814 419.58334822
610.256604819 614.073970969
491.609781157 334.627399707
587.662324122 587.920743825
629.914376803 345.769063645
486.057459692 403.817524052
502.848008543 367.354290065
604.889077336 133.633983651
589.793250133 245.057054577
635.447206853 300.386809483
626.678270487 79.0654292622
690.534638584 199.041366792
404.990077237 170.18096812
433.995770981 235.273653381
575.710405637 310.68232731
618.874333317 697.946890463
451.86766793 400.834511893
596.86314965 305.118564075
608.015315024 661.379800312
603.330122263 362.743743337
623.591228492 131.800960608
441.170732853 157.74361048
625.582931709 147.604387551
381.455725092 262.86687738
517.683992536 177.584253925
388.397414341 184.952810458
532.693880867 419.374488499
553.801601525 241.808057815
615.196278686 644.080758437
574.077132207 207.815496184
543.239099447 373.00104275
406.407946635 434.588976058
647.03753369 275.618630424
653.865085691 110.180668584
519.1162882 390.642592832
404.37646746 312.140931348
464.154938422 331.454836289
649.793820958 141.828288839
417.829366305 423.001659893
675.273439922 209.930060502
584.924024462 641.616329435
416.265827957 204.429678922
618.035949684 207.546593306
485.301144486 430.194218731
605.94856855 101.400714118
561.053653658 118.188407247
316.028235478 252.710596814
622.759787042 262.347694839
660.308590723 176.005099429
432.197885239 348.903903167
648.358954774 198.419878266
587.363845655 421.960633283
642.136781157 118.833445197
403.374172903 227.591982743
338.513212232 245.915981212
584.239388381 350.446013665
501.632467084 416.132244569
517.949543234 218.261719001
546.590460873 422.36231019
427.460788261 139.04837152
597.09409041 381.616187489
624.863677124 96.5062368316
568.936382675 676.868692516
616.029024513 681.667760446
422.917289637 297.543701566
419.129745077 233.103260922
659.688052935 234.722043971
588.474619744 679.006220893
406.944918054 255.801951404
359.848518688 239.42441074
