493.567154057 576.675301512
474.332424195 106.583608089
686.853896422 160.517988925
551.606442257 111.957567927
485.857051881 74.0609309125
507.806707032 588.930511061
705.828472635 58.7206165174
693.409542989 62.7242153554
484.557200305 671.465782719
442.207419218 605.930379266
463.931727606 698.509363089
133.346617561 72.6884125219
465.144652729 648.399968657
502.587971742 548.313465995
666.777331849 121.074678859
494.541623569 513.99180649
446.794540325 662.985553286
701.045625299 23.8350739946
443.764904323 97.4988387907
496.691265879 134.887095935
439.095303886 88.0900008414
683.002484585 24.1639308707
697.068376893 117.188695756
475.106036685 119.595498708
152.193568632 49.6321102467
423.65363416 111.029208354
659.664332916 37.7776354243
699.127021338 35.9327341583
593.154890508 85.0682788263
107.033387653 73.8783078483
523.235035366 511.88739381
543.788669524 91.0943976045
514.517269408 64.058326147
472.09162115 120.455750588
425.044247058 691.289731337
468.790410868 150.834501882
517.083990765 55.4812587214
483.223310146 691.307199458
534.406419102 76.2717615657
482.813425037 61.3694336435
645.461889834 468.689115054
508.447327244 39.4612529387
702.448416175 139.908169131
439.857042397 167.551783508
448.261429688 109.200364505
492.114411734 656.271875719
661.082378216 53.9576733327
618.844765641 28.4169002892
495.420315077 99.4719636594
629.356539487 60.34319119
452.888303912 158.927779392
442.369580467 134.173403964
490.02991065 95.9174627603
488.939968986 612.37048651
639.987172883 73.2853657655
484.987894562 148.418585415
468.819440014 547.954590998
505.810286639 95.823719213
677.35291778 81.5589818124
452.866532443 56.5999503366
517.257600483 78.1020200984
462.840101573 583.516964013
647.784830465 90.3071283619
421.746068873 141.625462914
490.103814167 442.450915577
123.165830564 84.4588778065
698.816917532 79.2543773136
107.666741499 35.1608330217
516.943036333 481.277626047
478.389608587 635.039882615
496.031169937 115.007494266
448.32710906 677.815543376
671.86015652 13.9069240239
450.379179426 124.500884634
567.068343264 65.4614965303
521.764805021 124.040203977
152.978522528 73.8805754231
537.798841476 53.4058738514
636.657873538 30.7097056775
525.652062246 537.478924468
675.921774539 51.9400159475
438.774031366 630.234628538
631.659988559 10.6327216166
605.816972884 43.872921809
463.061374345 608.128740707
503.289737182 111.401371369
99.7259254596 52.2649524914
481.397909946 44.0073230852
506.837306982 450.425304992
479.24153102 89.9269893529
574.575890079 129.773865133
128.382283504 43.2790517123
692.91218209 10.1368801755
496.32529924 472.321779478
430.985454405 74.7949959172
594.256839587 23.8229346608
469.16160596 100.7129076
648.512426073 30.1085378268
657.226242988 16.3405702225
433.789774626 107.345691212
