477.443509212 651.776133196
201.348034673 494.607142584
201.180593903 462.012873062
126.023260299 559.063316205
217.60811234 492.19716708
130.150652699 520.384005179
254.827672641 214.806968783
354.087929204 293.689631199
469.161038654 622.370937044
175.034231578 531.98719781
215.643888432 465.592429135
114.912750309 568.541390872
419.249132322 502.308166071
149.147323253 592.895171349
249.211303762 103.552125989
395.845491306 526.951609163
148.157284545 625.59422164
295.802021933 350.488045784
151.19396801 486.89752226
215.242685567 220.856855695
156.097965453 569.052809813
158.50511884 549.691349981
169.821291326 643.446672195
206.670796702 191.333686924
314.399181902 224.223602237
508.806148358 656.42527072
200.092766726 149.729836675
234.052698121 189.706906879
196.552608907 132.136847142
233.051004322 207.379321651
223.985658639 203.606045077
131.65363083 500.848077177
198.345516499 332.767862156
147.058180822 538.885872412
409.88112176 455.916720949
127.626987896 631.034670284
214.496151405 251.103356604
127.263000819 597.071532337
226.622967154 153.634662148
164.762217279 466.261841569
203.91413015 632.967130252
196.951434848 504.929091481
230.722202776 223.47344674
180.42229712 570.116867137
163.133594972 529.490366824
191.769351564 462.980301701
256.294033252 171.505819839
263.330487696 148.75315334
221.996260651 96.2043436508
523.782146905 638.544621987
186.302895822 507.77309405
219.327203123 326.373341228
184.810480738 623.126466155
391.034154909 499.193796421
179.229696055 590.096651096
281.758391973 213.635909255
179.655102332 488.671409428
409.083618596 486.723268739
237.214267808 109.339735674
242.98609378 172.674468623
377.705798153 463.024696807
533.559855685 616.434530148
167.029801694 513.632307163
219.070216159 109.743916178
397.326052265 646.811854314
125.63673353 542.893918556
157.747265356 555.103088085
194.20001312 659.336672707
252.073184393 370.288425076
161.759354525 451.263801843
501.137687888 626.709850528
235.373202066 318.486560637
277.494161244 253.175336622
135.710078928 275.071249122
508.623593881 601.435234281
428.812562968 519.893764756
236.253199001 284.18859187
335.768608915 400.569211359
201.801588555 598.155267386
166.099057664 502.789104588
152.405505855 517.856180206
187.68422952 527.495118377
161.036664122 607.223975973
252.385259942 186.775030022
174.4298881 551.386983407
220.184318664 607.99072916
370.623084377 492.300567661
155.863775123 659.999057936
271.993812533 184.028987107
275.834523885 378.896780455
262.207782207 339.545523119
239.114162102 250.054520094
135.445333714 579.925774426
449.452884195 635.798465805
257.035178872 134.805731099
177.688110752 671.888498639
198.636460744 109.421009644
210.54464881 236.367435976
232.481497553 131.015407793
209.484215561 172.847685161
