167.712335246 341.712813424
779.783190821 499.878657687
727.041786054 435.947730493
644.839773773 370.514766724
769.631323514 453.066794735
147.583496647 346.102258904
765.478034148 337.591387306
729.026260417 475.659904542
125.229911141 325.578041008
753.209564842 310.195456302
743.75727912 440.3699156
365.263965952 280.382463647
693.420230952 451.596054312
750.576827882 215.701154207
722.562430275 94.2754130078
756.090512408 509.181671021
749.692155559 288.492470077
372.76803412 302.538966889
762.742533523 316.995954861
742.620508906 293.155241224
747.401891424 243.302984759
731.671374363 300.232140692
418.646145713 320.492357106
715.528491591 354.244159586
741.898960286 261.696947725
465.394730707 275.143503578
657.690368809 313.098679065
729.575268295 373.676584931
727.267733954 283.055729074
710.320427638 375.70583099
696.012927916 348.336642746
120.167008749 337.218389448
664.417777727 426.088983164
190.473189936 316.529265178
387.980582016 240.131124336
675.72927222 421.657932493
390.693287575 255.015115904
166.501611251 358.199223346
681.729417495 307.841740162
681.525599757 353.045004085
733.467583027 617.460796816
731.658022649 390.330196402
722.685516525 304.426914218
677.566469975 380.772890844
772.023292583 311.780143494
760.081796871 475.743828467
688.134378933 283.201433721
698.547087705 298.902181747
687.145183011 109.10060828
664.892559665 388.976508384
701.544491533 408.701377066
653.448748057 400.038975097
740.378060996 573.111991294
726.992400953 520.546331608
698.831146599 462.157514248
729.73617741 407.40621085
769.637124974 530.534181674
693.109581142 383.079346557
705.229953448 107.39631615
705.389753213 433.388164882
710.910833657 313.482032997
188.09006788 336.993745658
705.408317922 327.821313796
700.988748979 155.878651679
762.049216622 564.029659173
94.4624664522 345.349799518
739.040633265 320.689931132
704.851550837 556.157118224
104.685928879 351.384687257
648.122189818 328.821828132
144.037906129 319.208942371
433.727120075 275.240240845
453.448724798 301.820534913
481.929578151 304.832675404
165.553972347 306.147716832
753.095499937 603.27982954
420.41940379 251.385103011
661.290516525 337.808090039
675.505994197 455.217976772
688.622952712 360.984741141
723.7204228 113.228550443
685.05105886 322.44768523
394.099300983 279.718958153
759.596999155 287.474809438
683.259366327 426.974816704
692.905848669 487.465316697
681.10753108 393.873729341
402.150987036 293.711045455
733.346152744 455.06545409
386.96413944 332.336630757
128.154562793 356.70145422
657.501253929 359.117843094
207.254905305 340.587192079
102.233863532 318.829314892
717.453277753 264.789619693
652.945984145 446.597885643
694.115368629 127.669557279
707.06230876 280.511688296
716.31393286 236.169750024
767.66284578 266.173936993
