715.413511983 210.284530517
622.835933021 523.959513853
269.656822091 221.110843629
632.328579773 699.051308416
680.407952142 138.710884263
686.158379323 379.244901539
266.311298517 507.660310261
747.183425024 217.165725073
613.334343642 90.9916796042
634.854222362 430.583791745
634.554342861 187.6464948
704.083245506 120.281126941
686.961439103 286.772923373
265.159112999 106.361175932
242.49116001 123.232969037
605.68530177 688.894114934
259.087984278 164.790184557
575.716844664 65.9093804885
639.95275791 618.671232339
586.907561583 132.038961957
239.817943148 189.826518364
703.38879327 71.4600256502
270.546695558 135.747204204
289.405154424 537.962251635
678.904710736 102.521900776
708.50611461 288.162593513
212.87841283 119.797873167
713.0751972 173.586306239
497.094355121 70.3266450937
438.76448568 552.425211346
292.890231919 492.481521471
709.371820773 239.986626259
689.657429245 401.205584007
679.124501118 175.857548458
619.887861677 677.107947899
644.478942461 700.04159214
612.987851498 444.330477125
736.056354535 236.687517052
692.640883013 211.43932597
666.792156839 82.6138246323
446.590259949 531.670912538
608.077739969 107.960707876
661.613943046 132.351080516
670.658000812 112.704675547
690.826793708 145.747039809
719.695185441 251.759466065
589.373359459 615.940004159
615.563485459 700.061342411
737.943427605 288.760262343
629.244458322 407.787107872
683.143958902 121.950267958
605.303329802 643.558920006
586.999343145 670.556026058
236.694827433 150.550903016
388.289766918 166.996338668
733.693267258 196.573866545
664.441385385 369.860933147
647.907037612 649.834719946
470.82670621 75.3914519705
686.842112875 243.736783085
723.878069479 312.023802439
756.480346804 237.549160494
666.36807773 406.358764945
561.323180523 96.7976996098
311.025433897 505.411255676
697.014823298 313.967809231
268.394848856 530.509317674
644.776509334 402.05292604
617.79673047 560.575209475
530.315468823 56.0256339649
541.971191786 70.5165751394
213.771382707 159.133645872
446.915957157 71.4846500665
648.11730559 682.273028686
585.927153704 532.721593728
515.332912916 88.8890692272
621.339775561 591.127804413
288.634971727 513.242155592
691.773488105 96.1784856935
718.009812198 113.406295541
718.047814797 130.805528439
477.178637052 91.8886395999
595.138419556 569.268512982
315.044263039 527.675863185
688.814480328 170.423345428
266.195214954 185.981234808
707.314337762 144.829111931
573.845096944 633.462820949
232.096567361 99.9214248007
729.654925613 266.390742151
558.357951174 132.524675612
628.703078337 663.45135318
699.605027964 265.136430224
684.013894419 79.2611670618
607.199639622 475.218177583
707.952687658 88.3427396421
636.398488321 122.078433967
758.129414581 257.63263289
197.131333924 134.521345002
597.101097061 604.677318692
