514.424263049 604.574490495
251.315514674 526.586602091
251.150883962 494.864743593
176.817495741 584.042888333
268.338423096 522.273811152
165.264478751 564.603619141
252.947038139 261.473493562
355.780594815 291.029368931
505.594423984 574.818446108
224.009289794 564.866607328
270.148775359 490.613274688
162.366534372 587.77010647
384.384405492 551.111313108
203.674015915 611.59535697
308.992953061 99.1345596321
362.187241615 576.512056494
205.787421127 634.730948107
249.011182523 379.666474504
183.176052549 537.251340551
194.735790339 259.964661196
202.46185467 601.945083846
213.871691585 566.199004026
228.587943817 652.613025162
231.071544933 229.707946255
286.839221262 249.191764778
545.873220814 609.255946902
259.129391228 160.267905806
263.738005456 216.917564989
256.307808147 137.239194343
261.997866166 250.41119264
245.779249295 247.233658623
160.678055108 551.289092359
215.174131902 348.122280084
190.125033341 579.538137935
377.280582381 505.953116105
185.632610808 639.91794284
177.570319253 293.954456831
179.874186905 618.678462141
285.86503988 162.956651322
198.372211987 515.713269557
263.0801637 638.729036454
244.557673365 540.9465262
211.809100227 272.695869899
237.297180317 587.378736091
202.486023143 574.742011992
235.042686031 504.080659334
313.892967344 177.961292934
322.590141514 155.440607012
281.982477451 96.297060662
561.453039587 591.902612608
231.748090347 546.443264042
227.826611511 340.514521183
243.496428301 632.044850978
358.452307026 549.542983418
235.837231993 606.641393726
273.362289471 241.659853843
224.207416597 528.567837663
376.625576084 537.04271172
297.103356566 112.490188724
291.418837166 191.362791744
348.686886683 515.535853793
567.453253766 566.946675252
204.48400781 560.017904813
279.053489141 109.524354962
409.033766844 639.158965403
154.242183921 583.536266857
203.089020606 592.251021878
253.21619533 667.454899722
207.895522519 398.523845713
195.038752219 500.618080213
537.004214374 578.659268536
243.023841364 332.778308225
237.549244983 286.168278555
127.005939872 277.035118689
543.470566966 552.786647774
396.219521128 570.254916501
207.089048528 317.739901895
333.869729082 406.37073897
259.877236475 610.090232358
207.454054112 545.312002541
190.484239488 563.948617861
237.003352097 560.332517407
216.632014258 626.032560738
281.589443305 226.696460107
221.510838633 588.505339652
278.630616264 620.146711346
337.267648902 542.1409116
214.730509076 667.776113294
299.996193284 215.497284667
225.242992664 406.392582735
229.698859276 372.911006864
209.308628551 296.393852352
185.852071526 606.239646753
486.341935573 592.668354587
317.019104112 134.399121973
235.873974228 684.433945906
258.549417839 112.319684229
191.255186145 288.255109348
292.33467202 134.996837341
261.785454492 200.283896629
