276.117275037 537.447406938
113.228466153 343.038763539
455.676217987 646.586362598
489.111980575 679.832688064
99.8197890203 676.193468429
34.0550897789 685.659408991
73.9405829993 485.944463509
696.520543513 720.458043243
662.11529899 714.055110156
53.1016918056 422.447205712
176.580499315 536.959135663
602.872052679 501.721850147
49.2925439546 654.958149858
145.915371859 471.306215383
55.0171182857 702.269404092
631.531660249 706.267326674
652.54447473 688.875882761
97.5578144669 631.164955514
113.501408539 675.124264024
116.787420962 97.7523256434
69.9651905454 407.287193773
640.548444839 679.996335911
71.5177992483 701.964907859
77.8789648288 470.331825425
100.24968305 542.859968404
71.25767933 685.10297405
21.4053489862 624.127312339
467.097346964 722.569683284
166.174667554 464.518421341
481.31327032 708.154526328
645.38226606 728.207341326
107.024520558 249.220822465
407.664638952 700.209158524
144.137107409 570.828150417
83.6632695646 440.003942148
122.610701215 308.077481857
382.064107063 710.54672907
490.038917004 741.579704844
659.422810867 653.831895768
123.281952542 232.50948001
41.2377553439 636.302008662
81.889748726 638.972385097
214.142008342 572.202308426
79.9688790601 498.857071926
121.795878444 614.759511443
95.7933514193 117.813825934
75.2356045238 664.429843939
92.2847842371 565.244455678
66.9127817179 641.003261025
373.60566896 675.809760713
149.222355166 503.015106279
111.106311012 549.166781864
398.484611461 676.882441695
519.08960487 697.558526414
102.825549781 715.407024294
115.539722493 570.278254708
95.8197818845 365.380972737
108.069144637 409.600450316
136.734161373 101.694436879
671.119412049 696.547383216
37.1247132094 611.751076774
694.781166684 699.06199512
91.1078478347 411.0356372
67.9087319657 615.399035265
87.3814719992 602.546979301
75.3903109558 379.869339382
668.789068475 683.499036605
84.5134384631 586.715069997
110.328260243 667.737660418
246.546955947 569.010630505
683.290443804 670.110582063
148.284862902 556.642351313
699.72172187 685.669052789
64.2197106348 455.769775545
107.49495137 445.738068525
92.068033833 703.087128942
427.084437948 630.206383549
84.3299731736 510.800298463
183.618623567 481.379949173
115.868751927 118.437251812
536.768238523 354.70184835
160.759038671 134.719369336
424.358636405 668.828825894
90.1337148175 681.00156711
111.342009136 597.786296931
514.176701972 727.394568857
130.574215345 278.026632367
397.91571345 646.830592386
681.14609582 712.850139115
139.977706467 120.038244647
43.8225591735 594.888944286
100.800638719 507.309899779
62.8041136888 678.021461062
114.467083389 83.4805411838
92.5100734488 529.319605783
102.502234202 100.199952243
236.549896722 549.835611165
34.949066578 672.211307779
127.255037293 529.16455036
51.5403906005 614.268163907
