333.524527826 245.036167563
422.449365463 361.578304531
202.632987576 700.078333189
322.462052956 392.014489158
167.762305053 189.744892108
112.100218884 301.370167862
388.176224818 86.6434116225
337.211062406 319.961379664
297.352589953 209.752257021
269.163604397 659.21447269
188.210085792 262.418397863
257.162248831 142.05951517
88.4877562937 302.199693132
168.064413113 277.387974256
95.3789783712 329.58121451
282.679998102 508.192617904
239.284451841 635.047570958
136.021025749 193.615587045
425.006970725 406.647605616
202.753536844 261.500588236
216.198357179 686.936391487
503.649791623 173.281324788
136.563448484 353.012004878
393.061421866 118.822905202
172.514016481 146.105889489
114.161298419 339.786659187
98.0487184437 288.670994246
335.380438126 202.138156054
255.652708502 204.899008181
224.626208928 699.814012157
438.312393062 78.0285066778
263.520489328 269.464880453
299.220483978 348.288931463
176.975121488 243.888771833
278.005708097 468.75582754
321.745956433 411.540891891
256.237744182 698.991864019
330.354801912 286.971086258
289.54505257 258.967837502
248.383383589 115.29263753
240.536486669 687.398096853
118.697480845 225.678785613
311.68823716 187.181635086
141.235811518 162.003071268
114.942894257 167.093850932
283.061029307 296.722320994
143.330758517 325.340261352
296.046037108 446.678613633
133.829758703 294.974197856
253.754848619 681.553481024
180.610818475 165.966018483
274.789006266 411.692913318
251.668611604 535.369794407
221.656082797 602.815802684
136.713070424 263.840900278
393.05989198 277.433615718
229.560208429 516.555465469
309.51753518 374.85678998
220.616471437 220.942026422
231.466067018 289.233105306
234.836363429 478.223538602
352.563510785 347.598174998
256.739401752 479.008678982
355.37406789 287.640657338
429.602516543 98.8389414263
242.756091155 502.471814035
179.839031552 219.269868459
200.655420442 540.49408993
416.232475251 392.390664929
152.373337659 174.328721581
273.025393865 201.261973357
208.734408854 664.574090986
191.289899515 204.539626834
291.368120385 412.01948697
320.574888393 355.446187286
151.113291443 243.313715531
389.88393087 384.92684451
401.075574495 97.4309949988
229.367108804 143.382473659
295.981270222 161.769504247
252.803105393 173.289026282
267.215036845 317.578084346
376.02503778 369.380329324
137.047163999 220.89989941
299.548615602 248.826203826
229.467764519 662.384208619
202.511940224 165.621020607
266.566889239 489.442537875
188.485502878 299.275209703
296.220128526 327.820319267
113.670506296 290.344431895
281.158571661 395.356075011
121.498555225 323.03228188
265.432655691 127.904219102
382.942665859 345.744291597
266.993473272 153.756333379
251.63897172 235.470074547
343.509210698 373.534585042
195.426458446 631.04727354
297.645852838 391.238085423
