699.821403861 316.073176356
482.988607925 590.530382978
448.654303352 695.840533245
500.353370718 612.540071956
306.432573883 565.250402431
197.165975178 506.195046368
404.269392091 573.2078342
668.385679534 546.599485665
512.705889265 333.75493669
546.530304949 682.365238739
466.228667552 467.062032941
474.644824794 282.785150661
157.721684278 524.452606573
433.937668237 467.437100194
155.127680579 547.072182086
545.072943844 669.199530587
511.582327849 672.276652837
269.860708137 528.053371624
378.067638959 633.150758207
597.649824161 585.304790608
476.13858863 698.086438092
516.726166624 589.724357747
220.134239782 589.840612234
410.648901248 597.7822936
286.578362269 506.005016222
184.64338791 568.877381393
167.861626874 501.647711281
686.058611805 568.530386196
440.02022057 313.016220774
496.780646369 701.864197603
577.377664609 610.017853888
435.605292558 387.330339859
643.858827132 607.122669898
447.643680957 442.187251972
560.581388014 632.418558745
491.705302141 621.873305616
564.778771735 710.098831508
673.378061971 564.500334243
460.172409616 353.175047654
458.636808518 266.383843881
541.755449866 700.298387731
233.377480367 544.120120567
684.765969033 300.125393952
257.226120106 479.002326818
237.948839226 500.455372997
484.706755084 397.662354973
221.445536608 554.49756587
347.929305388 565.113535623
200.109830463 518.927791771
562.615804239 698.777309602
425.080961123 406.780764514
420.712077477 637.386168568
587.162923961 672.417670256
490.114295076 678.477557324
261.863570929 581.33615188
454.416578252 584.79884973
464.04836671 661.505819954
615.802439673 615.011159234
624.038939367 571.055831173
642.446695356 581.856096953
456.629680752 646.659859832
652.172251462 565.263185439
536.763592716 652.630164962
691.147144028 583.073399401
482.795984836 569.001869002
492.881071713 655.508675568
481.63457567 439.973181097
421.447753959 659.110136568
365.576695404 591.924874671
310.490588553 531.616192331
483.363883312 322.994209805
462.097997924 676.540738169
509.293269216 445.600011201
465.460678361 625.471310572
653.292343429 585.110809827
305.959449629 585.108994658
664.883661143 570.705961019
446.090599096 557.005861021
443.612121578 278.442377101
527.829754637 312.737626915
467.256068201 305.707676472
630.069495342 594.451261854
662.698274687 594.318580143
276.866787747 552.390530898
682.024989074 323.677629578
521.383442294 697.010400037
457.909798578 411.869822488
586.089259538 650.956657171
577.167790626 580.682958869
635.726801353 563.736274145
186.202635154 481.31393041
446.760348981 617.069329748
183.445495515 534.209696907
505.823074688 256.727243163
399.554168816 614.020349568
504.966273156 296.731198596
441.413842239 359.99879438
677.464091667 594.260007242
446.327402753 670.527075995
473.646147251 603.635106214
