670.839762484 571.150090768
691.354021391 537.178056976
703.08839502 224.502734138
262.076405472 187.543368984
657.207151947 636.381348243
129.272502017 141.475688104
686.323768655 560.877994451
583.37230459 64.4988720121
561.991701515 96.7246079446
613.177605959 188.114642141
691.977000579 327.432705444
684.089822637 652.33153869
363.947023527 368.566807787
628.092602489 108.292656166
582.402226254 111.236674083
101.250960561 160.700325413
196.394309487 126.78290957
345.212748456 385.671905405
637.204266168 565.154293231
642.186869704 154.863693512
670.292610108 227.883301217
682.386636193 237.870718635
634.989023501 184.355461674
600.082453159 60.1757544685
556.408305257 112.94016755
562.301058835 105.384641156
607.923535231 168.856211052
601.301214901 157.211077824
659.799488822 533.397192911
642.084401254 94.0934032963
223.609740056 140.459327903
165.972651467 183.400882212
613.207986529 144.773943415
682.454472217 614.329186654
609.965264116 131.277402453
656.885691307 151.191512248
591.88858244 169.631606549
388.217711388 363.23624017
573.198020049 135.140788278
618.58424074 90.4340942789
139.867221934 174.571676132
625.746197845 174.860290479
668.701402314 327.274272885
622.350277923 142.215481804
699.770008725 246.655689374
658.135707323 666.064668445
159.305976037 131.574321158
99.7424978553 140.869800135
603.404780824 82.3742165365
570.089041547 152.474693402
645.010181866 222.422338247
643.629543154 189.484524041
126.167173559 166.153166641
247.924452487 206.501208765
145.93165159 198.816999013
113.103174657 141.061051172
420.819491174 108.370643386
581.594504455 138.142351146
607.915307308 112.476648299
659.886705635 694.437724203
638.83278122 540.287595
677.741639611 676.44466228
136.707597796 131.83867178
643.406489043 175.500828853
639.084995339 690.487325037
672.09187911 289.608267648
360.507947009 495.497272735
639.942839157 261.674533163
677.146532931 696.377578619
641.866977699 117.430908468
600.275710311 127.361032417
446.13144853 108.233027676
622.842911827 126.444079771
651.801268387 249.328214993
200.095060731 166.019193912
338.74832094 494.665877924
566.189390652 122.483056326
592.476847062 143.022443758
566.265024636 92.3454257869
634.238833916 140.707527237
616.061887217 164.601948531
579.503265036 120.071583359
663.218946877 253.505315368
240.604566072 183.51644389
627.483093249 667.267242944
583.534952773 98.1952333878
178.739922401 142.029514047
649.105011462 289.615349717
685.53014115 262.573058381
697.978914646 306.992196489
695.000314943 201.661252074
430.444170707 92.5323354797
374.737121466 657.509357768
545.929126456 131.986276191
674.039715217 516.619753722
566.895929864 78.5540611026
647.499033192 129.941986485
161.195341904 164.906930709
670.830329675 272.339310027
669.89456295 205.73116271
