534.453608503 306.993546086
475.891160482 184.919282927
522.965470007 285.784397591
532.78494557 234.230248075
458.469820183 173.62682565
567.372764362 152.363438446
614.275061035 122.880569269
588.257311854 118.926100137
555.514908349 238.110783884
515.189237478 424.783126704
563.508168088 344.652009313
257.362107064 92.462399251
541.227786121 325.024331157
536.683443396 364.270606375
576.327055485 241.586436083
478.886685717 282.244929455
529.193176651 409.191853261
629.531219716 502.144858606
147.715700424 135.423402361
287.236111142 72.9053492673
440.213804259 140.255180449
618.70514435 467.925703383
590.812717672 269.536855962
536.942043467 267.635527873
164.068577287 178.175799031
447.465389043 207.016876932
567.6864255 90.8610453509
579.057856557 75.1831903565
583.312849599 166.939695636
231.655307827 123.195702317
552.009726637 289.900285156
532.44120604 166.468127596
499.079088615 111.607975211
186.526178981 112.426539441
530.358638485 426.88687925
260.216975961 53.0386723734
483.443958846 150.246560349
572.465131634 293.766400997
513.483509346 170.121988869
418.072594797 159.00345771
540.363373457 149.888176873
478.953171756 105.889242604
590.541125194 293.177129887
104.369642428 181.846320358
491.2601446 226.750154101
557.851913054 179.760893133
603.868105968 73.5103248448
580.976091303 54.3521057104
483.89953821 201.246690458
542.875529771 128.268279591
173.773858492 139.020617479
455.83616372 252.12380047
498.7953273 177.412580583
551.733190416 205.149002756
594.102529913 243.589146428
290.408485229 108.542331988
508.417842007 387.857630044
486.436706337 185.479301921
588.135437155 190.027668618
462.140110725 111.589661318
544.601402744 81.4068155854
520.142267015 348.874249566
558.390853917 124.170283449
136.289567259 156.466011357
502.029949146 256.526413524
192.163606113 156.787323829
608.556309872 156.812191914
116.878870814 162.433715855
505.187887465 312.005942536
562.870543008 316.257673452
538.753760095 188.428301511
360.844315458 496.461555091
549.918270991 43.3287289362
465.198410362 216.089517977
514.441791539 199.644727235
469.406991216 252.453929265
259.742667281 69.2772074343
525.154536727 68.8245236554
540.989040491 106.183338354
573.072553593 128.738637862
608.464833788 85.7981299937
537.642801659 395.850872528
518.53353778 49.2221879713
545.795662423 91.082832691
551.739268267 392.55460009
500.422955268 212.436716225
128.413384032 189.679719232
457.305846868 139.395363459
479.924315026 239.261790856
516.518484662 82.0188847999
579.501647348 207.939207375
214.872285632 82.8732636054
580.233309671 35.1775895964
511.846346367 328.553892473
440.097701318 96.7963650799
542.275203965 66.0987630789
425.678562166 181.074609027
587.877328999 96.0049813941
548.745010526 53.3546391096
97.4715938639 140.245793996
