690.817307055 631.210814124
265.224704441 318.449774065
448.189618968 624.573392501
547.561530101 457.541355686
377.587727644 438.190542021
622.988407995 181.099212275
529.946856315 488.558468642
449.566102301 510.339697021
638.844356172 520.072946771
592.945023213 298.88140948
508.145535146 102.80824144
499.742795065 456.14595339
204.524105871 689.089518349
526.580348729 467.930983387
181.573540899 598.438901405
622.172825452 240.209083496
217.095314497 599.285127912
154.003716969 416.580341985
502.820361861 219.863120785
361.057508018 418.464857097
658.012517035 615.439631492
387.030045006 379.666586105
409.243210191 387.253941453
326.819467692 221.539537925
631.473660951 392.996970091
528.678852878 599.935254665
102.044871293 105.147695773
647.948765343 190.945241313
414.205837807 174.536543906
252.831448947 304.642145272
138.149037112 110.070257996
641.42711635 153.768571238
162.938575154 301.011048363
102.149061391 552.479286099
519.152650217 623.179660339
401.053988304 446.374699719
186.877258834 243.834411853
238.445294645 405.526711113
169.321819401 131.615389424
220.660371454 625.888828901
494.408880492 387.137061828
168.024773241 361.601317734
314.584390502 121.545728463
536.649948795 631.433765621
575.140311202 277.014236149
616.807689646 214.169001593
413.981989811 106.951089872
666.243232199 146.209967269
611.58589958 137.11629649
705.205312031 691.524565352
602.894209205 262.212363189
590.882218997 234.393820653
603.82992889 404.775850969
187.311303844 690.039674042
541.205700364 310.081691952
560.537770434 217.825340895
297.838245256 84.7475624403
182.224092207 661.550219824
421.878015308 136.293330913
397.669498305 190.749739369
481.529014119 234.325631168
663.651291626 553.933530617
337.481631009 237.019708892
176.122699619 644.446230946
626.816411385 491.101406871
409.677903468 576.280742356
633.642242773 622.354516277
579.504975446 400.081415568
294.513700567 498.436309717
624.048149345 149.446410465
650.858116192 597.866200816
150.734467707 152.807459252
426.59853929 157.688028536
210.634138499 243.734808084
667.922802851 526.529250574
483.352778417 673.86945803
375.215120585 404.06352149
583.002601494 268.325204198
523.405246588 383.116552501
186.464007914 264.01267579
167.788052075 333.972578837
112.062011824 704.847881954
115.582743276 543.216303353
623.980877447 119.086044049
167.62982217 494.819076074
398.34808566 418.582204053
192.573496545 622.623335485
486.75454256 414.396642011
174.480435828 678.973212909
468.279705426 253.964019935
140.559413636 476.406930222
106.787298345 434.581636875
425.067151013 608.130254778
591.526910111 683.110669434
496.503081996 134.074233854
557.601316917 407.805060132
376.707303832 165.720731931
92.79454977 202.708544052
203.851936135 107.791271544
628.78281585 415.341390453
