570.027043956 255.565718409
570.841611354 268.484801353
591.083129213 181.398313404
616.073327858 168.613216839
557.109529667 672.323726761
547.483737457 547.834680916
591.235556061 584.701809129
137.147209568 111.595940888
454.396512333 51.418034271
598.902778345 209.146545604
575.825080349 679.309393683
595.322462163 313.052220122
450.419172229 595.606664075
489.476431484 11.2999242296
617.27630223 115.001831855
512.624419627 677.691151591
608.042036201 160.383190749
555.807840377 564.139391837
573.348730455 628.25103707
638.393692419 246.888649717
494.462027837 80.6941954195
614.533243815 249.204503106
610.978625752 268.589991772
564.770775597 121.145962551
466.23208288 76.7885313792
543.660694883 89.7044071584
574.034770338 89.871534326
608.309546752 151.998431451
539.571034795 663.088691837
494.200842616 18.9800298079
559.062061169 103.968285698
524.616929916 579.839951115
168.927291991 102.076733881
572.675543132 223.278584826
143.34371639 87.1212288943
620.829188003 286.595457897
574.275852243 125.750024277
567.915200832 588.317178689
588.927712031 116.206309626
467.647909292 24.1894835638
521.363142489 697.928413953
547.355720844 115.614781481
555.78411709 699.111145197
499.768496332 61.2946717339
624.977114985 169.624524843
575.830203747 295.108480307
591.948467925 129.927138814
612.728496935 142.606040314
593.226219517 108.076857392
584.547145262 147.445905098
573.279380011 141.011642284
574.446234119 343.080248307
559.553762984 525.07024887
521.882103391 311.053897452
528.335864839 605.147545341
591.369094595 165.595322125
571.357582103 548.879416128
503.204112862 38.1086843467
607.059082 98.265383763
579.716450987 643.348672589
525.032549775 649.709629851
590.867500034 290.378848013
607.208232232 131.712158142
583.312326988 77.3098024325
590.953919196 339.389666197
437.141202896 619.321759462
544.363540072 713.075354181
540.301728678 622.847419333
587.483528111 614.932790858
468.848754949 42.1191950951
475.388980134 58.3814429758
571.153781155 174.922538398
164.577404764 76.4528147762
553.382778753 308.413927237
561.213443287 162.173775828
535.483911943 689.373433842
600.035436323 193.487996026
563.735791651 57.4367145066
122.189623251 121.697746091
539.190070416 64.0429573368
582.721433096 98.7639471774
556.792735292 81.6822749111
599.715885346 230.639276495
614.98453004 212.962928082
576.655346678 698.111294624
150.339599825 122.715361649
560.47211548 137.28774174
426.932363348 599.442733595
585.709185417 255.786196842
578.942805983 661.553070924
559.944729767 320.895774409
602.244136186 182.478536357
521.447764451 634.262434759
125.047063581 85.751537925
548.052622056 645.155028366
109.234877403 99.6609127738
568.303289229 111.234010029
544.367334058 587.29061217
553.812220907 606.802740689
623.585185918 144.945417941
