107.009715475 250.944285193
225.19804818 416.804752823
179.77432002 309.463615886
130.738714391 272.855318163
212.982805555 372.038963119
96.7942499313 250.272392315
586.459691707 303.932632967
164.542585335 428.686617282
79.3527581831 217.63112245
601.396198351 275.250094221
193.091172652 335.830704402
96.1209964461 277.421518111
140.16856094 370.682756323
556.087894715 258.756967944
157.557853771 100.375437948
196.467159203 443.729126221
700.046626594 258.021571682
111.65597553 304.732748443
620.087595016 300.751776016
667.782100993 272.390904506
685.050466789 264.01044922
643.758200106 275.676385473
123.928618775 287.364713001
239.793554057 133.27462806
666.496267908 253.256179026
101.149078555 169.572674355
157.107020106 143.719893546
260.149397676 142.937054557
519.369008053 261.951125813
217.964203706 169.455185764
209.573975868 131.066075835
81.0367352519 245.335616916
113.321675673 344.454423039
75.7840831207 231.767260017
82.1446714571 231.863501475
143.79275986 297.031935083
122.384916401 265.610240993
81.8559800503 281.875416716
188.415565578 100.239662266
166.597929991 185.226232887
185.549785025 632.34750972
250.359994821 162.721336771
499.396733759 279.679533283
166.975362681 215.480370059
673.269816562 302.718674156
201.243003514 400.135594578
206.508476309 103.317900029
221.547917574 105.494676339
120.106608824 111.273724053
142.61999735 276.995028468
165.375421733 284.123010263
124.436959249 307.995913092
182.776375958 603.734098689
161.378208141 462.179572917
140.762703788 401.136767554
244.412486289 189.826230328
226.172416958 448.141315283
191.629648144 193.22270481
145.073002134 116.59378744
149.888897778 341.041183257
452.714939425 277.345122906
90.0756682978 272.528784527
247.545209597 116.251731321
141.535888467 165.17024943
213.211770612 593.753439313
59.3881275308 258.479589236
472.676400167 309.926512762
174.252076266 586.237975049
65.0323902183 271.082378935
134.455376181 199.069509201
87.4011461728 208.646445761
105.090979223 230.176073293
113.861590519 247.703873636
127.472958828 250.011272675
103.798655735 215.752069377
197.976828249 621.152059866
88.8143700683 233.033931328
156.203292775 166.37583999
111.190497158 408.707539466
202.295669124 154.414103746
163.785796503 126.720297642
187.045840395 123.734064171
100.223983437 280.133222039
692.409456732 297.187393081
138.608012664 321.225407214
130.804067128 438.805975288
163.267879827 256.991373286
113.332058218 284.39449084
175.478022561 367.666537441
112.522258389 322.03940454
72.0483569898 280.530289088
140.667386925 238.630569647
98.3227523663 299.596866819
58.7035344446 224.738691527
499.468418707 260.2468083
97.9928589173 380.070734808
134.283481689 131.071819249
472.358616149 271.463879787
475.740377195 256.086468912
699.596501437 284.725650175
