557.380436033 113.579280863
458.682899727 221.068727657
613.541690531 87.8639995519
646.016714827 367.965846211
136.193426402 215.353698102
122.713263728 177.808413517
764.782581666 146.28411548
560.986005226 194.358206086
625.911106931 270.155151367
118.63955299 129.378552456
716.964663114 355.212505204
621.163008995 438.295489441
110.74001625 159.581278278
718.217465652 271.595450028
640.467965373 239.443131051
327.981724265 123.696512976
612.730635109 386.106536133
164.034060535 163.259131937
143.372749669 108.684049898
756.518117922 131.180325187
528.271810896 174.402833893
677.88290778 385.188351212
234.336909503 207.08612635
617.731237201 172.909023506
605.195523389 201.434938789
721.96640988 182.28911963
100.649869655 138.044096854
742.228613091 140.026316864
445.341351303 228.07675952
656.143308066 280.912504407
367.194139263 111.557677926
117.310035276 191.473223888
731.90531948 123.552261648
442.43078943 262.724153934
649.986159538 165.348337193
774.688797481 100.33635211
737.548781569 154.458769444
305.648848908 179.822837811
638.589592792 124.777994764
678.995249961 278.907455892
271.301193663 218.625854935
158.550918037 126.40745451
707.427018347 372.555431495
733.732391979 98.913860373
414.075801095 151.169882641
117.884818833 224.758967147
351.814811934 137.67841177
245.75300461 221.474887199
662.591442627 230.712769053
753.371772109 114.60169365
780.979164642 114.936176692
388.859262663 123.518397313
603.015289363 366.493180545
581.278058864 393.32099364
144.020548996 186.552521446
335.185313067 155.73157639
552.293368253 127.965260954
797.079242691 99.1729201125
708.686461425 301.496617419
576.917910625 421.416912942
756.427109281 169.153244538
606.195788079 427.240554676
426.648245945 239.524737882
136.197146898 136.940291001
261.762319626 241.873752959
679.73902578 310.785044449
616.38119567 404.464410132
179.3378507 122.642660539
281.942303098 251.889004402
735.683370657 308.870533628
600.597597085 64.7387630554
737.715448895 218.879027502
600.495708061 101.311780036
718.573719477 326.538044965
661.913851862 399.990266141
140.788254009 154.996955957
609.80664285 123.039553674
759.668631222 99.1868650406
509.28877301 144.938510388
791.208513579 135.240263838
579.884292997 100.399668828
504.641351535 178.69286817
508.361643488 695.305306312
297.642399784 207.91976172
297.71359765 228.845041441
701.14764339 252.303362939
482.974930085 203.088407147
522.54956629 683.746156163
597.286214499 260.117058539
739.052352262 343.407741136
411.619797734 104.574140259
699.863315356 346.541945029
100.602945568 200.054419365
735.402064047 194.502145512
474.366068162 232.004342109
612.124050031 223.329817654
590.499943522 133.996578321
99.9207965071 166.589884724
685.321068706 346.098117142
442.32805856 119.794509709
