341.977082229 97.6081207147
311.298598713 142.276999508
356.321374283 163.451267615
538.913119207 588.052709381
232.673326506 615.206262054
215.745911189 602.854118487
231.27590011 585.117905241
278.645998097 416.525798779
514.061616085 621.533175997
206.83069916 593.881350435
424.206636328 297.592328909
615.860047498 565.122294758
167.282037543 585.775484525
346.620666341 179.408152537
272.810717432 566.167067333
428.245311174 574.815194414
566.529418322 604.716928047
324.200597431 617.136449379
292.94467011 611.350080007
216.442922259 559.335990281
300.529818693 278.389502785
590.824657442 572.701531155
333.411368679 578.422693476
302.701581486 320.130341104
275.318758411 398.45125887
299.93252444 436.851451476
153.290500689 565.646742157
330.224869708 412.784015194
316.103082481 102.170730927
479.019712356 585.547582358
446.481944295 588.693614322
202.698755689 613.787030421
302.936410261 388.037207217
294.665295618 375.506496558
327.780289875 264.666610739
331.547735196 167.012101849
311.098336799 413.619452117
411.220358994 568.932765892
347.555612319 119.991819757
234.146223026 554.444856911
379.018664385 570.778023819
267.131729266 588.228394008
569.927041162 565.335258582
324.305509136 350.31491783
444.040488046 635.483018428
182.008215795 603.810810965
418.844685827 598.748920117
362.768091565 579.60000922
225.335838073 471.794825186
334.870736952 383.833361632
373.90600918 255.816138892
430.39194976 616.926095248
513.302935067 587.354759292
545.109293165 615.011727128
271.930627546 618.095420589
410.919894633 614.211207149
332.368261587 207.373760935
347.219442394 226.996441253
243.20175103 541.618957664
573.813126829 626.61050474
223.600051316 454.358244123
611.824319562 603.864299435
332.949720895 240.6560435
252.063085827 579.245706763
352.185192358 605.474673217
246.365759812 572.155945001
593.636857577 591.959846899
304.049159139 577.852050849
368.906605208 624.214379776
366.509410881 200.395015719
362.775927588 103.326565645
460.031995665 562.206041765
359.496469679 133.400658897
260.75947048 539.082627789
601.69092526 532.829956082
256.881965158 609.032737423
354.010528412 144.292350493
337.63964413 305.270095677
337.066093232 111.325883182
212.369811705 576.482121529
354.56072264 85.1852534292
322.625856438 193.352013313
634.339177367 535.346832489
394.396582363 585.569548368
389.927162137 605.145654014
356.553137447 431.232035856
308.536399566 234.183968432
632.255618152 509.457429992
493.066050352 604.648266745
254.502083581 527.888694658
460.739422729 602.158774547
497.326214864 541.293512887
159.783634352 602.31373097
198.162691965 563.753566793
290.285999527 357.287698962
195.873246138 582.835871358
338.497110899 133.28436604
132.798688953 587.495730971
495.371109271 560.806571753
479.063747263 620.215910383
