582.472232079 315.36257056
579.748638525 255.102460945
591.080458533 266.341024938
582.007153755 169.297901655
609.999303631 601.435434028
554.697522276 613.957393051
591.572319083 423.34230409
482.468614626 74.9222848447
495.618534374 122.266828727
555.643183886 155.133820222
612.091017103 632.644555893
609.53019046 490.827023186
577.473942704 595.878607957
575.842356089 90.6844005187
536.135105965 126.507904094
576.247579079 654.183590049
566.657972512 178.383507558
557.703116321 693.157822041
600.076109797 403.427680212
599.923138825 188.450997742
559.658687651 172.823077323
580.544973328 214.490321622
598.264517532 223.283041582
499.044257819 73.1046238799
517.977104607 145.843533734
568.120127471 129.700239844
579.673875149 132.619565538
560.581563758 147.576373981
593.793301718 565.200557033
541.923386173 78.0350574269
588.32510741 156.262848199
552.606456467 670.051489839
503.88585625 115.405777936
576.829653475 287.787254683
541.094165787 117.044112871
599.31244121 203.486038777
541.036803344 169.115657223
571.903060739 439.200712816
526.968872094 143.525468416
539.247582855 97.4275431093
579.201069271 683.432771666
596.61753701 174.655164902
603.348186345 659.802299079
550.968663521 126.18146133
586.381506895 188.608871078
591.682293131 342.559932863
552.006432802 219.178166661
357.339332147 316.137712081
500.730522423 89.398569523
511.002532607 165.402449737
533.075136828 185.633565368
612.505281559 271.586606839
560.824265335 572.305520699
546.788950697 450.174443391
569.287107454 700.005812884
530.81358355 199.662547223
561.344533264 484.454039953
581.820350726 112.57427874
510.703245158 97.5791083529
613.872842621 429.966873343
619.226873023 673.364667419
614.571132669 389.95019079
542.107201154 242.375745174
603.121291375 147.313248254
609.787428248 575.536148867
584.517712937 620.942391564
599.428096265 704.105093859
572.202919366 534.686642963
604.212160876 356.99625841
534.929130535 110.274872931
523.218549055 119.545738917
549.503041912 289.593499985
561.016369664 115.986164948
571.288223099 382.132259239
530.368092774 314.093987123
583.748793743 694.168791754
543.674220993 143.332718438
625.517371081 135.438687023
471.337999245 117.371914982
606.573323114 109.987419193
622.819659042 160.238698021
598.143470576 132.203668672
540.449787667 198.966312438
570.557597699 195.630828179
609.459641631 696.232848965
459.986946713 101.750961451
559.536747033 235.310515684
585.722857912 673.910731713
578.731322042 232.977370485
580.875124133 498.759723185
594.524919305 290.02150481
559.618086547 207.645987397
601.869095725 455.394591417
116.993248406 266.049129253
596.296188752 530.370409551
476.897840996 99.8580654905
621.263438284 181.991998866
562.827363966 634.514409901
575.476465327 461.670749289
566.74546953 154.447312417
