299.9884868 693.536520622
332.19124875 298.400088088
317.923492131 272.631337734
92.9099184558 689.316722584
370.517895571 310.294449912
96.0165369541 313.513607153
520.189905411 179.079860715
569.884197579 218.941094031
290.842536252 654.751562959
176.12653244 335.507508674
347.196308109 276.572258034
62.0661339641 710.559270957
604.954319013 307.175689235
100.180265194 704.598533966
111.516993036 113.478300084
583.564739164 333.472892596
69.095808705 730.21172616
539.750417211 236.080253564
94.4938887966 281.679249361
461.082136549 180.266254886
107.924383137 686.844246545
146.260728517 374.225465026
121.645586371 730.804889108
20.8410048091 172.421413884
569.822778052 171.29582273
328.170432216 704.078570976
47.2052963661 141.392697643
451.102587405 158.276310753
51.0254915387 124.417821706
123.503606077 207.194698781
56.1567717838 177.711854157
61.7806908286 287.96666212
25.2427158686 242.818992743
130.84221048 343.368907135
593.068399678 258.754456364
92.7496297701 731.900472937
476.71974228 211.826993488
88.4815407267 721.55268416
66.5710621583 153.985372279
76.1099959826 269.848271137
157.682184952 724.613702792
288.722950581 306.025648664
487.191845255 182.624066256
125.50640003 687.696067345
150.438748929 331.731478362
109.32887383 276.576749571
144.347673002 176.393798029
240.5741368 155.895921876
64.8673251083 109.257594984
342.487734576 686.566269767
168.119551777 308.36395812
50.4328916011 238.426877783
132.558909262 721.389055685
578.291942901 305.674891531
125.676214576 706.930366391
547.616106538 172.341037508
273.142647003 282.114251427
594.645044801 291.928653198
89.6023809061 100.501097473
103.916250491 171.721523925
563.085291979 269.93053163
357.666339305 663.735949321
135.071375339 310.137315742
21.9054103808 116.766087967
254.411230892 647.850718525
76.9992623139 682.580667814
109.776534461 670.913709426
152.844027204 743.900527879
497.270221534 257.931438173
39.7390002378 259.556475371
324.46244748 672.977045116
93.5054966601 238.528921472
541.862104971 205.418718257
24.2215698252 216.832637894
334.185557419 651.886715939
613.957233896 323.966599697
494.051863827 218.117785679
538.6468769 274.067395642
142.548517854 704.687273204
243.819558014 284.968884107
112.027841318 307.278100463
253.339397892 314.751534722
112.787628672 718.450434536
493.724057635 157.285110976
155.441523238 359.927739097
158.953983898 705.35055354
558.587570735 300.001485401
108.874742014 745.296348592
524.979263059 143.975414121
516.809177717 258.081329236
509.400139449 234.862598936
503.826828929 209.155214386
70.6134378742 712.901819838
274.371110592 688.847054023
118.631577271 144.115815765
124.96162791 747.232592056
43.2114676331 99.5722136847
69.7292407995 205.68831655
80.6477606031 129.713890348
30.5983440664 161.473389693
