125.873901621 378.981903836
426.028126438 490.673041991
68.7215557491 600.082378312
207.120184998 412.406621735
98.096510351 239.780562785
73.9378770993 232.652577699
134.920647031 279.045523844
500.349734987 467.70895194
33.9727440836 648.79035525
116.977073695 331.212764989
15.9307865948 696.280480537
111.166481033 448.190344329
119.422068586 255.804346857
43.8098711981 699.594656657
128.361312694 305.940286052
137.628965007 392.841954973
162.70571395 449.064251713
147.661434541 380.205033606
624.122806221 416.707502987
352.543150649 451.324803657
316.651926774 491.273971337
129.721299821 438.545395662
158.431886331 303.434039891
117.062427224 302.973250274
122.000592982 400.541907709
127.978187749 360.998124079
520.231134219 423.750340127
348.466314374 480.481884036
697.494841835 451.233276116
304.735772164 295.46260611
237.61921235 556.062947055
51.3419237767 618.186681261
134.022143438 268.46289888
45.6405507637 594.440854708
549.692840494 274.843492229
114.48977177 357.440820682
137.682996758 323.645796548
283.592160835 430.463091605
494.556410773 445.650424706
628.89233415 449.822397136
350.525058746 412.355295845
694.101359484 413.527793005
98.3141239286 198.048390971
380.973476365 490.016235679
453.984171953 520.629721002
69.9290802234 699.373526608
99.4667790406 377.92945941
521.909320899 463.064523741
59.0345932315 655.783282357
219.939006797 491.529538567
392.371399369 449.10159921
151.638664247 288.750492104
400.303164146 478.76400546
144.945514719 362.849676605
154.44379755 347.941083036
88.4771634184 218.421923794
107.752529272 430.745848139
468.852462216 492.272461085
72.1476676187 633.176644007
445.131136385 473.127390047
122.972825072 425.347535131
228.825368958 587.376983319
672.398385159 448.812049068
454.460391883 440.939692661
116.308390753 393.222648643
146.851512575 425.803447969
99.2890670833 266.436160981
472.84355024 465.52845355
227.775279965 570.186791944
677.400176154 433.193669357
35.5971775568 629.0165574
140.18469927 339.763778341
613.218441205 403.501674582
91.6890396383 423.06069062
196.74076341 377.350865538
170.256323988 378.526716221
33.1773812316 209.683323392
595.233915801 429.662913157
665.18719094 405.753231135
124.257977155 288.836264542
642.159402411 418.082662658
160.03692688 502.623828675
425.898312993 458.014954504
172.497283217 416.845501121
59.9251187931 215.952334741
181.124694359 475.480575623
108.95658937 420.342510272
314.496630386 466.014603892
102.700170868 462.145461735
125.375670264 227.931351019
192.965488584 498.605650455
373.324953686 438.682823832
20.6256094142 667.594589632
77.2327288901 675.834787876
205.972182551 451.39819501
263.109448222 455.43602916
658.476120028 438.58043132
45.348261664 676.804568763
288.027049474 477.682003244
69.1704793506 200.115988986
