439.939609302 307.086611381
215.490188175 230.096263937
621.249818978 304.713046621
546.705495262 229.498283805
87.104384699 325.314804121
94.8485107965 398.141145578
105.90653374 384.967717463
451.339804266 294.042351877
154.04981377 353.882136179
145.440589601 339.535288714
21.9119986403 700.716710954
410.636923706 321.016051271
120.375052921 366.276334865
34.6221751812 691.645355832
99.4410801584 327.483097748
45.9524873738 454.953941436
456.460539238 324.477824716
123.135593164 329.821469009
299.803542105 293.636283378
196.993783632 214.749745795
243.338215037 274.372855126
652.599915136 290.303636116
561.529565364 122.171940287
74.4292110763 552.483790971
638.156733509 287.106974073
16.0079902452 496.674819008
626.864902349 254.917242693
219.910458329 264.915375424
677.471554942 245.397089198
94.4985242969 237.165002241
256.334736372 294.492191151
66.5528816063 665.829492355
148.804870552 396.0718808
63.3247865835 572.561345097
680.524147699 295.776115893
79.0704136465 500.65409924
407.023172978 304.098502532
40.0624913645 202.165371418
56.0529583014 538.140882331
695.19375425 289.309030089
73.6985005808 158.354461043
314.511372228 287.10824038
183.718692505 284.433031763
109.933144697 412.386289756
597.106293839 280.120523051
44.9307775414 700.766891759
39.7426907301 620.107760231
662.707516931 282.645621206
62.6745667113 693.868950781
697.590529389 317.285211933
62.4410825823 201.480245735
129.700158111 234.847396219
87.915985337 215.976024198
103.880203341 371.923283
527.371464573 218.617841178
126.972446799 353.329511307
40.4627451389 656.709601447
252.454835245 262.907575638
47.0505145402 676.420241753
235.872134232 225.333172666
650.17451379 326.571983607
26.9588129828 517.937317173
686.700670403 275.216543282
116.444845506 195.150266483
616.278430227 278.278500911
29.8265149505 485.567659755
216.314632571 253.079715075
114.240325798 219.637089233
225.779883525 283.546997531
275.08896372 315.941816428
51.2971946262 512.085071523
134.085495246 390.49797731
256.835056583 248.77464643
59.3538289708 486.848956885
38.2827330535 174.96494108
563.670050899 148.107658251
77.2119063856 371.815686579
647.405744462 253.428740998
281.759808429 266.100755204
134.757304505 380.789583476
284.561139649 287.067922593
432.953294342 343.083460777
78.6145478869 197.157363169
113.93416697 345.292721639
89.0295288899 365.351734713
672.955437663 328.796281768
161.150034007 381.372794932
162.704910283 258.211253806
78.2216071548 469.091920637
62.353157291 230.331921621
665.955018928 308.114028581
61.7330538557 182.772946293
18.6424761036 675.008156917
34.7042770553 642.257092665
17.5779876845 515.278780474
74.5887478592 441.792253936
424.065032136 291.304961957
41.2260364454 561.722204231
101.013045156 355.025685578
91.0637233661 353.986890364
