452.30490614 254.065135129
395.786800255 165.120198166
553.092726602 87.6367104653
370.361257084 159.477812157
463.044970579 349.507012546
387.491187725 184.372667371
379.250382486 423.911301478
423.806460916 458.110186106
580.736466047 85.0402796818
373.594005177 74.4089270664
437.06108521 190.136321674
633.491595925 210.653437595
411.655040275 83.283044355
434.997662819 130.900328857
700.928433311 76.8511152067
459.193206414 94.0265252381
411.441919225 132.861508695
630.234108684 183.060732945
578.779159722 104.695354703
482.199132777 174.693764547
504.612184459 82.3705986557
419.211446304 110.233298458
419.997848358 374.01177643
426.464556086 74.3819460116
454.055924273 156.272139369
388.412483608 76.4165699978
595.646571859 44.2175980289
595.253299124 151.463302964
676.116655529 163.076197135
391.273948791 387.717276199
408.660040938 175.071575609
401.576988014 95.2146337586
500.206335648 96.6479414184
373.055120641 100.773594531
464.850035789 293.456873178
423.95608566 334.051587645
469.126342174 42.8933566331
394.120760691 350.962685041
384.946397182 448.119318545
616.072871398 55.9204914159
269.658528915 533.205747772
521.27901362 74.1482005512
496.579557618 115.778052031
537.260486304 219.883277646
470.838341151 95.2051968331
380.025155118 57.8677949111
451.206261955 78.3959526598
686.893194111 109.452572257
475.654490682 121.908363914
440.290574312 437.220017981
513.607276609 43.6181790431
395.844242555 406.203370969
502.970013723 281.807450077
441.769782021 62.400790979
648.366530924 110.290989299
457.944665219 409.965700921
451.800431777 64.5080460966
439.971236144 166.104661205
424.258195617 93.1861343059
388.840355518 143.650573107
231.762238883 637.496088451
415.930218686 162.045164667
587.813447768 205.822977329
579.557494229 60.5861913408
634.962407922 63.8524831851
464.294874556 257.023391964
534.749794307 66.2619176115
652.407261083 126.040856266
486.805037427 161.956895882
502.43956174 248.833197833
652.658322021 146.024376177
474.155411108 79.123642406
498.389869286 144.270749002
350.069701168 94.7643789131
394.383733953 107.097675722
449.523038111 185.846321187
521.835692643 86.590639499
446.582920363 120.965250095
397.304750973 430.742634244
517.384671216 49.750105793
618.82792329 153.901065779
415.086131664 200.897512722
391.279372432 121.770064889
459.506929681 148.030177548
475.867380124 60.2925845289
662.936696979 177.911492204
667.359854229 51.120772206
469.330829068 196.792217677
434.346044696 100.084029072
461.386305719 107.589415426
469.915774374 140.346982666
436.993516726 208.345396858
415.838589574 411.712846441
420.640509406 147.369753463
530.810890091 106.934511014
450.952016538 174.233191963
545.596075148 50.5744242959
673.615252243 78.8161360764
366.70923978 137.746301546
448.149537313 48.6924395535
