208.983781157 748.651293982
508.553537823 738.931576812
182.615227578 761.747012997
468.909417853 702.445290985
312.245370031 783.562333309
91.5910954041 716.649187555
119.914942482 775.167398647
380.885165211 173.965327573
383.319243673 776.887768126
197.051339733 689.024119129
142.506308194 749.88530522
263.504681019 783.004726814
383.822069165 303.625212334
598.677368997 758.391023595
396.887259625 753.676350614
683.097317714 737.182102863
594.512118089 732.202635891
450.857773866 720.01536567
442.781899078 766.889190985
143.605031106 723.313925832
695.682421634 765.974981693
623.442309095 752.453134439
265.802995688 732.706520443
402.50521074 322.378320968
400.256094455 142.294019325
403.631825355 194.703617545
148.440300017 694.808379911
365.134771988 324.553288906
530.098549125 757.008671437
156.31470776 751.896835261
97.9935168319 762.747433403
376.455299159 345.340259504
394.728972139 128.2686853
329.506639118 711.039015948
185.755122163 742.928309378
179.299377335 730.323821514
446.193621498 699.435557727
96.4026585081 783.082435191
344.192189694 732.394114371
134.857864248 669.535928621
277.680217176 754.981697632
218.288953165 768.888686817
399.746331745 100.182457476
646.050335999 739.816504812
699.544990905 748.797000508
447.940720537 152.418387867
510.018292813 709.699234209
633.461381717 776.384193828
332.674601582 439.55485709
349.496770717 430.240487815
491.998011306 737.036004615
235.667083192 740.94956713
253.503997027 758.686288162
123.915931122 709.210497462
102.457023845 713.795646481
204.686886807 722.132950645
527.157645001 700.243435678
127.344971389 750.386306083
228.358310402 715.712566653
536.523847601 734.232095491
370.566336346 408.044047098
106.037308617 737.567603867
674.322788072 725.079537572
465.629221938 747.26200775
445.06465342 115.42096822
306.382863855 727.872284003
160.08790959 769.268868075
560.020541687 740.024595376
429.870140008 139.453706305
475.840346186 724.137974734
325.797230442 751.032260051
699.031654901 728.941127016
419.328992717 115.891727279
399.176327499 344.469048296
392.02797991 734.860118525
432.479975945 99.5835570637
116.872925983 791.625069161
671.607346405 758.696294648
354.113509353 407.561886805
320.620880307 767.16093684
378.55529049 720.994206213
113.162244309 765.674628222
498.130568905 714.557567185
123.384641866 736.132948401
615.96613585 727.306114086
439.561884504 742.146824709
423.80512108 168.75134789
385.826457711 382.482307824
410.106095861 702.199714302
340.947077748 405.858491474
400.681728274 156.483575161
368.119289743 367.777279007
348.637629528 366.135703934
658.355539726 770.161382326
138.446502697 775.326120341
371.403554652 198.115053433
425.595515304 766.759221121
434.185374377 724.172314251
90.8140753422 748.193408543
439.691530257 678.803319158
