56.6754419605 692.801797529
43.1545123567 382.134474278
35.7189384771 238.105518805
25.5242008405 390.833172233
126.705553625 290.671678813
26.9361450187 420.037694983
639.873049805 244.338955235
138.21259566 326.496479034
318.46285984 359.919273291
93.927680406 293.95571957
37.1527113708 605.73065731
105.787345842 302.06499718
122.27035016 337.256468101
24.3786019137 187.40836963
99.8670425853 275.319070151
65.8169192173 190.869563717
47.9168353451 454.863884981
113.926084481 277.075922745
75.3387737204 394.241407977
56.282127518 608.159597028
137.909293075 124.867617457
15.635051532 174.920582387
661.409429753 216.062211366
17.4333053999 150.094767898
32.3160606317 213.123881122
74.1512420186 272.996756015
158.051558769 116.293953602
54.1310986941 629.663240906
145.617531454 250.630869112
638.381705805 222.307449208
51.3781339939 409.978532984
55.4906045165 438.269360988
150.012906108 140.017435783
101.863140448 319.080555051
77.4861427684 700.191443949
60.4258514136 710.393134338
69.6621522441 100.336973631
32.0705019397 699.061174908
656.452814078 276.431765973
359.600678012 323.260485746
38.2369217444 283.238357111
437.689324983 195.493142401
99.0299778193 175.598106829
87.5122669129 444.704078323
106.374310077 149.27107093
58.4267625302 264.363369365
34.1171977679 179.098393813
123.343325089 567.908797971
56.5373681653 235.536944422
140.509621342 306.653489498
110.884319449 101.000050673
663.807162297 244.935453304
157.246897126 297.547856897
58.620980683 134.26298982
78.5255870186 424.025255247
144.338084098 296.049418206
14.5968732971 120.006451925
104.40502956 385.574036878
38.1150467716 151.270575784
76.2635824785 357.075585362
65.6550567077 299.770165613
87.3579015152 574.272928405
100.773075196 592.175867448
417.243546909 204.112413385
85.8044232209 262.310057533
58.9541114483 670.280952237
140.107144359 102.586141652
82.3181764633 613.895510888
100.636781524 411.35528537
76.5469041393 683.714530888
109.468461933 258.091031905
83.3063996727 130.708530802
539.059960848 323.414079836
82.4556873262 292.934224558
100.421305789 341.150548177
67.4192474195 593.923314072
50.1923841427 178.935202867
339.888391915 309.48402101
684.790100982 262.63119166
116.125868318 114.268555895
82.1912542622 666.200291577
30.8237001506 448.201110538
75.844713283 380.669886887
86.4448310293 208.724321596
86.912187166 111.810606591
133.28968757 280.444400383
82.0586819497 246.186086391
24.1897600551 667.370166368
37.7012555779 210.267593046
70.6336681112 159.629564355
26.7805001839 221.337166506
35.4507164279 679.864437796
120.837840792 309.394970969
101.565654692 369.513989353
106.420506603 289.789442376
24.3284760295 250.897350319
266.857807766 100.776463533
75.5444881936 468.755424022
83.9967599948 328.823195627
39.2148564072 112.964498632
