502.240632906 409.054982053
520.231158158 449.036234996
716.401802166 590.417247109
399.597972473 551.231545731
663.857467555 618.699481091
264.49145015 601.633083737
453.13769361 451.683507022
554.149973431 188.672978128
529.176793857 198.684333676
731.3250061 554.380380875
558.219056401 458.120686326
504.992019544 440.099560763
319.927743861 559.623498593
495.561895252 457.386771944
469.317547709 414.282749564
679.897123603 654.837804487
679.394047151 526.84237894
530.032738671 137.578889925
547.827749653 548.45671115
628.460787054 555.821319207
520.821208837 466.646106749
536.563204402 110.799152087
446.746008126 457.013658317
450.124266345 433.939097172
228.069010293 590.610774184
356.515996293 554.137952207
205.931093016 645.115948816
512.568229727 337.038163249
499.851751107 136.48622429
316.026039869 516.460102316
475.523553247 429.241299764
603.223802058 462.491738161
493.612919535 545.253961474
576.050392209 543.803670581
250.871751023 587.415839924
463.190163894 546.984184961
530.116109871 481.213352023
167.078403545 595.671842056
593.2314514 510.216315578
496.039802642 421.20109696
240.731181675 626.988366535
479.956589608 475.625524032
491.947977509 391.911094712
690.988688964 568.473184664
663.752049558 555.2743125
629.988008916 499.514203874
454.249045658 481.599952321
445.749292087 463.488822955
503.412102215 613.042055773
547.160255435 493.92502538
190.782186568 599.56534026
430.774028256 514.907766342
473.154599138 503.498816948
708.423609718 553.234250984
518.122216187 260.093869081
537.913894733 228.393218181
710.556534611 523.188324021
589.221508199 569.657695902
502.571975793 190.963439343
581.179147484 613.133617942
341.125111373 532.882537454
547.385671408 273.012175347
393.954570436 490.873417761
143.011414341 599.318032397
654.155957477 589.66816601
386.120354135 529.171418599
513.071774113 114.600096646
603.733133783 592.684129233
519.667644725 509.767505931
526.566374355 99.3133208725
524.779376794 176.4946411
667.972664223 636.138703903
488.995428878 445.531961273
572.821394823 587.84139366
501.643643763 470.680317306
503.725517264 358.384177139
560.336315874 570.902432549
139.464343715 631.096465121
559.814201199 150.060275789
545.983042163 125.908099699
533.792646391 411.840923945
591.682022244 481.842923838
312.781132435 530.379600414
172.979323936 636.660991577
515.516043333 298.523795005
566.052390574 517.396955372
161.41997129 616.121321892
700.77117114 623.770620502
684.978941647 596.783269118
199.298923324 613.972746406
523.558384746 157.158205024
526.60202317 541.531266895
362.474331429 505.546495564
528.638273745 380.462661756
551.138590788 302.154013944
563.775511049 104.079008927
226.084293713 607.384390432
536.298789342 326.875749823
390.073487718 467.223992994
505.250990693 485.975550793
