269.157285509 160.841300004
173.532957586 307.375948573
464.141810378 439.880419809
153.92702397 677.977178751
361.564510966 393.862558802
96.1010147084 648.793180744
210.485124366 225.452603084
326.191792944 133.848463262
274.326487105 131.041385319
453.14258042 601.210929406
224.055697099 388.995240229
280.451313508 194.974942751
80.8895795516 670.956992008
420.646300753 339.536185784
208.242884659 162.623078766
402.354702014 450.84216522
431.362362297 379.761213076
255.526135728 110.514036742
205.291029151 473.021371159
343.053964579 341.930259928
193.366597503 371.517742951
270.036461063 99.8809917463
362.77139615 281.747488537
192.076332927 199.522984616
300.824617618 301.691398402
118.470339993 698.565165751
140.001831378 294.013073424
275.284786989 148.333886784
239.2043544 103.281129994
121.72013244 351.786668087
227.405900981 181.631418231
339.303032467 305.848854603
159.652936737 695.98002527
236.796592262 478.542884889
129.120045537 317.581689114
140.371221036 690.083036797
201.484872993 405.301388962
308.395878694 231.436072543
228.511857898 418.946406366
245.046099947 173.62777619
94.7349971899 342.062760469
384.956020211 359.074275565
183.708410839 162.980079749
425.555940013 410.232482046
395.64619728 388.690211822
371.862767725 330.770396452
109.956724765 369.448602153
148.739639311 321.80356429
152.350065549 707.993191636
208.006042232 434.768165474
330.80771434 252.033675423
177.709674905 645.391171825
174.154525008 627.399208669
449.526232524 425.8083959
249.412617641 138.318428272
294.156435878 136.451553143
462.519688404 403.392610908
202.440996631 642.211147815
217.107749774 127.742146581
179.738304852 701.492810362
100.333059326 675.645557496
343.01115127 151.814312203
105.592022498 633.118901935
272.464218859 240.493154884
334.590997275 374.792728444
85.7396777889 697.092805582
206.762335927 104.714430289
202.685017081 674.297676312
189.886744577 450.709127216
236.478029735 94.8042722927
235.988857187 124.14879402
374.509087567 429.997585395
242.721378839 202.400109959
174.862292796 686.525864292
161.573335561 383.509577875
223.136912967 151.820084512
180.877969436 660.215159493
256.795381893 283.668729408
306.3230243 118.690126267
276.770974414 109.203351897
307.690834542 203.107821535
311.974135695 341.556397457
98.0349604402 366.158533744
143.63931331 278.160353788
193.614487163 133.953897787
219.868914464 451.972894293
293.617812478 271.188230653
427.308951452 449.442494038
396.861608935 424.260423198
317.929391668 281.279124757
174.56805409 108.910482607
161.122856181 667.381555043
109.275739663 659.117039601
287.450771895 165.67371206
349.654838677 191.356450145
290.518117779 100.25501509
161.847993434 289.409727983
310.133517908 168.540714485
103.233263337 337.15756898
173.295451994 409.064555455
