205.758366337 464.475796366
131.008283486 593.787314849
178.512548763 452.287670835
189.630784315 439.87287148
83.8871181569 666.930804029
129.56357168 301.007709554
165.64966866 255.527116302
149.235303773 230.78100054
227.840911156 445.357514464
96.9493806801 707.443883909
178.669282119 559.080029858
118.996418972 543.449882211
182.760100532 524.647344402
108.935021773 674.901786602
496.007479404 626.131311405
80.664343723 710.042505573
118.470955611 701.454413321
214.958584336 531.826148187
115.083433446 521.08432383
146.040740273 491.851207907
102.620054273 597.61396206
217.960303209 507.898004215
517.968102391 648.065647058
470.259850033 661.318860767
56.7362329596 615.81070736
72.8235751722 674.145209831
129.372741285 170.317131002
145.746685979 131.916625539
543.748603577 641.952441471
100.068488374 580.878236485
494.522921845 666.883779432
153.598745726 377.233010931
145.403393202 473.792083361
116.197981535 509.12103209
193.827064256 495.64801067
132.973563937 463.011132045
114.768539003 617.024956408
488.098033086 693.208618728
134.409811062 393.262874733
78.3267976939 639.644778622
113.404066836 252.935520579
145.077387003 534.232609663
525.557456481 695.402403643
45.3018260439 597.018282174
163.922101912 459.223664415
154.982176518 287.66952402
167.547008129 171.648221746
463.521540883 151.620630503
128.087336721 612.823323984
114.388773836 232.372516374
104.928617555 552.572869595
73.0695834763 701.797907139
151.718925653 444.16276564
214.612634009 440.898540551
560.905189298 709.140708102
118.190866981 569.153030765
103.222269717 687.618915681
166.649679326 499.211692632
552.106783618 674.423847642
136.632413858 578.887718668
135.11830296 152.437559408
167.988696856 545.636377019
136.670630157 223.829204754
72.2981252827 577.999360029
178.316290924 432.749527047
79.942949916 611.018984919
578.693200698 669.236672203
55.8284185585 576.204238856
182.480569564 495.232968281
193.56572469 482.000421899
201.314532749 419.652662046
49.3082501409 709.165463861
145.266097773 92.7507907192
86.8276183491 682.672486764
168.92534729 419.298399681
85.215213412 690.93457157
138.810646027 512.547096927
135.524175927 123.867888996
119.084317402 207.512726173
146.379787437 268.34174583
149.450562535 165.220520319
178.514289627 587.188974542
128.868690689 103.224626916
114.667606581 183.896660714
220.880934367 489.840173589
143.015555818 427.56185353
45.6782740448 635.418814597
99.0184390979 633.99070988
107.855768994 658.532442206
129.820126726 138.401398148
584.308330421 702.283013922
120.717548826 483.933210113
163.941967297 102.725959537
153.603235651 578.057050827
140.18767944 565.189804571
173.228051432 126.123781637
74.7990895443 658.235565984
149.659467092 194.57088807
145.0496686 111.469526896
61.465296953 554.682287265
