721.858764612 400.012929991
545.11885645 575.966781709
545.171123733 543.977983392
331.645883652 714.922258946
564.273838963 561.51899894
311.783657544 704.203295599
403.997172469 514.247991877
516.131830992 458.885008439
709.27874417 368.130551195
494.380131328 659.847479364
566.002056845 531.766848439
302.023019818 719.587991626
537.433446834 680.773111152
406.649407196 721.857156608
608.535475044 105.860253002
528.847879903 691.762961965
404.588938188 735.892583518
108.741199867 633.431153365
405.495194139 676.709687949
92.5565462047 534.551374379
380.038045615 725.315247462
465.953443192 675.447374111
479.344842476 726.875968746
419.143828183 460.683507146
485.530099538 471.679767748
738.57453364 392.070719534
557.823366926 173.504482707
456.948380824 445.534461525
555.778446559 146.626562361
437.346061187 492.440263934
414.89272789 493.821666041
311.312689817 679.051996774
83.3041920102 605.890924815
368.61871143 697.803602671
562.996783632 633.16602171
347.466212077 727.313781712
69.8208293538 565.587695913
302.726159358 731.847158081
584.609222396 186.182353317
428.573319027 670.444320752
509.530531259 714.203796336
535.974445027 599.197927479
106.232892172 546.6633921
490.572521868 679.745996488
431.875721276 691.90632687
525.921071596 564.427173482
607.168731833 203.351327198
621.28178966 176.245882079
581.654351314 100.344611983
749.427160278 373.285019376
513.490755273 629.102016604
101.036388105 601.144867478
490.461693561 704.07096675
515.562330428 675.300611329
476.410919155 693.734037191
458.452128525 476.656390304
510.331676953 599.082482091
544.351811711 663.571303078
596.390456564 125.288061945
492.530404586 390.54259402
542.767099349 645.975548684
744.417348746 343.342553233
440.205888997 675.755492272
578.566833861 122.024513575
574.934636123 690.97038618
287.441299985 707.225211184
415.2755804 697.337114084
512.042122241 730.149736044
77.8595825103 651.430035385
422.560250763 652.3281387
726.172151748 362.445608188
115.739018654 592.335593937
124.325086745 557.745705691
102.721212528 256.450640779
720.062312388 332.801255494
555.174092961 689.715542496
93.3612222343 587.858898364
432.969039937 538.897191042
506.206972571 683.006839795
457.835534308 662.179156403
393.509301897 680.870008846
513.039540132 642.846915589
455.495464537 709.768666785
488.496419504 443.444730039
465.7933085 684.655708494
513.493126554 693.199061964
521.475539384 655.894805872
453.604559566 733.070796663
510.011483291 428.229747789
99.4030984124 657.315925511
99.1106454834 629.771396646
101.775569145 570.808999485
329.052983648 732.231376423
700.898895412 397.236796333
616.42087299 150.087154628
495.183159851 735.329508548
558.236518774 114.205617286
88.4902998052 562.045572081
591.656884038 151.335581952
469.085393927 409.928596743
