609.059351244 288.213476474
568.826679469 108.025796893
555.801171762 247.970854394
548.145387144 623.011808909
461.380305684 146.941054202
417.178460544 316.284606961
633.156937901 131.027099577
627.4371566 112.598008084
484.943149012 700.770468099
583.298241063 328.540644395
488.619855206 659.902233111
361.121986569 51.8575354024
640.316631275 266.543451316
420.184815972 221.790078336
612.605814724 245.711902626
358.18742084 93.5959172692
439.278746915 258.89090804
548.694934674 126.867463201
520.661926676 87.9523954271
525.375547655 402.283795617
524.463887828 68.9143352361
540.81170783 151.009781653
589.258176639 223.187057077
467.428061177 313.96038704
519.256298971 115.782937783
536.856453061 96.1915874892
540.988349112 183.035613085
591.42726409 113.848528713
545.498327095 412.982157543
345.406408149 69.0404910591
468.818520686 102.50358673
542.168484793 687.102920173
542.811489473 368.754969488
427.014210381 231.442390862
468.467511705 678.401633024
564.507073476 137.002900832
476.792669989 272.041280281
497.771204979 679.832155021
500.762010054 609.734069669
225.374718311 351.068434408
596.256126695 153.839838124
594.495579654 108.11474089
587.718523786 126.702887385
532.839711905 132.83466669
597.724324871 86.3095793041
481.283794724 630.861298748
509.743777024 277.754870137
484.164881744 308.017986279
509.885764566 644.034213652
520.843885527 598.137129818
565.238888435 123.944344671
521.943912787 107.960285063
444.492630183 220.387918613
631.281706676 295.990839566
598.958461497 263.376920938
652.783594557 279.932686533
442.037715567 331.398957252
464.530700921 231.761027522
564.944319087 220.459266167
546.252829639 69.5084036979
522.405094947 637.158053655
542.416194651 287.743618552
554.387910835 386.650581813
530.231836708 120.454617525
406.304979926 67.2218212751
329.097477311 82.9486282587
585.526669248 169.970839513
376.973873084 34.0134473453
497.919293486 121.479239778
440.536111019 290.649149267
502.975112378 699.740982552
456.338458698 597.729346296
491.401535143 135.533045823
536.848668682 113.64485407
623.240018548 310.118031155
524.552584068 701.13262819
372.477886947 55.5023808405
464.579527771 338.811041751
529.038727978 270.714410488
436.817866354 91.2980610259
605.475327878 132.577442629
431.528752327 188.035251985
498.253316103 170.095318834
491.898480073 580.574836267
584.386431672 298.216650841
511.601885537 668.708197384
330.520503315 47.5263894164
575.170864402 100.237573807
510.649891923 131.24019348
452.450336022 189.110155449
534.368428006 658.83792771
341.971711454 27.9074564705
531.282889044 140.42651822
366.131249872 76.8697777791
500.540689704 80.5359892492
516.127536916 214.382621359
577.024294909 68.361845486
497.989771215 188.774579257
505.668624615 150.51300272
549.502322349 90.5512609588
