595.571004285 256.574613711
672.331281138 528.130622489
313.729384752 260.093496064
482.816133141 277.20239235
639.944985959 646.477539264
445.924728481 260.648526742
637.023559405 90.7882642269
578.967885379 196.471944931
633.10528368 129.379306308
654.291550578 701.61464608
653.193287274 454.159125644
600.014835999 405.130515481
595.624661317 329.206020939
667.032027527 639.292482909
702.732957186 32.050022497
642.251440158 681.081216575
668.192328836 688.696117321
625.878627815 349.867575315
112.309196233 238.53676501
124.494126867 218.259554075
654.41022938 551.619041115
615.150925309 319.183374228
708.780138134 46.6331463093
686.112363054 75.0119706193
626.836336614 581.369072028
602.616806853 645.901184462
321.174462633 226.654193727
546.143443079 174.273030575
732.589867201 31.4155633402
634.486193385 532.103813549
698.489357817 59.500976511
577.257104573 224.120486464
117.153025282 177.99631094
100.562702078 219.19213622
573.723276275 309.736748457
99.4633884914 191.863788821
673.7949765 588.272881809
679.978393106 95.2579062537
387.042973379 269.449712881
632.672859663 604.004298645
424.166844977 260.334505417
579.999694702 344.556584186
694.86950624 85.8823112492
513.678001992 567.602637109
153.371917607 210.326944823
550.107322866 236.750478359
617.626749879 109.056562848
658.396929771 79.967760121
667.348650774 554.194159268
339.264271812 239.208875142
597.07722934 439.258971752
612.146575416 692.787172164
181.120281645 199.365256613
440.932782498 286.520318858
711.301527003 92.865482112
610.298269959 460.05273178
648.237384607 664.334403027
163.151146129 223.504129861
723.71927167 55.8147972526
647.896893724 511.969228545
514.642085095 177.229702652
603.655027083 361.444130909
523.050696994 240.7132891
609.089833429 550.498599026
409.632714534 278.111547692
637.777334815 575.27905342
746.122087139 48.1674554537
490.715465187 554.723077296
183.262793256 220.394335854
578.600588939 281.547640336
609.133253461 158.817598985
625.635138752 701.64043299
556.954038248 111.467286479
624.266989394 667.008049701
462.141926757 273.812510531
599.552130459 672.028334162
139.731283776 220.599571484
344.262480261 210.648836118
500.349207176 201.821166041
566.828962495 176.618985088
539.867594845 194.842078076
673.551423812 506.813655846
494.605615212 165.272541567
393.495020926 234.370250322
596.922533857 285.587210851
135.487944041 189.652169997
601.820442644 594.00519774
653.316476902 603.858284651
641.662527122 628.087722416
421.62514878 231.480911038
719.46113359 74.4103508396
108.964219925 195.792184838
577.569158482 133.939437107
648.203245364 478.473130013
625.120534717 437.869673291
583.097217827 156.333032516
610.354134402 624.091331852
531.666233063 209.19455585
534.317685257 138.375101929
471.214249567 540.725306731
