442.144167556 491.619094035
416.992438405 445.856205661
574.965689352 207.072642488
674.884225064 276.027474876
468.078311037 396.33331259
184.647455944 180.143070498
489.917026013 136.890507298
366.98346586 141.800157382
549.65715055 425.223025904
420.216704695 354.689937603
436.61142566 562.579965939
296.247139663 351.068373047
495.803553005 440.666866084
538.729529538 235.70637408
486.324934388 400.078121422
504.16683456 371.078971938
304.229648997 391.993395956
406.386697473 279.844856922
317.597224352 149.451820741
569.378008923 353.961256258
340.443014576 120.369400481
598.390588806 232.937940318
512.514721962 163.913275187
495.296714603 545.567955934
354.02299716 342.135432412
459.263185206 132.485233947
605.785744239 247.833558379
344.863772825 133.95204873
683.864551315 238.792114068
466.135615607 351.152331636
318.468335909 116.556149975
641.163091159 268.166405747
538.223341608 338.504347776
450.247187526 551.092689682
627.268244509 316.974536761
544.751159782 187.981905646
218.08694214 177.142811274
554.319657948 453.91657861
389.628852665 520.902002212
698.050091738 253.131936651
514.000176333 138.193223924
334.026595456 171.669725839
482.987505248 198.594822811
378.173502511 356.826400679
357.88090549 120.252894098
180.205305363 692.976634701
539.424604394 494.68608584
611.130644266 283.946664951
531.032077694 380.603503306
663.331729254 247.167494643
452.69242815 232.369385451
448.793684377 210.441743286
470.284226438 308.863121763
512.048891638 478.495354179
467.883469889 487.015589756
519.913351382 424.257474644
404.475095116 539.302785246
393.400957775 488.501360762
465.368072772 567.303365945
346.148500839 107.026108474
579.987195745 310.617848441
496.736876099 345.246024982
633.665736883 211.152932433
392.716447045 436.507339034
326.175043635 333.587230213
499.534410112 307.378535391
418.655606682 468.973736111
417.35235843 207.268073667
443.730018268 182.215548041
202.902781028 168.564633028
576.193948262 421.683871965
203.289558033 200.138346572
327.686809944 357.967205503
486.771859284 172.07614386
411.007217461 246.311155769
602.266507704 342.705119522
444.376593818 440.487625855
666.603655069 218.118009851
360.641764813 369.501160029
319.943065394 100.09427242
340.123749759 153.380120479
304.496933753 365.994441445
435.19418169 294.17509886
273.616208444 377.810198647
491.069419861 468.715137392
663.710387636 296.877838322
335.637930964 368.884259348
457.73007221 152.628892453
504.673240805 214.849455007
446.675286234 324.488940928
608.686045082 300.292101259
406.679975373 221.246132024
464.842241737 528.35152583
437.250416299 261.544441606
410.010361315 173.823004993
268.531632695 350.437279919
345.812264071 97.0007226001
415.07903143 517.291613728
435.368557235 407.870631477
466.79752033 439.742986174
