682.473006557 96.2445056212
698.919325231 398.865512829
602.185039815 698.180280094
693.116829453 454.339305363
364.033425647 152.937580262
130.022676206 93.1363066206
690.660811571 327.651816313
642.325218654 149.716205252
663.71860039 72.2996791768
667.907105344 654.087741651
556.89049815 242.293171446
634.489119511 51.53176537
95.9894412341 111.389812445
537.298122024 261.97863793
102.422832904 133.178608219
665.983004116 620.067000041
637.597238982 653.897322812
323.914507187 112.665424587
680.973367267 375.601589844
571.43992944 242.845387091
615.931298262 688.864605152
722.202278037 379.301188588
164.128524744 184.853372727
696.008208338 351.461249199
349.366984124 92.3955084914
135.709180152 159.190192355
107.418476595 88.3425115817
666.997555012 186.817525309
632.381704679 87.7478233448
623.896294436 700.399200321
714.353211417 317.09079854
612.850181468 128.89633296
606.344716884 253.658677799
546.434603265 221.529953733
661.351041601 581.767969507
689.904358737 480.938162957
655.401348924 698.062965421
647.489974914 182.958053958
645.545859557 101.865616829
627.177959219 32.0037225683
640.105823137 682.856963491
306.93855613 131.668519805
680.647720105 74.2137016967
328.534683033 72.1111453919
308.549568426 87.9701466139
611.767458919 151.029370176
159.437185995 143.235067737
385.6363038 451.295429233
142.532697755 105.667624732
653.279375115 676.448419064
556.318694587 174.142841697
646.566963693 487.764318986
638.355004317 633.848677706
617.277402334 646.952856471
321.684386879 178.912516219
689.057608766 375.405908322
614.415349102 623.056547946
604.338580751 271.707801126
587.925679394 203.528456947
585.352701234 223.636118619
618.81904962 588.90209148
629.016986663 181.07190511
640.43143456 591.726522505
649.462003587 200.031486583
714.743407381 337.803636214
626.798576418 613.169372323
551.063567022 205.735024069
589.666717385 619.785083693
663.808502813 360.927232431
350.795567965 115.266143568
646.771804144 83.1127591044
608.213470714 669.001084568
565.261090542 199.824624536
666.692094343 478.046567026
606.328338825 214.078990771
346.785648537 168.724546102
624.667629051 194.539533253
697.515156304 332.376300016
615.521558476 64.3430371072
666.359686817 52.4621522341
631.077484037 67.6431931781
595.527075225 230.057609233
625.826328579 214.894300994
333.859185146 138.169306929
657.527757701 94.1582718835
628.660579717 668.375917309
583.491196909 160.796133449
650.448361181 600.121794194
554.763771642 259.525551248
605.620969343 188.943082718
126.329955614 67.3543706384
652.744949856 456.75309283
122.452593933 121.123470378
639.380716204 32.1357650074
682.395700275 346.565617389
642.531253542 55.6024776283
620.014524436 103.283993717
631.71295869 233.510839542
592.344413496 652.744485787
667.139161919 436.982753238
