463.23636544 172.073815346
491.613094046 216.857441902
386.919996038 364.437527094
214.701271528 98.6742073239
310.890408158 511.655367103
161.643107838 73.5747115696
397.1150444 136.305334661
626.760317514 250.450485956
491.564878145 166.848716277
453.42196259 262.883057898
556.081516535 251.087874535
476.747761937 186.940862618
150.767256157 62.0676521914
463.721349317 224.125497801
402.36928857 104.435301156
313.311387488 548.359672646
458.826427936 249.738020813
560.694006272 213.460507657
333.582085245 376.873169263
362.551924469 338.58661619
465.439412032 213.297112687
547.519213268 193.518168948
370.124093174 113.133936615
389.488296098 116.70007875
122.616838265 29.9689808537
173.43096059 80.749308127
136.041038619 82.9966039255
452.713735643 154.622035676
437.243951269 104.662631822
140.396399299 21.8984505243
401.450365728 124.538619915
637.890115025 274.196540422
363.226141785 248.04935675
344.233783556 362.262374399
138.510495258 42.1482567051
337.949141729 261.192923436
488.712215609 243.3349339
100.77894128 24.3839731376
421.52095882 225.573403405
441.393768862 184.367893891
157.20506719 90.1008657579
414.544651019 168.710194004
416.382239119 130.14618876
415.257936273 275.477036165
379.211108839 302.00970396
613.261685989 278.745276648
384.093179469 157.499935461
371.503383102 136.026692508
476.284803888 648.731343451
397.313345708 207.619376035
112.143395688 36.9710344285
308.771103082 487.194999974
366.884897293 216.778564938
409.623566601 254.646004821
443.778533633 141.922372022
494.482564957 196.719315879
503.704084131 263.643440369
354.238170551 380.923426899
426.74532783 120.781266307
340.132909091 468.791158024
150.728211737 50.90635148
514.683503649 202.559147783
197.815498182 52.0841308222
91.4930811455 34.2485648564
369.191300669 413.03477644
198.092523566 77.4585345359
465.146263525 122.734472299
346.362276515 432.340113711
397.222034829 237.055326476
531.342748901 171.584516033
472.46398595 149.457391031
294.487375885 533.063439851
415.527959458 152.857960781
331.053566977 451.801864606
428.423574274 200.631094484
453.375357098 196.091114818
331.509818135 405.842932298
90.6093342614 59.5930214604
572.823443636 234.281670104
601.371024406 239.130722951
601.157783564 270.51020044
536.499816081 266.589124931
131.758937012 29.6063136983
104.566567722 72.2532031474
435.608145094 166.615374104
375.022074265 248.387900328
109.938619539 54.7967234905
323.087773713 529.007074412
362.917867103 451.413638233
121.881893217 60.3852659214
435.347133451 122.113428475
361.379710922 274.497027555
165.405421305 50.4035433991
530.841255473 247.093327697
517.822754392 232.769480745
604.292592447 216.788696527
133.432874395 69.9159002598
584.295511023 258.037892551
169.730632917 31.7965075633
434.273183433 227.232630342
