160.935334108 470.202631735
42.0344264115 277.766626528
142.103414179 443.545348192
147.77960993 408.194715697
58.7745036156 183.161101811
292.497440905 416.70251997
489.812727649 420.101325891
445.776881255 428.190620082
290.267687211 456.452560115
75.7124233908 674.863818009
179.412322707 515.685209336
107.959381638 495.811288552
171.061834577 499.806624551
104.718850813 620.441913747
381.225167154 466.669847312
133.803761216 482.272895116
93.4647110922 670.895921141
624.355731415 497.583895173
30.0641905432 306.931292753
119.990858261 476.091294254
69.1505168992 131.584310637
617.228481691 480.507862881
409.001636318 476.046445998
129.212960737 410.983492372
89.091906383 441.674504965
58.9359235537 367.355635411
164.640015325 330.702218777
216.491899324 351.478418935
402.949149289 438.860486456
96.2472806421 492.814019886
174.758134657 453.575767888
127.865913319 358.775336258
97.8295365854 128.97571235
53.5932084201 344.235082762
96.6898901775 692.062444727
119.152179163 455.67533185
81.9745069281 167.970415885
241.488709247 470.588561875
63.0248393526 263.677969408
73.5416475887 158.94274764
212.997008233 421.055548644
93.1324856231 107.203736469
397.639965241 504.334999903
54.5282200216 407.891435422
96.0488668049 386.475489857
324.193536022 450.158433319
431.428346652 394.021003445
205.694529818 318.932500303
75.7099345513 348.671348701
152.405127663 366.627665947
95.2550391932 416.534038684
108.562464356 439.731564536
48.3232892713 252.081475715
258.577720053 439.820340828
423.338609318 461.04696706
122.485898822 504.667518569
75.5236701813 649.670606106
64.3667552963 312.898808497
459.971441164 454.947834421
79.3070338494 97.1412316719
78.1726655654 236.007113434
142.074725537 526.094750891
221.285659395 391.554511107
77.2698288859 401.562645927
112.735231693 417.33812361
90.7216802258 480.014297227
480.453814663 444.04252958
74.3417546224 439.01729339
151.328423556 492.048311301
204.668064665 477.740995551
179.124438769 388.960528625
110.556687989 705.577285638
98.3137328092 211.264366376
80.7091294645 384.589690431
104.82375212 357.383464797
136.868315887 469.049469527
104.770544978 478.462778269
68.4672890244 217.095891413
85.2201571249 267.997382632
342.507024269 423.672387872
472.337442408 409.080312959
95.150664954 651.999645389
93.9708235422 180.303365813
132.848384829 333.457338156
113.602834707 651.870151313
98.3418855296 360.632722947
84.165660009 469.961188542
84.3828803703 144.367211911
126.851560528 446.148264419
55.7101591642 211.186515285
368.222183986 448.893945634
104.529021024 459.91920218
296.093851594 319.075375552
146.652944518 513.060077836
76.3348067397 110.092782985
93.9252257464 197.053633138
27.0552778786 260.301627288
384.429426128 404.367014432
102.6971487 248.025402182
34.5497803751 345.320042396
