322.322994657 542.054972404
548.134047495 645.384516524
248.735580558 611.122361182
366.943145867 730.235276921
356.750090362 567.198916954
104.20971762 591.34956546
140.136615302 658.302346452
494.168371922 486.963652981
101.383768541 709.808016204
311.866925242 486.110564332
175.469574422 609.980258778
305.953485036 606.911727104
406.625718502 697.553269599
622.162277234 603.749612906
111.69575311 685.911396035
700.345927812 583.285614664
653.929286795 557.015562632
237.60755895 655.380032983
179.160670768 684.82042069
222.234926215 532.934430873
671.906043998 622.462109095
652.448696796 597.247522756
413.217084141 416.363636662
490.041149662 620.85754218
503.843561056 416.606333706
518.261849145 468.737900022
203.541661539 576.99695265
374.527860926 639.635402669
462.680864835 723.45785838
231.02491388 608.22435374
87.4818325306 624.776781725
379.117800124 706.637170042
484.883574392 390.522688556
453.034731874 388.041356272
284.6045214 568.0866219
268.823296427 541.91361791
415.340581852 552.674313245
99.4644042628 646.430682237
451.992959327 446.216264188
134.674080315 586.02018758
419.213176631 454.748547323
275.650486467 618.172134288
478.551612973 359.860773562
680.494679458 588.728580689
705.367915971 610.369939827
485.529471043 552.059996204
438.858519894 708.387425415
523.172003339 292.351749615
466.512758183 693.845195002
529.314324465 637.264487395
352.030430261 652.206144722
365.126530447 520.833044118
270.698960425 600.642522503
182.937689931 567.751776269
118.119606071 612.89907138
312.6283579 533.290072181
626.210069373 579.574352939
137.631269088 640.117357886
333.24896771 508.884996486
559.890766733 622.11506761
553.605476432 592.633962526
203.848343713 604.284698649
674.767253726 572.527334018
269.9896951 668.594632159
516.38503054 448.935259402
442.565516202 375.689587085
169.35224279 646.020594158
600.070847012 586.070781539
497.018200797 589.989879589
357.100596244 614.986462964
451.001403054 414.835855397
692.098973281 563.851623733
496.020905267 344.265146725
529.39080564 591.336377067
100.034820594 676.061065545
507.598570317 374.721865551
114.676408592 652.557664538
694.841559165 607.585438646
470.502557469 669.552146794
327.43333427 575.440100062
340.125525545 606.946159998
147.473344827 611.472948384
376.346905846 755.51525936
243.26824116 580.185804473
650.434400161 580.41427147
142.990341132 682.511639545
437.667152516 674.877557948
536.832694649 616.038412133
379.788042531 546.164382104
400.522222503 729.359585002
482.259580542 447.346692589
433.877287615 734.648722138
358.123218118 709.101210216
602.386147439 628.718368267
160.450232905 670.435636428
471.637254957 514.462018014
129.653509932 706.388784487
381.038344992 582.543547092
101.356869811 618.198164493
442.947496546 501.785024488
