619.918107517 165.498055365
199.256465427 42.8897607663
667.385045817 96.5802255016
754.186093251 451.956824324
730.50536303 637.196278703
718.315815138 557.536765777
598.779389282 144.950090327
731.122791425 93.6195069486
719.844380684 130.39318195
120.134441893 36.3231111759
738.060191394 184.972240069
771.948820332 577.937425605
106.194262133 73.3198489115
750.095610833 154.299273259
720.922747243 161.695480826
311.552501637 505.365582305
205.739749185 87.6265180019
122.923318507 51.8967963251
713.839679615 430.537612818
617.668107447 115.977474353
675.728571349 139.345872608
685.91150338 180.358834005
162.477581024 32.3101940978
733.486377288 128.041012505
724.901947628 66.0367944853
707.15914566 109.571712692
102.681763459 40.2254047172
484.32673312 60.4992527705
184.92820687 57.4433626884
726.319048133 118.987688581
606.983669122 178.346208925
718.473164378 679.676849538
515.925552829 72.1128373886
754.9992058 540.327566648
691.331478651 68.6481513606
659.855367729 79.7063117102
495.263133599 76.1724795734
144.216258859 53.0334109004
683.106350199 53.212726596
743.52018559 120.159404533
737.381101059 584.326245665
143.854538811 24.3003218015
715.341978656 189.082822835
522.411813878 41.9846325207
670.941238387 170.949586498
728.792957914 662.012323407
363.055818371 432.014891639
231.569683303 421.377338746
740.997156379 138.98428127
508.715155048 50.5227240488
651.003765465 103.221136156
656.429019091 165.396327755
715.478422469 492.436832212
752.085837758 568.446626251
716.349676401 581.624906168
716.625568009 464.279336713
697.249403344 121.316548525
662.744985228 61.6798435779
734.649318655 165.754541405
751.333417576 698.933060513
587.898952657 165.302032235
765.298354343 607.649701448
157.075219571 65.3938440293
117.711282957 10.7753984072
723.659299533 697.981128899
718.785680579 175.18656446
251.601849628 409.432249196
678.209863948 203.217880857
743.490341948 674.965170498
756.697401723 176.199847848
710.405057011 59.6189432114
717.042225678 36.8818719717
689.630730758 87.0749179052
699.816255837 163.194275861
740.433089614 475.729993738
131.49089134 76.0321909314
702.502230802 89.4893073705
543.747106513 40.1269456638
718.426525436 85.7530380679
672.484738302 91.723176434
625.871264065 134.228247907
703.372587527 126.332702583
692.204123807 172.221214176
729.229373223 548.812834892
737.623424262 609.227148303
733.185152772 152.77065997
738.153235296 446.507281696
696.425639619 195.654692847
700.610584012 141.339861743
733.647807486 174.879416469
667.322681338 121.835416495
712.964629552 145.943801643
690.454273033 690.004377871
699.868411754 40.5511150896
216.671170334 59.0046408815
721.540490932 109.677992731
673.764133375 102.199097427
693.964921897 661.750902718
700.496880702 155.754977862
676.454162843 124.536718763
