228.174974433 461.621859394
92.2610757632 308.890176572
398.452404423 328.27499196
53.1533736336 264.967890724
423.132931742 377.936250033
100.813327033 353.527152229
51.3881795124 474.630013916
95.7413012989 511.701614416
432.168791712 316.837801195
44.4477494992 141.726858769
173.154306002 392.552757571
644.422050366 271.391889183
77.0989303548 118.221746349
132.995110896 276.81498815
665.220552929 186.256004536
156.410118591 239.407865124
95.8605271366 249.889242804
644.741556288 259.260499157
439.597337087 339.648113587
282.369080653 427.671896031
288.397792898 292.174687694
106.431267874 238.603379103
93.0994332284 435.723273209
92.7050195044 114.334215606
228.137789805 394.640358966
55.2075293245 130.61321394
496.422936725 156.116256714
612.115390339 237.911444665
677.695424977 251.079023504
62.1179984804 441.83464643
140.990775936 375.694759229
69.9999842394 150.46972978
281.552451606 324.800643256
44.5170784213 176.440978371
265.737961109 486.849029475
106.197286317 421.343216616
158.67335418 150.655217581
70.2604991475 421.287884782
58.8289076026 508.415711126
525.459734608 142.939295304
268.341613524 547.054583484
327.960259595 307.741295776
285.996580556 353.439440514
519.80537399 207.001191919
181.837804379 263.241671227
50.8973142201 100.625327684
138.728385974 201.401954898
676.857692634 227.929880133
243.515771431 348.186787973
113.286486004 501.309845297
355.379715069 277.391217012
68.2619135689 461.669793863
299.128044936 466.791252656
116.232495748 129.542668352
637.071059577 210.165525831
132.763490881 478.24042332
134.511123071 173.265423683
190.493095494 389.949953021
93.2088820526 154.095730016
77.7504282171 274.687398572
209.965214784 653.693655252
147.320943643 359.107342199
583.692005267 174.390641385
436.397647513 301.050187609
619.354606894 193.749471628
256.774717306 468.618751835
372.256495323 311.304508547
659.292977334 234.878542489
282.017611835 409.633696505
311.097477669 447.41046117
639.579382016 242.961060549
169.383891625 221.690907207
278.212310894 378.041511132
18.5829180045 139.851697036
68.0153391755 193.438780598
247.473013967 445.381153001
343.138850863 333.941413467
149.648435133 277.686173005
72.2037446531 495.039233312
365.987413636 301.07053539
627.221306305 231.581551149
153.037301068 407.63112104
71.3179783087 226.341626219
212.263978109 363.535209424
169.87651275 187.871973089
665.566639929 273.022136512
638.69901641 193.746774619
275.713577863 455.577120776
110.730175562 196.376892236
220.962662586 329.551039509
251.027363942 379.745420276
198.598751705 438.551818014
87.6880922425 473.533591367
135.136405185 322.974636942
363.196148878 348.57413257
240.103304468 427.506467219
399.95640283 302.265873037
655.500981858 220.151306046
44.0504389126 223.966684206
129.852520973 144.066310247
