691.563185731 705.417051681
215.143206041 333.567083568
527.900620948 661.360030017
573.83782218 661.878158078
210.007410523 632.181481522
365.058903771 297.69817507
562.620196417 691.248739126
401.129015711 537.8547214
679.631699028 656.920605914
329.790019368 374.780806598
512.551188308 101.276133018
546.763828065 662.367602791
493.444899094 697.739698111
563.229085395 670.96333128
461.497278367 643.573782571
359.846826678 341.336851661
492.757623699 636.862721588
125.994747778 423.220415971
292.099548298 306.929690577
194.4943118 614.713905328
669.856584045 708.575304084
231.006436797 574.241891454
249.309735807 582.90826725
263.798898086 305.706950645
380.902138093 482.122444504
584.855416964 711.867224988
145.940917602 124.689818589
394.319088061 318.082391328
257.088446841 284.934469377
201.188465922 308.661037114
175.890445283 132.043846357
398.727516887 293.814419276
185.541788616 294.679648434
99.4229821136 557.007014322
568.153832821 721.647371373
231.008775227 635.64674446
233.303256135 281.905974743
225.214039791 412.090664739
197.200172896 134.345968016
500.348391974 671.194820994
274.966903765 490.979875052
177.515038125 343.727851235
304.056056237 121.069153712
602.681473587 716.796528579
308.15544865 365.179052922
355.186208207 324.113872842
359.100793353 161.156256348
419.98998039 274.991126948
359.903567255 264.992924683
705.261231321 713.388216633
336.588912909 353.200034856
319.999205977 310.644113526
334.68943928 501.993690986
475.980352874 701.715163058
295.608244064 387.490098743
299.811793138 286.248521434
294.212652505 99.9772651213
470.593758002 688.703900513
274.126685835 247.065062557
271.724958279 323.622763879
285.750673758 336.176638839
687.674013191 682.916306299
254.872301296 340.055459134
464.207235447 674.693883478
674.353220941 631.631875165
514.226535482 624.538525362
641.840723081 701.149864516
309.829633924 485.05782771
169.877440713 636.227055688
378.656329438 282.900227379
665.361539511 696.691076123
188.500063974 157.235273067
269.180936268 280.147565771
239.117200607 306.196007171
703.293471816 659.083775847
531.511610841 699.989826973
208.786282096 605.09089689
309.755593375 340.63691528
284.504829356 479.432052875
232.518721275 326.877261387
175.576369991 322.535137606
106.546881275 682.472832268
114.208138157 543.934702644
385.605411086 261.682662065
137.050094095 476.669492778
232.809173623 616.512491904
478.711661559 660.801382793
271.745383565 514.771593828
462.8916809 698.298893158
281.40843384 360.993791948
111.629462915 458.400969564
98.3566780964 435.03904935
518.161570593 653.540596894
621.695541585 717.153765333
505.081031382 119.093099628
294.221357938 516.816388593
241.356602707 265.487841645
107.917439002 195.50090961
216.116848987 133.620972097
375.987015054 506.903907212
