335.105021448 699.267870813
531.424140215 512.858049863
141.975706941 539.429860251
195.594217534 467.727853851
231.162298927 443.525864333
258.908241521 467.943877569
546.615718187 487.553919623
337.961730009 454.98608498
169.851995643 517.518802514
101.178087748 395.035624344
140.414718262 517.366125827
91.4897113721 487.564857439
271.831315327 463.439075297
99.4396242503 557.182807685
119.179392329 394.385367655
127.845332311 449.113242315
119.953884936 477.877063474
116.536979805 439.731719616
665.903124014 526.438646317
281.734940324 499.295053387
373.21407306 472.520946726
93.0060393797 516.11709576
616.919934402 488.7344651
106.820314917 429.160175085
136.596144988 665.698264745
98.1645448817 419.317829807
639.317463819 483.231020012
266.404914285 512.042347409
388.360629322 486.803856954
384.948577671 457.439778334
284.292067536 397.016788373
183.442306788 497.358611404
591.40568984 498.966932914
129.930557733 503.918695445
275.984664898 453.948213315
354.619651774 683.087846265
159.879175285 426.658219925
247.399274183 515.438378131
656.195805018 506.544658131
341.612045323 482.882159302
246.10156274 491.334430307
689.266535666 542.362810632
209.694713463 422.179532241
191.44439744 552.464734562
251.916934813 440.015275093
284.641397461 441.459064322
109.774155524 460.454368797
623.407055302 536.004704159
120.044435748 582.568916623
167.87504944 546.991769096
211.450737008 407.983840082
676.019160132 494.751708698
306.276825142 456.051981559
140.375803284 443.708955067
213.348520781 457.074695633
196.62186937 441.343675981
80.0011442136 492.289073941
316.99432563 484.25608703
124.620930159 562.383225875
302.808562815 432.309688906
99.6412534163 484.026181201
362.069688993 507.276484449
357.081744482 484.079966435
563.506742727 508.734745087
86.457920652 443.83596141
358.764725803 701.614305069
321.618176433 430.1479741
591.485659589 526.794677774
274.232887501 431.110411832
550.707310799 536.996317471
110.087087284 508.273712929
180.168734192 456.874256864
685.804128968 515.835278607
82.0637858372 467.186236154
242.416253998 470.598165437
227.504196424 484.447033631
126.425387398 423.667817827
625.598814363 522.470725478
699.927659203 507.52144454
233.20414425 410.92443032
699.921787062 528.688792633
167.292137509 495.228196106
359.725406444 467.835703319
159.382606342 468.094274491
180.008945552 418.911030375
141.503794844 487.492937448
99.242456194 462.501930869
226.813653198 535.891769668
65.1179048663 497.290100845
248.734218413 399.972992033
215.041749591 501.500218379
293.032311248 488.635149181
105.291290157 525.614220897
322.741159245 453.869014553
202.086476074 493.078783683
201.847232355 534.107586845
660.068269316 559.82946905
115.635505876 545.585123592
154.694245293 579.824373154
139.145671895 410.025214481
