567.332299601 179.116482484
495.474562642 163.852798147
585.179992249 212.195594903
610.922406473 320.203582498
107.770906309 115.18334295
515.71531223 361.987002304
494.488161024 346.29332111
575.044082729 138.75664919
208.545271416 170.090164394
189.703729233 136.912699388
466.950898716 640.181426576
565.38617739 256.176528812
183.868295804 169.152094947
477.800579262 646.874727543
140.768392441 120.991296843
488.330034968 405.353253885
580.520394634 225.431334515
168.462279569 103.402197389
555.533794315 302.274726098
488.560406233 120.570852631
505.085525954 244.080418019
624.02419329 200.850741225
591.609349735 236.970091067
518.731900775 521.423677042
616.666952927 157.688506488
446.856002031 426.121068983
653.093103374 122.880580458
488.593890859 213.781483094
680.720268415 198.734828511
459.037752523 300.654382611
508.66621629 283.683763897
501.198526022 585.280989466
564.893939908 382.046233425
480.955222304 539.198114091
659.29854345 237.14666341
523.779840772 456.982690026
539.57328755 143.545095467
411.240762107 283.195584237
494.685572045 483.326463814
691.564806917 229.679237609
385.760546887 106.215971908
549.259530139 273.715152373
479.047002718 296.552295179
534.810334803 393.565848227
596.255561755 113.970142154
486.629908037 662.349431212
210.882375504 620.056304766
644.002030312 222.174921261
496.977461526 636.220781848
673.819179375 253.527330218
428.36457425 272.445753931
467.977507065 261.973504834
452.300499473 275.295219571
148.653161052 172.153994473
579.701362686 310.851036012
162.517348051 142.793836015
461.354531348 580.611008439
523.740522148 199.514608068
483.680734883 610.534135768
509.945686759 133.247925462
620.279675559 246.975541968
467.948902873 447.020132632
675.38747409 218.674447297
468.324519693 190.667221094
612.196705458 130.828365048
467.025081752 410.889633525
494.916441403 177.608467685
454.035108636 232.768179007
490.556013055 250.930563664
517.227132493 308.490845718
482.841756448 447.925048973
536.493075145 343.623761348
528.418587418 162.659798262
495.974567935 428.067745541
408.694179001 242.819444294
606.936629625 274.482076525
104.54773948 165.080993323
657.749832554 186.758981499
530.788969938 212.821069967
289.76438037 239.061773216
522.446687381 245.182215434
579.008473496 267.026965323
438.285249151 259.731647567
152.322083365 83.3498972254
125.223685621 159.256376824
642.721199178 267.226678732
560.182997081 349.102084376
481.513323334 266.185582626
519.690570137 423.06083193
430.503309161 301.341443599
625.888149668 226.349085173
429.57892851 231.814226727
466.486041268 623.414014976
228.302010391 628.253036372
419.909054663 430.916879854
508.866708638 384.217991571
547.717621645 110.756941077
470.853143478 497.928308366
132.352040268 137.642322951
101.457207595 134.851161117
