144.566477916 414.306540327
432.433801463 530.153767916
103.567602719 596.982417858
202.83326088 451.765488464
136.10774054 252.16443028
112.48986511 243.049257343
168.468610527 300.70192901
510.266000679 506.459006387
73.7936966687 646.733265159
141.016830012 363.157469619
49.9842263559 695.056150402
119.123838979 487.3774634
155.603928794 272.742451761
81.1305931857 699.770878141
157.431794518 333.403636555
157.543943977 427.499247599
163.407406959 488.990170197
161.995565021 417.306966861
622.83816618 456.683170893
353.484516289 491.312429792
320.232264656 531.102423944
141.474766502 476.694003943
185.31199067 333.009331334
144.888072302 331.680332345
135.767346873 438.096045499
149.313864843 394.830219184
528.941604778 462.662503367
349.938189413 520.451822889
697.160594919 491.229705109
305.858473549 293.60016505
260.905251901 573.046423567
89.0599716654 614.37815357
168.445528395 288.808848623
83.273451435 592.691846747
548.071671259 273.105270757
137.683541763 389.934470653
164.578961722 353.245625333
284.549613984 470.434117307
504.105711856 484.457564474
626.096642588 489.72391071
353.212210717 452.261363368
695.169764296 453.499747873
137.299300157 206.945539991
383.779164238 529.900607508
459.455467009 560.227687246
107.849306044 699.417392191
121.378345131 411.169055192
530.774873698 502.067706687
98.9862339117 654.549644597
206.032449716 528.782015639
394.069692245 489.060787164
184.366947508 311.715003912
407.606812492 518.085400892
171.565464299 392.598145617
177.786299156 380.407861442
127.903539049 225.068508421
115.41212704 469.994163613
478.361527938 531.124482433
112.012312145 630.151904708
452.896077432 512.360848078
135.734666269 463.229128775
250.92686618 605.559445161
672.729490103 488.790953413
465.483244891 479.368252421
128.236326967 431.379661516
156.721638461 464.557138392
135.435591193 283.555369309
481.029144269 504.667099658
248.248615512 588.445224323
677.884425776 473.176442531
74.9040871787 622.135416096
159.514745487 374.651829999
611.504115214 443.414845682
104.216133521 460.602783323
202.928999494 416.206543632
187.630796369 414.479495295
72.6507126615 215.920670566
595.147005166 469.645604403
666.801234551 445.701229589
154.292146138 315.230957312
641.004946726 458.049268508
149.497773734 541.182952957
431.72533224 497.577864808
177.71843377 456.359654389
99.0749132244 223.94290912
173.228840557 514.587379616
121.353712029 458.281071012
316.243307026 505.961447541
102.824588121 502.138162544
163.377194462 240.352126662
181.83932291 536.980745042
373.033377011 478.515541564
59.040764987 667.847772528
117.134847161 675.599399659
197.138288555 490.316610652
265.70838109 493.972427706
658.219554847 478.578512802
85.3216846309 675.854444185
289.649082929 517.607170828
108.979457999 203.874759456
