521.917241635 709.943966033
506.05667989 723.665663137
727.391602069 593.489498029
730.96327204 700.583910721
528.776047347 628.777239335
100.836981547 380.270235548
741.518661783 289.505181009
760.399547249 140.331720817
623.799250153 707.181135265
636.359563794 628.048735641
512.025729482 776.892271659
328.221162617 715.351415178
563.756527396 658.66184968
701.829920092 612.71716496
572.61867783 638.131714843
644.373966684 692.433098153
353.251917679 754.486259007
663.655378423 565.188544325
601.870974906 191.996182177
668.391656033 707.947684214
723.088556232 125.854757945
714.924223276 641.629953571
734.558471321 353.866988421
593.72470621 719.844802681
396.182437014 717.74595346
717.90094675 284.803388899
716.955991071 658.746579168
739.99516316 146.029400324
727.468910145 670.255472919
648.315756949 671.134518402
708.655258019 125.660401976
761.441671111 682.004390248
666.930296286 693.560267022
527.570585903 758.833572967
692.698012912 714.505070182
730.342932067 555.597492115
129.842511368 361.542064942
662.577750977 727.159957523
449.138559908 761.908533054
738.275597284 685.377859204
736.2513397 321.006445513
628.974447479 211.938153753
694.430667858 426.815484709
427.969886113 739.690596856
765.419550998 119.465700057
186.076847267 679.071481072
605.247015901 694.671034495
724.948961206 691.312631624
655.250295192 707.858809476
716.880881748 681.007356309
700.124121097 543.800460259
682.780879876 412.107641333
697.391224754 644.79113078
602.94487752 673.160711712
552.563499504 683.04189513
592.914903026 660.32010044
487.702730771 765.150609776
477.837062973 740.192046545
559.464263926 724.493149618
747.789482744 117.043858404
698.88002343 698.292590514
699.363068258 686.508602501
749.263271399 624.669923698
474.681100081 718.979982799
357.407166443 698.878857219
673.594808057 671.52688488
525.129469141 687.743926587
671.991999376 380.634511274
704.740198925 344.069819744
112.056428178 357.738089107
692.420810198 729.623045676
120.997728398 386.986635646
364.603054044 728.734178711
705.272061626 392.21045697
670.792915758 540.129772002
735.307812284 724.810295925
633.229377715 664.163726182
755.841213217 648.063229854
411.65120492 767.007794847
722.316584531 101.511058356
742.269567841 170.603817558
343.458664026 736.739427183
668.894127812 609.111508869
319.831907396 754.844719439
568.695150552 706.777631691
717.419727882 708.304486352
388.225626962 752.710458435
720.651356217 308.788840385
708.44596147 570.659210001
676.128500643 642.318519735
737.895060229 708.558231767
662.103052475 412.600052977
537.848394804 736.984605978
693.082471214 578.035935622
696.230704848 310.400507657
306.491531786 730.536387446
751.489987365 101.54554178
505.104872088 743.01873227
688.911291186 681.734119695
547.102592663 653.234849771
