450.0178009 663.204720793
404.424013271 447.784357369
438.978956196 628.517094469
440.296981042 609.44017587
455.485535689 278.10158921
506.181442334 655.336344826
706.479975424 687.355234211
674.282469226 688.139301861
507.872435245 695.814441505
392.565009549 687.928844764
457.798120275 706.476657608
129.833860016 719.178873777
457.545126587 692.325971407
418.319384319 662.63115849
597.542720615 695.034422234
398.572464792 660.284681915
419.945940354 701.248354465
634.582887943 487.054218487
395.346382931 478.825512983
349.190704745 682.081484246
478.110961762 125.156396753
634.310615319 466.949788725
623.360498352 700.689608289
413.253070762 607.636717589
148.37301265 692.324346873
384.959575001 583.173368035
474.905012336 521.378010067
497.335131797 542.988503559
601.130359615 674.177255611
109.128132255 716.93769872
469.303518286 652.403014022
440.431299874 569.896712298
507.053713891 129.896197889
406.659415461 540.258458618
415.490560558 709.962909007
314.998877258 698.308851251
480.308375012 259.232453595
495.886098937 692.480561735
424.700660644 415.750824873
473.594027251 244.739169787
470.625672212 629.763304911
502.605750478 108.044885585
604.416594991 710.034386075
250.899985202 695.024299445
414.484744126 593.065707497
534.289988751 687.586101176
667.956379774 669.366470957
463.675290272 441.242684056
441.005751808 520.229718569
475.563986649 549.077919083
286.022466814 697.44832855
327.255104038 677.530239324
421.202903038 378.976529974
497.684383354 670.440839913
639.99568727 682.596716061
338.839497037 700.806103319
383.678211446 665.221523154
432.161502601 480.164545265
680.582648512 707.140420818
488.203964578 94.3830838765
443.113363339 341.466543341
412.687007307 676.362617694
473.17644538 604.385604797
291.692333429 678.648340321
379.496005322 637.081463687
135.485340712 731.55602917
704.362370953 698.931745736
118.452541984 680.233110363
435.094262942 641.771675999
480.175696989 686.846641188
452.837896991 590.852152874
444.188942154 699.025456976
474.670521787 314.414723063
381.686906749 599.619492402
454.492302242 548.149928068
407.147136189 615.437180726
153.521624505 717.149102932
457.136327496 318.549615334
449.226110667 394.661943054
553.604440314 675.313746142
697.115330729 674.956776343
420.90300139 691.99122856
490.381675432 276.512706746
464.929065177 507.86311998
444.636287496 679.994900662
425.244614716 569.792194808
100.308571027 699.977914389
491.718934659 141.178309129
399.279389931 633.680506355
445.0721924 304.723592785
581.09727555 681.210020961
126.562068607 691.086015228
508.402919754 317.409324688
419.525788215 642.992471997
484.954030833 106.674833718
487.390433229 291.061969907
399.936550022 408.967411901
481.06122528 456.797412657
465.689212504 359.832699198
403.508646543 511.234874861
