601.990447519 129.675345788
488.605693145 523.984517297
182.802991406 118.199030261
492.489856893 699.811429137
552.186571635 108.938455944
557.080839564 328.277477766
286.632698216 369.322389437
634.354800081 135.598692672
528.315259533 40.3726150658
507.464835197 376.796328709
530.509464452 137.397283293
572.514969018 93.0043426925
571.100115097 210.754971847
151.402075656 49.6054454684
130.076599516 65.8952774972
465.820412275 684.923926296
160.660573256 79.4226258396
526.385816246 23.2287545023
500.067003518 620.263440146
506.996165631 85.6855237884
141.994539742 99.3857271465
569.133309879 48.0625643009
164.930539209 64.0707557159
307.589508644 399.572844805
547.854051958 76.5571319462
590.591658651 213.642413905
100.617977978 62.1920676131
598.295929239 99.7398113963
488.417046345 45.4219746702
419.374962766 549.879461609
308.761768426 353.482448452
598.706440815 155.317887198
559.94688447 349.763495262
551.005490892 131.542991705
480.018634723 677.550203294
504.659275282 699.749201465
488.048555262 385.478570458
622.628594175 155.137463791
575.203423319 138.379137947
533.920044248 62.0814997985
425.368665449 528.877700527
514.4904833 69.736688775
528.720534123 113.492500276
539.53573209 97.9099718481
561.152616344 108.063698712
604.111240648 173.548814875
449.790702865 625.476515379
475.715975453 694.486390526
618.472271267 216.553493508
502.956054454 349.479191893
552.877924695 97.7503249103
465.4457238 646.065627426
447.073125916 671.265761517
126.672277635 84.9662949623
388.091168771 168.207143611
623.310302895 111.234652773
531.584332052 327.429355847
508.061306223 654.566860733
474.973919286 75.38603517
569.351929415 168.960824714
606.162752762 237.399007765
638.55811739 162.993330281
535.665000682 357.579820424
502.001525615 54.5138596286
329.804251243 366.741422759
579.580622784 240.073688427
286.005370833 391.778050696
513.785217689 354.590529931
478.274522088 549.786875059
503.226803395 28.8248760783
503.731507969 45.0654240758
104.142592426 99.3774935012
460.542710477 94.9744422312
508.236469869 684.827316712
447.148022901 533.892016318
489.42815772 80.1327031745
481.547900549 585.548837818
311.962193346 375.388666913
557.765879397 82.3766266799
587.604118056 73.1727389272
594.368501704 87.7424397788
476.901874944 104.395751556
455.298102875 568.710205022
332.345920467 388.866306667
565.010034532 119.006653101
171.626313968 91.5965370137
580.946822525 101.212772291
434.640716396 647.471613226
116.296427237 48.2964763897
613.933379349 188.174306435
491.998877186 109.234889829
488.8012142 666.676370452
582.027350549 190.502142018
550.560589645 64.2294448359
525.478893668 427.374402323
573.883008366 62.3874003548
515.691094302 99.5190908309
637.414972679 187.706039069
87.2229662866 84.890226241
457.240040772 607.065269416
