260.003603834 164.867478315
166.783398904 314.754529575
461.918574739 449.630149205
143.942143587 678.526872976
357.541529977 403.017646128
86.4255532781 647.854760035
200.703460697 227.530836918
316.255144663 134.972305306
264.411153775 132.339909469
453.568694299 601.720346581
214.17475379 390.533732778
271.346488505 199.110418739
70.8899832129 670.867141779
415.939309182 348.359123524
198.470852383 164.746139106
399.901885953 460.536683948
428.994090946 389.476731117
245.565828796 111.40414113
195.379610423 474.349444504
337.576510933 350.296710882
183.431783451 372.657685824
260.064438251 100.628494942
355.40164669 288.506689147
182.308136616 201.663624902
293.52345265 308.52462532
108.501577143 699.354955112
132.8090917 300.960338781
265.501818572 150.405970025
229.207268981 103.522548975
119.405877922 361.515194492
217.777245734 184.331232696
332.239442214 312.927392076
149.661611697 696.396467267
226.909083137 480.038599871
123.726489426 326.002470104
130.390270344 690.69998354
191.699858772 407.363789671
299.590091203 236.175071031
218.595314639 420.235658008
235.624949217 176.980673284
92.7792350943 351.869645532
380.059728548 367.734344774
173.829413475 164.531018521
423.684560323 420.055818447
392.524230829 398.190386846
366.400310188 339.146646069
108.035825 379.262375337
142.01388416 329.203849261
142.350669321 707.883304996
198.410806306 437.584448048
322.957188476 258.227966638
167.7149488 645.066441037
164.277827957 626.318922394
448.032351113 435.696182221
239.526175648 139.82118065
284.226935887 137.636892729
461.045699291 413.283382167
192.441953229 642.349462862
207.141078011 128.557900206
169.755688353 700.903431162
90.3341178082 675.791051542
333.085349215 153.030228959
95.6749939477 633.164464033
263.545372077 245.015783775
329.066910991 383.128463009
76.1128002766 696.757178023
196.76561261 104.97040475
192.691350689 674.653530294
180.191150926 453.157690825
226.502724719 95.5066182472
226.119799972 125.761775633
371.284586084 439.463449866
233.466642326 206.188229819
164.869958659 686.917346726
151.78934005 385.576805932
213.323097914 153.740770359
170.878572872 660.10530339
249.233842391 289.949075232
296.344384825 119.343390559
266.77297125 109.003520108
298.10461793 205.954653295
305.144076259 348.860525611
97.2766637454 376.129741601
137.196470675 285.808214848
183.650388187 134.800497804
210.05889273 453.912861712
285.511077278 277.043215229
425.74783957 459.319888921
394.292806453 433.924855608
310.086443479 287.483007711
164.56851556 109.0065513
151.133647918 667.846009851
99.2783844768 658.887062895
277.983318188 168.893544401
340.736721557 191.68238931
280.58095618 99.1357209632
155.018602994 296.714481656
300.427705722 170.948454049
100.002104798 346.621163144
163.616032417 411.57629522
