364.323163915 637.802855413
454.736979492 514.66337336
597.58138562 783.973768722
415.361534301 473.81877593
624.846392681 775.444996777
104.53264619 606.520642819
105.117995952 670.423600778
283.614335395 644.300820887
614.541079376 769.149964436
464.740021084 236.513829125
120.587694015 638.136156372
586.346547141 745.669601456
477.54473904 155.521472426
453.298117366 480.202136717
448.330338065 602.329220334
462.862098472 416.433832446
437.33687275 456.749831829
574.797283175 726.757183304
646.950799861 770.424764738
429.510739367 581.689219822
509.004373925 434.210310853
453.008182453 437.70595577
143.881315293 661.93450491
494.682834677 120.732102514
242.182421574 642.756294742
457.855098607 183.602777184
528.693536026 145.308313244
397.834885803 604.594574982
604.257708874 727.171749288
120.443801323 661.522636
102.615556226 621.085929995
471.687529685 213.7219104
226.385005451 609.442086403
456.973118284 263.176191391
433.335331645 647.228157308
132.46808689 645.457948424
518.995950992 197.830103141
94.6235157465 647.807669603
159.855532589 660.761128831
545.772933593 136.09054874
436.554940778 623.441046974
536.498608481 717.70914213
256.673593892 611.603592119
524.55698142 254.516580683
483.738534406 440.432814345
469.610810793 136.050039436
472.448706034 307.102339878
601.063123219 710.396369594
199.267495893 624.124295079
326.524791822 647.979811263
536.956211598 694.156891688
135.166694023 654.032400501
474.252605542 661.314136167
504.321950317 141.819212912
428.791855268 605.475515298
348.581288084 644.085557593
490.386819136 254.431523597
178.216408049 643.111463591
497.842153494 198.955104315
439.148728946 500.328532046
390.044974508 610.040419133
128.520976126 613.764911909
541.94217922 258.253414576
623.04190474 750.058700009
393.90524837 566.31825953
410.054093931 619.856501324
570.494680384 755.494755048
578.423858594 705.960954561
386.279546384 577.190043483
477.539489358 624.922022453
506.760073808 665.301887203
480.189518006 327.941405165
302.293806684 614.822230323
484.450859434 175.088119807
445.606659132 296.817063212
372.215383416 583.047983277
545.698554437 740.168364358
480.643830769 463.831822812
245.609688551 665.983733209
572.252249483 739.358652286
455.56019406 636.927525261
107.924282188 634.964172204
434.805114565 428.064575771
149.337286295 624.518871582
496.183050779 293.717731682
612.119221972 742.516608793
406.529574051 577.579273743
420.838732093 591.581676908
465.707957149 283.774251539
163.539900184 608.630577505
261.762766657 626.275665235
308.802024365 635.731431876
215.613524904 646.462909148
484.428540533 501.925594863
576.075833821 766.36528918
336.277941258 612.519051457
602.051451375 755.371828607
494.56956285 643.780958634
122.622287714 339.685716563
515.400693848 162.236819378
