496.315392207 207.651346738
403.030309878 158.706554722
515.573515879 253.471894322
512.033501796 281.5941147
425.132431357 656.701862285
339.921446877 512.888453493
333.766545376 242.642201286
686.404794721 361.986432916
593.457394948 329.177734228
298.202411395 213.169347253
422.423733457 224.812400387
547.57282144 268.721531467
206.269649065 304.079839514
405.864420573 189.156032251
362.129112109 534.895062878
553.295537253 321.351426332
574.942835788 305.741912924
472.617780857 673.052649195
443.676636185 678.049209296
297.810052452 131.149907445
325.657083948 196.717321875
560.878551421 293.83696584
385.053777286 547.069379494
342.172092278 219.451035899
396.763727887 295.896200903
370.845340849 512.414270031
176.611881895 285.858685923
483.399591615 326.148616665
435.246769954 170.862708347
510.995562326 310.898239837
566.117367304 346.439190438
272.889120022 186.139020257
470.174988693 305.861766542
417.60402887 294.895050521
351.682748987 207.12945345
364.544925105 144.825377724
444.619538632 329.916726983
511.379987505 354.250500695
583.249447123 267.575067283
294.751038824 176.294719526
376.612588488 489.80603394
443.200232904 656.411271693
441.612032747 248.510814453
358.545666371 255.141848412
498.66895772 661.29309772
260.72070418 162.403683087
389.115135901 514.311224821
458.215658506 618.145441548
211.630545833 283.533829487
445.32862393 289.077533905
419.042338624 208.823841055
479.938842034 620.574643929
477.428480381 287.293916414
529.385614175 302.901087489
437.645709789 691.440571926
484.056889885 636.398488447
360.090764363 166.338317195
372.113055671 178.815901486
314.483749741 132.018143068
613.871614015 313.32385073
191.439464221 272.864592326
656.068788231 311.763213435
346.983627721 186.047519199
428.682668035 630.876824271
461.293780692 657.396545553
298.856597597 193.437056744
599.066300685 301.291207003
451.565834163 636.067730349
475.599212883 684.383311818
453.158585653 230.83966516
623.514576704 286.130158728
421.586335245 274.025008332
645.891563561 298.890083499
316.902819871 218.001028345
371.136486735 207.696741564
421.65878476 677.544675458
495.929294132 238.503429065
371.119469288 245.112639751
452.052057928 191.91064958
285.874610157 156.785707607
538.336198149 238.588134459
330.107707736 148.76677959
485.173750937 274.36014944
402.08414922 538.085529359
475.936610856 656.011252408
529.561715352 332.611692025
316.181922928 178.253076287
472.140485241 258.484714826
635.474142089 327.35796985
300.006528842 162.041248684
410.802008798 505.279675409
382.441194741 231.295494896
185.035329021 315.756540478
270.87854841 124.12113343
386.73248521 273.884874242
270.351878544 143.585129923
459.16662649 219.241422745
165.626584821 314.017357313
408.643984054 251.385725544
417.568848093 529.259815113
