86.4359282969 693.565506377
34.3792978096 353.779894658
33.3756814572 208.77992376
15.6293005483 362.703200742
123.81787115 263.166359752
14.0097376734 392.996121739
633.015337945 215.138722549
138.128638061 296.59594712
315.744875401 357.74933222
87.9663193646 264.613169827
57.4681923394 597.782695361
100.719979935 272.553812555
117.427055376 307.733477698
4.12325490975 167.338041884
91.9534047009 246.410891197
80.1701042562 175.307644424
34.7578697173 428.031595173
107.05734365 248.174738602
65.2233405093 366.215097409
76.306832977 598.79729191
167.509377824 119.997469071
18.5802294641 158.874108566
655.354993249 186.679982408
29.0913120427 136.820607577
10.6085810724 200.372670181
68.7398625394 243.597505847
187.724411868 111.893653801
74.7443284008 622.616021243
151.102411588 221.460608384
630.510040032 193.36268339
39.1057457024 382.817713407
44.0194350019 410.782334959
179.656291041 135.510037299
101.868535369 289.082690012
104.800392906 699.759260484
88.0392987401 709.537155179
98.1976435243 100.616349956
61.2503864372 699.853798755
650.058017874 247.142636337
361.840336289 322.527626221
32.7290532086 253.948188905
438.162231525 195.04604421
127.137575328 169.152564259
72.6810001269 418.841574578
136.165563599 145.839729753
55.5222669924 234.664931967
42.2684900596 160.109856662
151.186667614 559.284319042
53.3153248715 207.146160491
130.598354677 278.338942054
140.777925275 99.450029263
657.44619551 215.623083629
155.318660921 267.996865236
83.6581889434 129.671524496
65.2953790739 397.393720692
139.869871461 266.660960284
27.4046959019 114.208315197
94.4310131677 357.417283904
51.5547019753 140.906451528
68.076720565 328.279222474
60.0843032933 270.380646536
115.126000057 565.088948601
128.887354469 583.287895322
417.771904368 205.15927213
77.4896514162 233.751595031
87.6202319097 668.970536862
170.039331435 101.3323498
107.845629199 604.080174677
88.1016220549 384.311651087
103.841133914 683.351127279
99.5673959186 229.789444343
112.686360634 126.774008987
538.757038122 322.535313162
76.6663583965 263.613575648
92.5191209535 312.238169612
92.412154807 584.555699242
60.5406607532 164.102174899
340.795364702 308.612010764
677.643233757 233.500669338
145.95630366 111.086880158
109.736183093 664.744159563
17.5263444953 421.39439034
65.4806480686 352.603096589
97.2747142115 191.40909176
116.870160591 110.385020596
126.927201004 251.365813865
75.4924914382 217.101746861
50.8608444284 667.68621619
32.7326511326 191.248958179
95.9198351171 150.913259406
8.15367584345 200.154597584
64.2734081809 679.616822234
110.656049742 281.285378573
91.2910167454 341.407340371
101.236788904 260.376189547
19.7593083695 221.542235865
267.248619763 100.224912245
61.1399274878 442.576771494
76.5284252257 299.803302844
58.2821492848 109.401471965
