653.212710217 325.330862071
140.709012987 436.534440661
157.594920236 556.239590929
152.137900986 459.371727155
89.5200893028 646.809568011
40.6184478463 626.40664191
99.8104825982 481.826254888
576.777985005 574.655942075
270.084868418 365.709181949
264.178007924 545.791363254
90.5703985886 374.406018747
92.8002782451 257.496448804
40.937380445 667.873144047
64.7004116911 381.778215922
45.7091117984 701.496159582
272.380613069 514.352215153
184.54344818 503.554007519
74.5410766298 622.612030387
101.14949245 623.840414037
431.019573104 547.288259602
175.173915924 557.561838475
165.034521288 443.306840618
69.8257745504 715.208126883
124.459799169 508.835304303
107.478906567 544.730155631
65.8440047132 703.750116749
18.1169026311 635.497609557
580.233580788 621.158370996
57.3539356972 285.113698025
187.384762741 546.309729385
410.937641476 597.284506734
57.2485492931 319.624501155
476.302908394 645.892388529
69.7484587903 362.945912879
367.654270711 611.42278636
146.580166165 469.722824884
375.261472636 659.049685798
578.511079516 601.671918648
80.7670533132 301.795405063
74.9565430395 257.618507078
262.516938187 566.253295479
62.2725032601 658.631627101
637.251250173 307.522534756
108.378224946 527.422582738
53.1079582885 609.982523948
112.382915257 313.465445183
68.9750302118 691.567137727
100.353608097 576.21685609
47.6499636101 646.560130129
367.176591111 640.795475031
48.6254815304 331.912220746
129.014553926 538.843809813
403.466571885 652.327748503
177.317215512 526.604841839
87.6237101569 704.231104204
109.300105008 438.145451046
162.410874701 524.259407997
458.780690515 608.341726424
474.398570381 543.579418644
505.30547835 598.392859271
144.156561225 506.812457771
545.22326857 588.937909829
247.16335739 495.67183588
597.57691527 657.24333813
129.125682662 432.740374993
166.357206341 503.258536917
110.493405238 345.386656871
136.760607667 569.325538369
96.6999596411 608.151968169
81.1253312437 601.918830466
101.89085824 294.929753576
156.365161746 545.037296435
146.230160081 350.430396108
136.378619074 486.775407526
520.039810383 633.426721972
87.903615234 691.950883133
556.887445276 612.597229441
94.3443197016 425.51148168
59.2034872224 259.412189721
284.246684814 339.942877861
84.6059525084 283.973197034
473.758012968 577.555632819
562.404063696 648.146246347
72.2467265562 672.635600233
632.952194758 330.488436601
205.059168586 521.740689823
81.7338326438 327.25823759
388.529233189 634.391274086
408.146499828 570.024384722
514.192596825 571.781781688
24.9911199632 614.129492711
120.754684391 490.615224962
47.5971089598 684.229285629
405.276249516 274.808025734
114.154673666 563.305810965
122.84848534 287.22135527
60.9416329173 306.888932082
581.56388005 672.046927394
141.705548779 553.474641173
133.186601441 470.788757621
