706.23590831 628.299936534
628.042868268 359.896573146
676.872066558 525.090813275
659.892762791 480.735864651
712.341710231 261.449808913
755.440532659 626.762585499
717.824026535 444.941664785
696.998636575 450.185169636
764.464378799 700.790159244
648.93872775 648.636400811
717.176213471 700.992174051
117.389006932 459.947195759
715.350228393 682.414644882
671.091788367 607.333498884
701.819661303 503.307299665
650.010360568 597.362979651
677.039685869 685.091391621
714.083895575 406.158829983
602.141869271 363.301885851
519.066826589 492.917125767
730.492164039 134.588237108
719.540771706 382.644490872
717.239794513 502.954392974
621.289109009 454.616807335
142.819320523 432.733206945
580.892960209 417.446370981
689.527424566 413.057819985
696.315696676 420.909159354
666.953840697 464.250946854
104.386795536 457.814342287
719.186145903 594.127670717
656.434706286 436.830846385
761.792867567 130.031275016
616.945519487 404.238154555
673.086159442 700.821811408
479.859263463 501.207292023
734.831266041 245.543239309
751.978345994 697.03207555
661.064838528 345.295986114
727.046563148 233.102544199
705.36354257 543.047173611
757.812864345 110.636537256
716.015082475 524.643659155
426.035167882 511.880532319
608.995576773 424.726203239
777.166222482 668.678363135
691.82523681 431.734314673
696.442545157 355.323704144
654.082966057 395.623447377
685.863325785 437.385316475
457.399278842 504.705317924
484.317269694 471.863328432
661.298612489 323.170063178
754.066135662 661.53186703
679.564648719 458.398291975
501.525058746 502.519118464
634.99880372 603.866765861
644.894751047 373.025943645
688.575027747 468.925519729
738.627427808 98.4184148607
694.953759221 310.057583084
667.124046707 627.329929134
683.057362022 477.403036402
452.24996022 475.857094468
599.237637628 511.408501699
128.796992989 472.069835751
702.574526633 463.676507825
103.604569021 420.825131231
686.114357333 575.953175588
738.627429828 670.877655066
658.656415492 452.850031327
703.419985361 698.774865923
730.923337337 300.645440883
593.422074583 451.562584922
664.814469807 413.755114654
630.312110221 485.264472803
150.333393616 457.467819816
711.094173696 293.290929096
694.076039665 337.034311319
750.253557771 587.365190581
705.54590229 429.720965901
677.209610435 664.971841217
745.664236969 258.494085425
681.677790879 394.73239713
701.457340092 652.365923569
639.494824785 428.5657742
95.3640548879 440.62099413
744.838644851 149.17964149
644.525316072 548.408209772
699.642294826 280.875939465
683.225466503 495.733868916
122.237694042 431.501831434
758.285376758 293.129878337
668.004487103 569.234963019
734.797307756 113.211329218
741.990419312 272.756856052
628.095295754 329.903893569
702.948388015 369.94482661
715.858707303 319.504132537
607.549065049 378.771412693
