508.27649921 126.347221754
390.696305563 519.694632126
111.560779436 168.842198102
392.567752077 700.539014667
460.556580927 148.746880049
459.65163436 309.479069322
294.814094241 269.707035673
543.448269094 98.5270870034
446.251018726 96.0120573338
409.761803503 356.3361999
440.678160043 180.171342991
476.032508914 118.938661708
474.442180178 199.380391806
92.5522563165 121.827501815
78.3928081249 144.183209611
365.915377348 681.543015386
94.9367083388 146.610343837
448.226807598 84.7202374124
400.105442212 621.399979876
419.482553684 131.990937729
90.2760324285 171.921902837
475.815965191 76.0275804821
105.137282962 136.847677216
312.81730442 299.762828896
455.943767288 114.679649353
495.468806883 190.845745469
57.7948428653 145.932245961
504.376408453 114.111627864
405.789935861 101.302064174
323.840470422 550.241269971
314.392733444 253.675207541
502.990560021 137.47404857
461.668460007 332.152520577
460.293424717 172.871179608
380.094024106 674.454658496
404.794985679 698.002366912
389.65771864 367.99567486
531.31850291 118.177941461
480.928698736 162.435760364
445.257835123 105.925989549
328.157012005 532.025076925
434.038869323 128.867185267
440.056247263 159.451426798
448.058776638 138.107548898
466.377984447 139.420394659
510.815522302 144.309786972
349.97476469 631.195706678
375.986357506 687.981655002
526.234345365 179.748248823
405.706295184 326.343269046
457.885778057 128.607376871
365.506559596 644.028751834
347.144988759 669.191816342
79.9788924641 165.378572694
358.666296916 176.022246023
526.172487943 91.5350635594
433.068239661 310.94325934
408.11015295 653.534528308
389.204127656 123.751675638
475.212180365 177.982970281
512.763898468 204.369283224
549.987509807 118.070109597
437.219011684 341.101718759
424.178861801 115.436909768
338.56256141 267.213865032
484.035511901 216.331283752
291.862853069 292.022999128
415.284580627 338.179616595
378.550529995 543.352044422
420.769534612 84.6677929972
423.006372109 103.026446519
65.9146192567 183.922451814
379.475797758 151.460120925
408.443021976 678.733342255
347.331377153 532.737374688
401.661454428 125.604304497
381.655547143 581.52144268
320.441808457 275.789164342
463.178993473 112.978757193
490.34743444 94.1481471162
496.924209275 99.3868201586
395.626140241 161.432002644
355.415598247 564.467314402
337.158254313 288.99236922
470.413098603 150.761969719
110.719727387 158.640809374
485.027817564 129.180456077
334.724528891 650.940067208
73.0102097347 131.132199761
522.819708573 150.214619828
410.636412798 166.601919319
388.901367115 664.630593319
486.06664476 174.42945402
459.393575316 103.972726176
518.690809295 428.663211664
477.902023952 84.1885824023
427.833096586 147.218428101
548.070776951 144.787311989
55.0720940735 174.736472569
357.296299418 606.216464949
