552.424581526 189.114313674
551.257441427 356.542999007
573.8386297 199.068671205
608.824794078 178.944360382
588.774105631 369.701806678
502.808575841 252.633887846
587.310057489 326.980408869
174.026068866 136.833434007
489.047680806 189.633135518
528.899478793 269.340499142
606.419393289 371.075462524
518.735923071 302.998862689
204.457248254 147.210554567
541.726823108 118.746309918
616.991301414 68.0430685396
543.573730387 672.847756804
627.693684177 222.37563342
513.309886969 343.19766087
603.496969668 339.428264154
578.966678321 249.544786308
603.10987973 224.340024604
545.623086626 250.967273959
543.32524721 291.283791877
607.647152566 113.348599105
584.609522471 210.458517458
497.244047414 152.486848027
551.317479047 90.2222057513
629.757346603 120.56294524
587.752548954 676.533456181
565.41387188 93.3404083841
609.380642958 99.7091665403
472.428702043 302.141568572
135.702477962 88.3153088015
464.612149908 260.319993623
506.505712743 210.778845958
562.040181059 277.174723834
625.675166086 153.826309813
575.884285332 412.380629955
594.556290663 78.8991759539
524.570033881 133.89391443
550.154790752 694.030080209
588.695784985 101.2865518
595.984541548 686.418673343
549.895399859 113.225709124
604.72974774 241.302491164
564.997721126 612.335071458
611.173913053 87.9574203835
630.274730483 95.3399235992
591.303852411 61.5003257078
611.409894986 136.616184055
617.16315244 126.236299473
561.08840129 341.310467586
556.049138214 655.839418674
194.427719239 163.228834911
140.389509427 114.977055
583.461591686 115.349524984
576.240549637 392.065898324
557.30546213 102.213531636
572.206997784 50.2335184122
627.745706403 497.937629032
566.787102866 687.703586248
489.227649825 309.245563864
627.511106081 105.718265058
535.033155812 92.6134895537
662.691577902 525.813464623
479.136709872 330.810769485
572.09692098 697.54584407
537.581446174 374.986947557
610.418868602 474.021331707
520.060858393 146.667319274
532.632810901 130.558658526
554.762345167 145.108075118
560.138797271 158.4002232
575.088572811 131.529220682
564.496370634 119.486334162
567.972219927 631.444771609
511.175876167 168.574941907
532.730140094 102.481258249
100.636428779 106.562189436
558.925276468 84.8059158101
571.810917242 66.5313184764
581.589323273 90.7697956369
496.395922536 280.210125445
597.34848333 265.650999048
591.511655394 396.165396579
115.875208574 117.058458297
596.710605306 126.398659625
533.293565294 220.69333225
534.216068472 316.088730556
597.739742499 496.858813482
492.931763686 335.849560224
570.75536561 121.130347723
538.987284064 636.292254232
470.731833353 227.727837859
587.935102539 657.224005694
115.341520435 88.011897835
562.147014697 76.3215970873
564.35825294 666.59990927
580.374047075 639.085813686
615.259849716 268.743750173
