612.703562231 520.257503231
640.211335032 460.956616457
612.416558697 479.519990997
717.981667007 342.055522134
692.527302305 672.427055978
590.358507197 652.025255974
668.702889495 569.909354772
552.949943331 274.704767621
572.961397677 323.767801225
666.410637116 319.549850715
716.232793449 672.808651165
748.843071593 609.553201957
648.162154921 647.237024329
669.006983211 99.852703587
624.651690643 297.883684344
649.104028108 677.751421023
695.963138681 354.522331507
610.677078016 693.960529
694.590137704 557.949868924
767.025662487 383.640246398
626.757018941 344.952830244
722.7679541 428.275326694
745.315497578 445.430649258
585.776367354 257.21951958
590.536207682 345.815704858
675.476234594 186.756219635
702.031737138 159.775583096
698.484438429 300.786518604
683.439249707 642.598250474
663.527551716 113.135508577
696.610901504 211.133663569
603.891206804 676.305971665
589.341364656 296.203491796
581.068940708 497.899594098
669.221616204 243.324334864
763.01293963 414.391294052
670.472278452 351.172898069
645.824641918 577.97278857
622.62294484 311.377108564
668.095043554 168.18797323
658.65559443 701.290619228
704.408069413 245.824215822
702.678202707 694.112033894
689.136447738 225.728207145
750.723105958 339.454152371
671.912721547 522.44964236
690.963810868 419.039131403
387.89764943 313.961571414
604.569023159 274.219833129
560.33617412 369.820471625
599.670530586 369.600965688
685.981455673 482.543271858
618.464937755 623.441010464
611.735941613 574.875937985
625.740211358 704.608761758
582.69972211 401.706020638
645.053985831 605.874849779
691.253057982 130.268743413
631.789430189 258.133312145
716.673900709 586.471591603
679.889454594 690.883116473
736.86952408 552.429956568
633.566010999 420.42202314
726.825095718 128.567941468
753.253506455 654.38281603
676.886456538 661.014879147
693.460146589 703.659658079
675.188476519 630.000965609
702.27495149 521.125550782
670.443444572 201.956838662
665.629637332 217.176074728
580.29553439 451.245705075
679.443425922 139.20918309
643.663257541 544.421208639
553.53226817 409.340794929
676.863130164 710.516909975
659.993857928 279.023579191
717.362908477 99.9949632919
543.670294359 331.80268255
692.470562552 99.073641894
717.013880445 183.789360505
703.908051048 114.538076011
703.96530418 387.463074635
749.595945265 385.447046386
733.253775037 697.922642984
528.923273608 301.65377429
660.124939642 422.621038979
669.183114928 684.633150086
677.641185342 440.852502077
722.038311224 617.875255791
647.084549217 496.417952729
732.420189381 401.766401695
692.124701505 601.300826391
141.379835048 271.233605592
712.325732685 632.802888539
560.622489894 295.673827644
730.331958102 219.254469083
629.259128132 658.848356952
680.240945497 599.365849554
725.18068384 311.114049082
