565.680775421 390.14108345
759.226520066 582.371058078
382.227579077 462.45424651
707.6292721 699.904401027
556.217325719 336.703344043
621.772537129 525.477777289
168.041041779 746.725896425
635.493387969 409.135282623
510.353146411 338.592085473
594.654120831 588.593896976
508.782597694 385.18871264
648.779562334 263.887583016
517.095512276 444.284598906
356.480965481 358.977478979
338.020771757 374.677940979
647.449036685 686.342764173
374.000543718 407.886406904
498.770028662 318.414283122
758.075974411 638.750028623
486.79488204 378.929901206
345.758576999 435.231639547
706.844894305 199.29739222
364.169947159 387.873451499
198.617124218 782.168503468
615.776256224 245.800541241
556.061758336 450.63921148
310.839505848 370.554580635
580.790486904 368.472377404
455.670630327 335.460748701
443.230309533 556.68060748
187.348918352 732.763243357
557.9021554 407.262618939
661.860574343 532.837878873
533.371745324 379.686390809
666.589311712 671.194402582
722.274434216 707.858798471
560.036464305 579.814009679
605.345537765 416.657688221
546.056344645 395.704480674
657.332192549 200.114261794
450.097935452 524.460495713
503.300240515 355.190681973
545.660249017 347.96276879
568.428113072 287.882798937
602.562495185 309.99252576
571.871301956 416.316285424
659.871396445 610.606553687
673.382807902 699.778012865
590.748648968 447.352409425
548.195212514 549.0222122
613.214692343 280.903779345
659.825620704 644.367918139
633.604129338 660.92606336
345.799524706 396.085238843
382.527047636 334.493657248
608.186416611 382.519138169
582.008313584 516.515704572
702.234974342 646.292446256
426.958690842 340.895583195
523.316192566 408.446217723
603.31118516 476.709140628
652.617397992 424.880813706
614.358616804 548.443785566
476.558123179 352.319161584
215.935799598 750.685892952
565.02271481 471.72288055
172.655596088 774.726440104
593.227180437 549.624987705
759.479866457 605.83545152
461.725162747 313.938198861
480.170171454 329.809250961
324.585290685 404.137913991
415.474296779 320.258530283
696.887872223 685.033790728
700.838367453 568.694339655
456.975548441 351.586063068
745.779920865 625.914198826
192.564114328 759.150444131
658.066157647 231.847992227
677.786560875 260.196072243
657.710152622 287.67575828
424.520343653 355.25351553
740.011891959 598.506375565
222.409239345 774.626131431
561.272590636 364.508243286
390.369887302 421.802863734
640.945975904 301.040436299
638.696135541 615.56402576
325.564542721 352.409865771
582.328403097 428.359493946
462.800691211 383.574641477
683.223976016 651.368553695
550.268413668 431.29588346
690.86290308 200.464974776
743.289420719 565.762912025
690.866262786 230.9496228
528.10005344 358.43867827
649.631530918 441.660244421
298.770175487 383.346796259
698.170085602 608.206296817
