188.794459581 311.724266225
375.400029345 513.865309058
45.7046446386 698.99143506
227.256714947 519.191006158
29.3427094686 160.076005177
112.180534939 454.268723331
259.872514075 175.308205906
232.680631769 436.668227153
139.554835381 204.760452094
109.385813547 662.146522594
52.4272259726 337.855395933
102.339107881 102.171663995
88.9654415043 456.842173316
54.229654581 375.302266503
90.9352042504 486.238294902
135.021179599 542.89542388
81.5306585192 640.040116287
11.6348989467 180.889867011
385.315304198 560.885156503
76.0962688749 347.94906657
56.9265865253 685.798543495
518.771452766 171.177343228
100.673278628 507.65570784
266.641197984 212.526255416
35.4710295648 105.715729144
105.689565092 495.681297021
62.7724954507 436.765838948
178.14375169 195.919971104
96.5269254651 209.026051329
65.6979995503 699.722404262
315.547520414 175.607989267
120.411331337 339.691582361
185.963342453 460.808265801
45.2697867077 313.369204708
132.713336649 519.309475639
229.743675375 541.430287708
96.7366550351 701.181271324
185.391193864 354.400051392
150.714587158 337.974164329
91.9993305859 82.3245705934
80.6829406071 682.299766718
15.1623412948 302.65352863
153.1298694 172.287572332
12.3651756159 118.587994575
17.1645171335 144.585010004
147.099462081 380.451704495
127.405723656 479.996545986
164.7494675 535.498372654
103.893060614 440.268023761
93.8556217832 682.32492158
41.3501382279 126.925424569
144.383030483 503.772824699
100.176533987 548.458802528
67.1478715456 622.789223724
23.8758771048 349.260677078
351.507455502 309.499559549
79.2070559557 537.296942841
206.641455145 496.852741634
69.3985704027 234.132724195
96.6297286652 373.160170039
104.926020121 522.735423189
282.350789766 482.349337683
110.481953062 510.678225862
268.098974533 340.194012503
313.129641391 201.082356795
98.7134921354 536.432674511
40.9783844127 267.017756499
58.1066481267 552.442857995
377.415202159 546.943276564
23.3109460915 131.049901619
114.362217852 182.078949478
49.565039163 662.091604759
51.8025392687 199.920369001
182.551450489 528.609472362
223.740350317 482.092435522
22.9405275042 314.499527396
352.340470802 539.957486967
274.881373611 195.24356597
74.736351777 103.456002218
139.765098502 128.33526671
98.5151051703 131.741900172
147.725604059 412.214224819
326.184257868 520.571587649
16.9348711673 281.393159261
162.557924321 307.307159958
71.024958384 662.702021538
60.1038568653 126.86118971
121.722583722 535.517138413
77.2404847097 396.378020671
167.033392651 420.87111115
84.5117123736 434.0684338
161.0297763 500.681496282
110.839338458 478.894098361
110.844527595 89.7202221997
340.414057246 498.088805226
113.11119457 110.769037908
98.8482910864 247.69818787
267.172845188 512.744828195
40.9386233315 639.834799379
184.534222631 504.299726603
