247.615215558 414.112821172
260.83387752 448.745522593
276.717727705 391.044748845
481.109310258 506.807090215
177.404111292 671.770917563
179.420965748 471.399526178
227.923237664 507.830068916
112.52819236 206.101078547
128.811694322 232.539428869
306.581198856 430.264670295
196.099949186 676.906026633
323.833437726 521.471891676
120.855130993 565.198635614
148.503426785 89.0633226394
261.567738444 236.687999483
132.988415322 673.886387967
440.519078613 488.144207473
188.364754068 488.045875176
200.921026361 574.025098218
518.108146214 543.577336507
153.95712957 230.293601758
442.558601349 531.251553333
465.03144228 553.66221991
198.189104228 217.089098535
136.170590592 250.722055314
172.369579589 142.717038378
199.255349717 118.21603134
400.800220806 455.493943754
160.981275981 655.580672537
153.7307555 100.449753853
184.168732474 140.813549111
156.912228852 498.611559856
129.563026142 209.234658718
235.264984728 381.509262932
114.023785234 175.190651551
490.146941393 565.495971369
216.503792168 252.981159995
200.673332578 516.44738488
231.307559325 243.124665754
126.240835432 135.264973765
141.947819275 699.00555391
176.374131978 186.330070966
176.049398919 699.212956412
152.363948487 185.927502868
507.844630441 514.527277429
272.834917358 477.268463134
246.117020112 286.702613948
383.91499317 326.912072033
228.8547296 212.195588637
255.897042607 337.449542882
238.289422404 319.302084639
264.854068837 513.479441587
192.189764471 469.892341495
193.954622431 445.021825191
155.828065917 542.413337911
269.338012606 364.507589287
205.411093437 486.036575474
156.994834614 115.894174692
242.136327614 195.165494924
203.258336932 612.455133356
147.232132364 623.413257129
312.328619976 499.337674984
282.607348509 328.571354442
212.889440298 106.962750836
311.874719085 541.820639302
108.261444599 603.584674432
164.683461779 711.66709534
165.202024394 584.437269894
219.758240723 543.679494706
127.315978725 157.052736285
131.824670159 175.244525339
243.206673734 365.261054261
119.577526027 110.111775295
223.532181613 451.338296664
227.028901934 341.256230615
155.822826071 686.080474967
359.288639887 464.568771851
196.262606408 96.9368697272
103.217831687 249.837383075
171.044137126 105.21392939
209.937535591 134.027432847
183.266088036 108.885186388
408.70172219 516.720663728
492.610983683 539.85861927
197.096712586 697.00317689
107.26384096 223.736270629
214.404741619 292.846695965
99.5832572034 585.795271832
298.808554739 469.234838403
199.480065318 654.122870205
237.752337029 478.11980529
462.194112934 522.214517969
145.532365457 604.770007617
90.5063816999 186.901914953
170.237188957 625.848870316
83.5566409162 224.936720582
196.079290841 174.913867043
175.416500841 514.070917141
184.456660561 543.465594691
438.713593716 456.514811096
