308.887092461 126.6024885
463.36167128 475.625572737
411.359789213 186.245036521
244.633202489 151.08133642
512.066075811 553.383181748
432.773997633 434.295959174
430.625897354 192.404848703
549.844901166 369.722069564
297.839070322 72.7219789064
678.104575275 542.569764251
766.252870309 101.831196301
231.876538896 169.744929251
591.93228694 421.251084348
260.289074563 173.149926263
421.308044913 217.742354615
612.794258658 441.914189157
223.056534831 184.458246823
517.462784449 454.200908877
455.791646098 421.396515978
477.065270035 494.424697526
292.768912992 150.774895915
592.633645596 569.356062186
667.892407281 656.292965158
432.80980713 323.103406752
572.928874416 349.087739721
333.064383917 142.387465659
685.755733957 102.670206303
503.338207751 422.082839292
456.535308131 295.97092432
433.693290852 461.940043119
688.578411547 120.838548382
443.336591661 377.700641539
394.417469238 344.552989129
586.032478591 538.798970074
585.947554685 372.500713015
652.818648248 658.514986317
461.729648038 254.074244846
640.205896513 626.920450869
708.411865377 100.367267177
532.745038184 341.836875109
690.210595989 626.851661374
440.979585814 485.605974105
750.377288189 125.449430642
265.821146859 128.141876294
634.151696048 530.46974696
509.2083497 392.524192132
740.398540704 145.637271911
524.392257555 315.480067837
483.909243125 310.80542771
338.786397453 109.099273543
663.479547988 504.030913606
478.380249439 368.88665577
724.610546699 631.325129226
649.778944965 464.642544598
661.404020785 583.599038519
494.96346486 247.196296288
746.719649915 99.7276820767
571.590258798 399.229560067
409.804328871 195.685147553
485.7926133 423.039983146
542.993480899 415.116860968
346.785745154 76.079051506
606.170896579 516.185984818
457.925707584 329.254276498
280.638232888 55.5510012391
230.601364221 101.362635917
262.248594154 83.9252031772
705.072474757 652.124083613
481.27654455 523.789258674
424.24314691 341.386698548
314.971713862 86.2470913479
712.571366197 132.022747846
492.973826096 268.051030889
404.800890931 323.832873253
326.529958047 56.7559121881
595.834079201 396.129779541
535.850832381 526.884242283
572.499638763 442.528728824
694.165648857 582.707915137
477.004437248 450.708742974
411.251301723 463.217831214
434.272635061 496.646917232
671.72744872 623.373814472
507.11239465 290.815957691
637.011140715 563.757464953
579.958546627 595.771482729
530.155890155 269.288976761
689.785496315 679.265115428
532.234183305 379.869934043
612.964810332 475.651585074
562.523158997 494.810573432
513.395420894 487.45082611
249.055696019 191.104718037
291.460586494 104.253810589
773.288541662 122.833415115
714.143928599 672.424746986
390.456492923 199.799480956
700.556330013 141.334273168
732.124131576 111.113905694
499.970654535 343.903030106
