542.850259819 471.039653563
588.47528433 383.301305599
450.340544172 368.37024709
506.847110509 331.286431429
534.5010059 327.162304648
545.723561936 364.828277988
626.94572686 266.415861517
576.767408803 266.103068919
464.425330164 329.652919976
111.446215704 249.734130634
432.931537132 331.780793419
182.214068023 314.903522565
563.887366995 348.046910742
101.042432309 325.737016322
144.786009121 252.807675207
306.475506749 303.697690642
299.972926791 320.91980629
269.062590328 297.675831561
614.046434862 382.815491293
525.452472932 424.590618752
615.387042394 279.773744771
120.923275665 325.861664433
657.755455703 258.678407814
203.440351336 272.485611486
423.132012128 369.182435232
105.692598837 262.62629839
639.414998051 236.751395529
525.981313847 439.305286416
597.740178254 299.281214264
601.507446198 254.839587219
596.277529444 316.590841035
487.262929901 328.315655019
644.973201562 275.533895115
406.024855237 337.172798778
532.302037848 414.943084769
548.916422297 491.298083957
365.974965909 267.779266461
511.379969577 479.873245605
669.671578829 271.899155302
593.889315043 338.754362025
526.78257699 384.900392052
673.106904624 321.016595206
518.729702397 311.173037962
493.200803286 350.870602374
555.071338143 318.105446456
546.350824446 401.855585811
242.482623841 307.19916765
637.181100985 335.505212309
153.243918291 331.031781319
480.115303437 355.139403223
509.377918955 293.886127518
675.82734744 239.299599815
615.820649454 307.681897717
329.225574994 283.608204111
520.970282084 337.93058283
494.625740449 299.828387369
123.081605768 303.448038421
563.993660113 377.394766935
304.028312146 341.873529585
548.80463172 291.229466334
144.24304203 297.337354596
565.6759838 434.302464295
608.958880504 344.861314095
629.375034245 297.853397496
124.745868764 274.930186192
541.503874418 448.261277958
553.037220064 264.655930993
601.034918572 437.00561119
574.230252518 326.822510625
564.62991015 468.548929401
277.602563832 327.436550881
462.555726554 295.295107841
686.532125883 282.351380393
100.227257281 280.225125859
542.863929481 335.099517489
524.565252403 363.144729221
244.932726451 267.66092656
642.603565742 296.811369037
692.156720657 250.276151739
533.865607121 295.253736564
648.634960042 349.204998843
444.189314467 311.721170241
578.979903701 283.948940589
395.386221908 289.303597101
480.638456739 279.87341927
353.544331273 296.046549943
165.426297721 279.737945229
502.133876852 440.281762972
100.506401721 292.467148396
386.271458885 248.396985659
501.606372829 386.570355827
521.027231757 467.718774935
272.951783961 344.763788453
570.689138337 298.620175664
503.36493178 355.150065113
485.1496414 388.578527385
658.481350445 300.230706593
335.232489786 323.076236268
466.662865822 354.897578001
286.129440182 263.326757633
