316.93679496 215.141126192
439.202058603 126.889394842
377.884213264 614.533670461
381.147270076 87.9463355491
320.960838303 66.4981547508
286.362467473 78.7124209347
307.000940251 81.0748330183
498.660995262 111.273900635
310.366198641 659.963997856
206.477123042 319.441992353
325.300321316 700.071746971
352.583094639 267.970134054
334.424401226 53.7538879231
344.886094839 700.204947144
337.465178784 75.6179790214
343.269575736 104.068326251
375.179312987 173.276235639
361.900245732 86.0626341732
638.057014021 58.6119508832
416.187096386 94.9662072088
396.212617979 136.624838709
362.323160113 226.262979043
371.961146176 31.424197081
243.603764004 311.076867896
344.59867594 198.15466963
311.284594743 102.26247974
544.937891961 82.9006004781
402.035960754 122.462700085
697.659060814 83.9100583716
404.65884948 38.6283745131
191.04119267 416.777406715
361.681910338 636.475176833
256.150089957 258.35646642
343.944327689 614.428208443
534.508770726 271.670310126
247.175728513 330.772453872
266.606431017 287.401255216
390.942761216 81.4775542668
501.57898214 88.2047750238
622.048655065 95.9921159524
408.607220224 55.2297201831
712.948690406 45.6570916794
329.719549761 25.1290710855
416.994211029 128.245609058
449.62154702 183.321921132
369.361510572 700.643927164
206.254486188 357.843611603
532.431719561 117.161145963
358.395814453 671.464727439
404.469671462 219.675968424
416.014459291 83.478827104
353.534798499 49.2603454551
427.963057918 114.137075341
338.707236084 91.7792000546
358.270009601 58.5110791682
314.837175486 40.5465296873
299.340037264 331.10597106
455.586597667 127.690826127
365.6538314 656.953339042
448.88286801 110.343348698
335.16521554 234.979621855
168.521044831 448.558552221
660.693086149 84.3332206095
453.501447207 80.2062733823
286.117036004 300.528196255
342.79383082 117.923395007
219.454874478 281.981523764
469.351309874 105.101916996
173.582738064 433.18336375
708.093816512 65.4305688142
335.268557567 652.509770317
349.973244773 79.1006612508
606.109233514 47.6531988737
243.632430603 367.88084814
380.712636608 58.1538115432
369.472176627 75.1210653049
264.138895004 56.124160928
607.457457739 73.1068878225
701.79139111 38.6992521694
190.845263217 295.336122368
687.828553348 54.0227844899
377.727718112 288.978765592
434.448657985 95.2300273907
367.672107257 106.327221485
283.370897016 57.6145570926
380.458474557 207.7652791
262.420332117 344.21621236
407.00548901 112.95184923
326.122173286 305.703989811
345.052713775 36.4460108067
385.194392269 250.06678858
406.313208827 74.8045373949
319.136110211 677.716399438
366.54794695 683.745247684
368.317324547 121.154730707
379.935193331 107.773907006
679.871877259 70.4329360716
338.663747543 683.422666176
382.154802652 123.466298319
298.455143563 57.5270554411
