434.188047782 716.300971111
565.961257783 743.054157645
155.433808763 778.174576537
238.558752732 713.26584045
302.8074615 681.879457316
348.553314737 699.720159145
585.299371492 725.476952307
513.379179838 630.727342267
200.323657183 761.483281248
101.455350076 644.566338847
161.243119656 763.028357198
95.5512634166 737.258144658
374.868165394 688.989106275
100.411363949 787.258772843
122.081020282 643.815809468
139.476577204 698.581719888
126.92028483 727.084960834
125.322626657 689.388255206
674.078911537 772.039851363
386.409857782 724.432553552
534.400703042 659.079108907
101.426914427 764.162229575
642.047114932 733.859121484
112.96410435 678.927844655
142.369260744 786.226825342
100.188998799 668.716504582
660.491149897 725.603015124
361.377748167 740.178129498
533.300796224 683.860794472
545.268338215 643.898847116
421.977202744 602.376154129
223.013703343 740.565975413
622.601013437 739.568921134
148.159525382 751.774745359
401.993521077 667.53959301
466.992385681 703.779367629
178.153540753 674.539747862
329.942181657 748.688214212
672.326037623 750.549742705
489.951742006 678.057041268
330.22400865 724.568467295
700.157926868 789.872145945
266.163778792 664.607199793
232.981107111 786.181734179
349.405921844 669.180024345
436.130710632 638.11908833
116.41133286 709.961761469
650.668122164 781.489759415
116.147961554 785.471341143
201.48015936 787.115183965
257.128022696 652.634755899
688.385690717 734.054580745
459.494153896 650.774396262
155.228128023 692.642343019
266.557597442 700.403572791
238.123370958 685.587894792
85.2216662206 738.766147588
466.671219636 681.230263585
128.498350089 790.77686882
464.146789459 620.106337568
103.604286512 732.958274642
510.690021452 702.619984875
512.170676366 675.455415645
602.937553336 744.699953766
94.5698619009 693.468517641
457.624331823 712.381950483
494.575996758 607.660052601
619.750177081 770.395778143
403.470872844 642.032611617
584.49071043 767.438880257
121.912731045 752.646274669
208.424252658 703.636459398
693.282665983 761.537243477
85.8764227325 716.897589158
328.500160949 704.495354125
293.306902566 724.572767908
131.890702856 673.120644847
648.670685928 764.978727383
701.739370416 746.209807533
296.599591906 651.046880047
704.187127865 775.983518947
188.672276307 742.226150532
515.582527959 659.812586444
177.169767807 716.146605114
227.209319406 662.132802818
151.392895561 735.290450168
102.550153269 712.092254836
304.698777869 764.865451772
70.2159510512 743.318288648
297.040459324 554.489540815
272.759111192 741.40847154
419.678016313 702.202002378
114.803772811 772.978755673
488.929662833 638.441470458
249.478666172 736.570402124
251.633329336 770.176133355
677.089217993 799.602350835
132.478542069 781.287980954
166.265074576 782.803895243
148.271306254 659.617156856
