278.357365003 156.922303029
179.789979487 299.575328282
466.592312399 430.185315899
163.913674825 677.460647341
365.608118267 384.716562957
106.066147508 649.627523774
220.269164866 223.38558797
336.101661556 132.508872248
284.215401725 129.554991144
452.408540663 601.040640368
233.979644322 387.764276574
289.663820765 191.085249956
90.8470754757 671.878010424
425.706065469 330.910712985
218.006312545 160.460793885
405.062857699 441.215852698
433.982432642 370.110553441
265.497373959 109.756139568
215.163267939 471.427978141
348.870696018 333.796033759
203.31634296 370.516461107
279.931437666 98.4355028903
370.748433836 275.716993553
201.749323898 196.986600247
308.209997869 294.949280149
128.469412807 698.428993599
146.960740354 286.831598238
285.026072678 146.073941403
249.204264587 103.32351231
123.424922094 341.93305493
237.144948627 179.361847578
346.206377454 298.613951149
169.645687933 695.599337031
246.715252228 477.270020214
134.731594749 309.304581198
150.371217021 690.074075443
211.410158849 404.08126574
317.268695521 226.823793112
238.332615763 417.061541658
254.536775883 170.477050833
96.6322938518 332.244396788
389.557823313 350.19602077
193.556307622 161.242573214
427.289616492 400.383910278
399.341728111 379.398115617
377.777002577 322.706785218
111.378473535 359.550186602
155.831327256 314.753176918
162.349743777 707.912971096
217.75376208 432.536135509
338.622378855 245.794202808
187.703044312 645.755270579
184.137827011 627.976860038
451.328871249 415.972213021
259.213309571 136.331863979
304.037167891 134.911704161
464.687317224 393.630368067
212.436769052 642.501894618
227.023956866 126.450311878
189.735077062 701.746868193
110.332837723 675.578984137
352.601238685 150.242967471
115.583443857 633.533026578
281.368372567 235.941666476
340.239211215 366.540596642
95.7396718014 697.103748599
216.757369574 104.399307466
212.659760991 673.587405993
199.739239034 448.997884111
246.458787087 94.1842056285
245.788330496 122.156227113
377.859881174 420.575686319
252.005177485 198.683783455
184.830268385 685.726200205
171.461878259 382.020711427
232.978429366 150.046795206
190.875183328 659.979120542
264.947774139 278.060621254
316.26592318 117.622998413
286.764643578 108.847575797
317.049432601 199.584095898
318.807476927 334.255339477
98.6091966304 356.175034718
149.570743117 270.109382391
203.557655812 132.889286486
229.732805563 450.328615611
301.966634928 265.683944713
428.877615135 439.566295667
399.553028485 414.629418017
325.871067215 275.202136234
184.566662499 108.743659723
171.119610251 667.636325684
119.275517537 659.050387712
296.973504175 162.621242579
358.740553375 191.338622754
300.50943833 100.671564785
168.525854774 281.966196031
319.895381251 166.371377241
106.312511547 327.643462061
183.097105763 407.082742296
