616.076852614 547.508159452
539.607924739 638.724961127
653.2936072 589.062455196
652.690940136 559.90839935
562.105111177 648.309557401
590.498401952 562.940412932
634.92422294 657.577615942
263.200434033 586.136487093
581.036870926 451.53419355
636.798526526 630.452430538
609.482672223 646.607858124
517.446791433 609.664183586
295.941542979 577.701231587
559.687767625 320.539961332
514.94593428 93.9997594792
485.262619704 691.784870585
703.455036804 625.942197066
516.68062981 632.089969787
653.838214349 651.293842404
667.853757182 640.326587074
693.097290371 627.744546828
653.472874835 623.785786437
569.147936469 617.711421334
521.952976997 177.720220885
675.599340557 611.366979003
485.445666108 287.875804276
482.520037073 227.749089613
543.553872776 162.724655421
602.450074421 674.384595054
519.711206529 255.536169975
521.005681173 137.359211003
489.704148042 595.011902888
211.471357322 539.683007921
530.068064745 535.671324208
578.896105172 537.206922238
604.899174629 620.972731469
656.117433487 527.607668035
480.541570813 645.878755206
502.581818232 127.421557908
511.765758744 293.235390426
506.651659827 698.432043581
537.007714899 236.84970743
575.05853942 691.668744866
621.792130539 414.808905379
678.371197343 642.75903127
506.532445862 669.824503229
516.729335324 108.494770862
535.289653099 119.863302752
496.787797633 103.313379301
691.035406664 467.652494767
712.52538444 449.806954531
557.639514942 625.581429793
510.907417094 682.311489689
284.482947798 599.453907098
218.870865274 566.435322664
544.211750471 273.858246721
533.461529912 653.17786228
539.541975402 292.752124028
483.101715811 114.109631214
501.83091474 657.548447523
537.601600583 689.772626971
509.736219252 615.212789593
546.648797892 142.171689675
482.738085082 256.912344957
545.740706909 663.196475489
464.273368255 618.373762322
558.556548494 697.461666607
510.515679328 639.229869157
467.718013608 648.338300098
526.98960548 315.61591181
600.99401619 423.857502499
642.613627401 440.356774533
636.223738657 515.068991208
672.308579269 446.69982999
643.622791709 425.057169272
542.016215916 672.486762642
627.065575405 446.752344812
506.234094864 268.243938756
175.767719199 558.830526095
512.633062311 227.952721735
485.894736589 145.25724581
506.521605637 157.433193247
564.886032769 593.257443588
688.459544066 650.420137486
593.447144404 643.917124943
189.348239396 568.968332937
700.053010099 427.959082813
630.083641279 578.406446272
541.675774964 610.572225512
442.280880849 652.272778186
494.564551566 617.468956717
678.267215105 409.650435219
481.924890899 673.186734445
545.515988296 517.768127166
589.618625254 667.789411506
192.780930238 539.344368384
503.197668034 189.9715065
561.948765027 680.335914612
571.108275348 661.962245338
703.718865056 641.683928815
