645.715766756 363.550740889
222.611859508 213.128518261
273.351600471 301.404524282
243.797594415 232.749898496
381.703862937 588.076776386
314.690694942 552.698636112
101.638101679 216.736588707
544.13983646 278.354931323
360.855828208 255.549631974
360.525964993 327.976909933
204.52879916 188.105900139
289.634492093 163.422083018
333.538175875 611.414268252
141.996296519 176.976869131
344.586484511 685.295356694
377.217649093 292.544111528
309.943367056 259.093590727
359.419521461 553.163411108
386.784043184 557.324957051
432.454948994 254.036235008
303.170366234 314.452157882
275.724516077 237.550618102
365.90528799 700.99968832
124.326689556 222.776617909
83.2191300626 248.497562266
364.241490884 686.135807626
271.979559861 558.662349963
533.348891351 326.306635822
177.622218622 150.255043595
314.665116165 302.005072751
430.96295619 300.389633343
227.608562657 189.062442359
454.511628958 363.514839735
185.11610509 185.353771566
395.271024991 317.639252446
200.800328707 222.931073191
405.342091926 362.299765206
539.48685376 305.590414212
274.037289312 201.100840965
244.52094666 163.4181639
360.480361746 479.373379444
356.277036009 605.597086504
628.986945671 347.0281414
90.2299610462 234.802401407
333.302617981 534.489859221
329.817450652 202.833906288
365.656487929 663.811659741
94.3563528157 277.712035829
331.711773788 573.325600776
395.585286761 343.616371546
175.755108799 172.079594291
108.516727506 244.556515892
434.057572043 354.500915422
274.845522671 276.331751644
385.584290958 699.893540441
162.945857863 200.569869207
234.841685474 271.250728782
457.993061267 312.299309021
468.240542767 245.978075693
476.719742434 301.721098337
156.975846047 228.631533614
506.797781023 292.761407942
346.057709974 302.130768062
539.681971858 420.022723476
192.561974685 208.505896505
207.386479811 249.409993684
296.822400984 216.086269557
113.536666227 271.019497957
369.787919274 528.813449273
347.919815986 512.598645423
301.861005058 193.834989545
134.457672521 250.846236299
320.945104696 233.204151217
127.312572409 216.161811193
476.579434902 338.474871462
384.749034758 677.503546494
512.292762101 317.681927877
142.119215529 203.533880161
197.99392097 157.593762085
365.736412455 237.086164685
264.213963703 169.800433974
466.576754534 279.747648605
494.716754083 357.026109716
366.065753752 625.969331484
620.293108433 369.990166836
336.432927389 274.887458867
245.751967285 200.868594439
425.159189353 339.084826009
417.518136305 283.518958977
500.3892857 273.68055253
217.408071589 521.31545305
114.476516061 224.265866041
344.34084454 647.165877125
405.400749952 231.06784405
101.278597227 264.656088989
331.704304682 179.311645892
208.744278811 172.131997026
520.001400403 428.799174067
121.846635213 259.372359869
171.869931067 222.836290529
