582.710468215 423.173202525
622.615855235 434.612785508
610.826521818 351.348356149
659.984503388 321.087612774
743.370305688 680.148250423
619.937929378 589.3047137
749.685610014 624.118571268
143.933165759 404.869614057
515.743739229 298.103939688
652.704522882 398.646332809
765.285033166 687.167362257
715.733430345 504.493481216
417.181697753 599.345076498
563.141469141 234.61644065
702.917506804 106.811905639
648.65517846 670.04927363
676.515600231 288.012216061
651.871508789 596.540107852
761.372632814 653.921181889
733.609287643 442.104288723
544.04900165 322.084390206
712.544568301 441.346411574
717.527094994 464.206276101
649.115132708 246.09231203
518.226014915 320.532871355
610.04178006 224.562250278
660.497034706 117.428419518
703.678181109 151.070762112
716.672217916 682.099101344
568.434113078 249.253925902
650.624835608 221.665241406
609.863941141 621.846696407
176.423493798 394.141897602
607.614248372 391.145653764
146.521847959 378.564603316
739.247653537 475.406340917
674.85393409 207.783353563
728.30795021 619.740088755
683.202859186 137.045864224
529.907662737 260.94660483
675.265311483 700.427887258
615.94288891 240.700384428
732.754113379 699.848048779
566.015600757 284.963469122
670.131017325 345.340226642
640.705733437 471.080874544
687.482948155 160.986887126
704.355335837 129.620406299
693.103343513 119.730930491
651.51690663 292.46756609
663.333735852 264.407118204
690.698008465 519.541029604
658.434912137 558.6153249
559.216295056 355.792016874
644.086796835 628.481281673
632.219312327 323.379340802
711.195753111 593.103809002
572.987364689 263.88197698
692.951307351 98.4939532179
792.515654887 667.650564149
684.330132626 678.285146984
688.960550868 472.318404224
726.247481989 106.730427068
681.643805089 91.183592557
739.616149591 510.401052953
401.861405061 616.872341058
715.12489342 705.775190202
704.62303471 641.905367272
778.991721906 641.882628726
530.319725945 278.697198908
544.16138486 297.043533373
608.333614897 315.92427781
165.39452888 366.586600271
601.168119256 466.575248088
608.007229941 281.941940367
707.774007138 701.17025241
647.857503956 365.863315105
618.09756921 184.521455448
124.037721649 416.564741441
609.961402136 201.04428556
679.838381946 104.466139342
646.029742034 200.501468753
669.660902324 429.06314754
699.866669137 412.947393506
757.255050318 701.592359661
154.027101581 416.011626866
633.643960282 261.943906796
391.070760738 597.529052982
657.691577088 441.789378026
776.627997623 673.040287592
633.7142828 497.598649348
645.426387174 344.325242556
673.26900299 652.230583808
120.440127007 379.791992743
728.250822403 665.99011507
107.431903939 396.544921612
669.264788951 147.633899603
687.275254724 621.347196478
728.259017798 649.112779249
688.440940153 315.344599659
