749.530385894 626.570736295
261.851979429 318.387540201
455.958590148 614.953063781
535.978012328 439.188210369
385.923579322 413.035305439
666.800184487 180.559831946
517.562353561 468.919381421
447.121412581 502.147494411
624.090891545 503.897548922
608.333175624 308.207806758
509.37741622 51.3847716285
483.823313894 443.741617842
184.842775602 706.872630249
514.044397959 451.098164181
149.988184929 596.414119947
729.600412338 247.760187368
207.001062834 595.991340369
155.264705113 421.951100548
496.823016442 212.893299106
364.21887225 400.549947645
718.386372534 598.630944098
389.172668792 350.865481555
420.824713834 365.158351845
330.38969211 221.427440907
731.853922151 379.377862858
523.57146397 580.733499684
52.0493664095 102.721427822
738.593096379 189.860059028
424.489015501 170.529381441
248.187551097 303.156321305
94.8237348604 110.816316433
687.580101664 130.147292923
63.6727856829 314.582333407
107.448563554 555.186089957
516.222570837 609.872145918
407.967805837 429.200136968
101.493308636 256.059911192
251.221766447 402.953344822
159.372551822 145.402841113
204.95992438 628.288530232
487.074301568 385.301163166
116.850949013 366.789833988
322.347355425 104.103276918
535.559089426 618.88156293
601.807517063 283.728929278
726.062487252 226.455551278
419.8087753 55.4853428401
711.98148197 126.533157052
627.288962532 74.4913545726
760.549479801 748.230159873
693.84948114 277.574519095
685.94309437 254.647797334
712.21970015 387.144244735
149.315247841 708.382573099
546.397220058 309.022510059
585.993678199 226.728915002
297.455985996 40.3652475203
75.9814429959 660.128062549
434.237801922 88.3852573266
406.396657723 191.905635617
471.204706838 229.809854026
670.008092669 536.408213008
340.360005681 237.406209878
72.1595860721 644.117118536
612.16992464 478.133629734
410.545819236 559.03804091
664.40306 600.143692567
664.596997779 390.27908834
303.180940845 493.030147276
655.372335271 107.695859237
679.907143269 579.357648098
138.059670918 167.250530828
433.590412696 127.692929179
123.930651898 254.734106147
665.748504683 509.015362835
487.782965779 671.423609764
386.377189387 374.389724579
624.379249674 274.883388461
525.702918977 380.121869347
80.4926320131 281.723517488
86.1321813387 340.372455444
69.5816382663 757.91278188
122.858731229 544.860425669
638.842346906 52.6251926195
168.771341153 498.558452288
402.356504728 394.909104667
129.768526004 617.430607567
475.590546992 405.057457624
71.3365195277 684.111096083
456.366778776 255.676088091
135.749165678 473.099370971
60.7379401396 436.031020197
432.114784778 590.883338692
592.513576597 709.290466806
494.610136411 94.4024963013
612.063574263 398.932337029
378.358427355 163.137587955
46.1461658017 204.899165046
201.814115828 78.4326336933
729.055936455 406.378442774
