267.994691602 471.312826772
654.862266813 533.362809778
247.484623332 488.805333807
630.171291751 496.039399671
400.410349623 516.993495215
101.147817859 501.597874325
167.04168128 547.63793151
668.590042121 150.19815241
557.104447557 559.695246439
242.440889569 435.641988099
173.66620747 503.742724693
334.547472097 511.963934209
670.711079141 275.250335187
657.488714131 548.573835628
576.448816176 541.347562819
697.904391114 534.583119447
683.49740181 515.598788316
607.454920553 519.384433831
607.506488265 548.679641128
174.926788595 478.220719025
681.773866681 569.95044409
670.408376395 543.213213472
345.223636081 468.019657123
689.216301393 292.729475937
688.953653256 126.27397805
691.277272137 177.216757913
150.977647978 456.265924869
649.355682238 281.395824289
637.250009638 545.023117996
211.327183896 487.955177246
100.24233003 531.607382389
660.509262247 299.692564813
683.551811843 116.218602258
437.832180209 466.912926781
237.828579669 460.216038968
213.47307558 450.227938302
610.735035103 496.595668357
104.067215266 538.018117048
458.381323771 488.907490047
120.179849199 451.008393251
369.433246098 489.652742713
293.295197271 492.935642368
689.343273217 99.496155573
683.968720728 526.914648166
700.574520171 549.269523757
736.388503852 144.62432744
653.011625842 503.8442786
640.170763446 563.025517335
613.857256587 379.30822282
629.844348149 366.028510128
628.274972218 531.946348845
307.800278372 467.127119062
326.674028279 482.53035115
130.464171713 477.036211119
110.018074356 478.941752368
268.196653112 443.928785163
678.414112857 484.389169477
159.612217332 518.322768131
292.077073618 442.046004488
656.143472651 510.5609451
653.902496106 354.079005285
118.389760457 503.961264417
707.484939251 507.812913325
621.492286195 538.237449434
734.557779232 117.687327202
410.711144775 471.4457121
212.316782836 512.549411471
667.806902295 513.154217918
719.417170085 134.901676125
613.528827764 521.390787655
425.80582915 487.914493763
712.852964418 515.734548131
709.113116338 114.283104348
685.584813397 314.360106545
560.825031103 516.757505625
721.269162626 99.073804294
138.017063033 538.343847943
688.299757788 547.544348396
635.255512083 348.622599286
431.96411168 505.375711577
547.88085991 502.530438658
128.821213852 515.738606227
637.246406179 502.579204381
144.695738158 493.430957696
696.570690067 506.475162388
597.255819946 521.165901358
712.159549847 155.898530413
668.992324276 332.151467704
573.624710004 487.420279925
621.071025375 341.299931785
689.462237708 139.480406119
652.179414571 319.996272473
631.053111225 310.634078483
659.830233522 561.745094309
187.851969232 525.635845429
655.254536239 170.962204731
591.056700366 543.915299326
588.707326569 499.750662004
93.7140529605 512.128713546
599.036410824 474.809474141
