591.482343168 561.385232398
612.08348541 526.504640501
632.916171206 194.44773668
267.20268708 259.574914608
577.304092485 639.381810787
124.509580992 221.288348769
607.47208484 547.608618045
515.662812222 106.646782095
483.902172609 109.571348987
554.201660918 241.785969312
615.867944684 305.287739459
604.154635208 654.414528717
357.108871683 369.739494681
561.526135358 152.624263973
510.791360695 146.694882118
100.200225196 240.597325492
200.271931658 206.65385113
342.158490258 384.253454962
557.969721427 554.505156657
582.816056769 207.54484338
594.133029706 221.731154012
606.800981348 219.590809678
571.620247608 232.722897755
537.04635179 109.068800169
483.841331108 146.40824699
488.458738962 135.842306301
546.793601022 219.981993045
538.073867759 206.050976021
580.345469286 524.253589282
579.242198891 143.24253516
228.173434939 220.310704665
169.62731818 263.228033668
551.877101813 195.898424139
605.294548767 619.782517408
549.590743764 183.572665707
602.427944017 193.719388857
531.233619411 221.105729833
377.707538383 369.731584138
502.405866516 172.275849529
552.325733886 134.216360106
138.895134649 254.440461638
565.762018585 227.173272709
591.091281243 310.221967782
561.106459094 193.142490666
625.955067449 223.129507307
578.253372756 669.971145768
155.910937439 211.47804928
94.4818418015 220.546106299
535.890501176 124.491601649
506.744315542 201.136652349
570.935128517 243.873477469
581.554079042 238.464396544
122.690346855 246.024048627
253.479233111 285.415138582
145.84131496 278.771216294
105.909463299 220.632822486
403.95831911 144.714408455
513.50750645 180.017996359
537.310085951 149.598437994
580.11910321 700.19299458
559.017653702 535.04403253
597.834076165 679.124468034
130.09414182 211.551418666
580.28682158 215.843437837
559.116436943 692.053828527
594.281447554 279.487582339
357.347331171 493.987277614
562.793339438 265.789764126
597.39078958 700.09041974
580.128197861 167.478636962
533.071776419 170.664897424
428.675867415 142.69093397
557.810328493 172.904372703
577.363721983 254.126493082
203.512156213 245.91199449
336.80059597 490.700610451
494.823228388 158.561772699
527.574985555 189.518207193
495.391290882 128.704166297
575.08785348 193.835509561
557.401282599 217.222787725
511.701679139 162.086313816
586.194462303 249.32629794
242.710310097 263.467793045
547.552272542 668.540146433
512.255798425 133.680754035
181.226782901 221.950537814
571.355078809 286.180879954
610.86144056 243.844363297
621.391235484 286.328023123
623.194215538 177.45673754
411.763049119 127.794005188
367.651121025 660.081381217
475.066316684 169.073953073
594.787356716 506.756786658
496.040675895 114.288673217
589.79255997 180.503690215
163.043902258 244.873924152
593.62156328 263.9695773
600.265399289 207.680590766
