292.63868317 124.429427101
230.072060671 82.6751207231
386.022728508 205.614457898
436.545731814 413.897853118
119.625200683 456.618197926
103.387235263 425.821040036
318.584990255 327.516201655
210.513794401 211.681563619
400.018635942 467.22779912
110.112260895 413.572112421
421.559458559 306.79045187
495.580875547 497.223073966
89.7264144769 426.327352247
347.294918932 198.228465268
296.86532596 372.21436848
227.789685295 423.884206154
452.369065204 446.33713255
153.355044167 437.286229995
127.466526816 431.369583536
291.805296108 286.34490002
217.915123909 112.161356327
471.723308699 444.972479591
159.845030076 410.374664465
227.386457596 126.489038852
217.834039889 188.02791587
237.681458519 245.962305527
98.2737931447 410.245340151
265.266041436 241.240370083
203.174910381 76.0212539485
382.104134008 436.972920476
257.445212207 441.014647312
99.1048327675 448.320074336
239.1823437 203.126232146
198.90926205 166.725939672
245.108287333 124.80572615
287.827474148 155.004887031
243.430244605 220.688701412
202.464099015 418.740035139
338.596261024 143.953112685
324.321174384 295.74312418
184.666762444 423.950649608
131.897667112 422.235837367
469.124579751 417.925862354
236.221806858 174.307228127
271.010014385 489.516232241
103.341033736 470.263891423
237.104729819 457.955682885
166.84179239 427.805015845
316.418997568 402.941547276
256.056384661 199.872285173
304.268555885 249.153786851
260.349543594 472.013808676
403.954417505 435.370980486
425.822941591 456.394473284
137.423794823 455.767480969
217.010836982 463.005951443
244.579600425 104.024615769
296.43607986 206.086209064
352.176839167 279.124154025
447.744498342 482.776524325
326.616952216 377.663812871
470.758977796 490.362890456
186.686848218 105.779903756
123.9170616 415.944104134
176.073914478 449.699172473
341.70228659 326.707385288
470.839638242 476.668550907
139.85599801 419.024798711
184.484786911 464.088954464
359.089318809 228.52732809
367.969259207 141.523439965
348.282120487 427.115926121
352.551167723 171.606005099
375.611497361 292.477797538
493.472990975 470.231847865
112.749457674 438.847547701
311.151188376 166.657487623
249.770672875 149.254967371
241.274447742 90.5045966074
295.617739951 331.020215709
327.94514085 120.301108495
206.271401601 94.2403370317
502.422409471 692.603850213
211.946493296 445.740303829
194.663711944 462.911343152
355.485861192 380.161460738
214.800167431 100.713926296
518.133254588 681.258710994
352.386178868 469.410004307
376.30687524 256.572594403
280.374911796 463.784604816
412.485118791 383.953522494
85.4998604341 457.896335715
262.881868763 308.658472154
201.245961276 139.454752069
270.832597384 353.479440594
264.349677471 111.990488116
75.4533354563 437.935896403
390.121628112 409.08490486
293.578904028 485.723194922
