514.204142419 143.004610284
230.294834656 104.786686964
519.993992444 115.835399461
669.895715254 439.200397504
581.559996963 653.354383886
577.213789556 596.254439406
493.343167844 115.508368723
604.203312341 162.168814219
588.436729939 196.988685083
175.274574539 90.5382934711
646.285369921 297.376654737
629.534806554 617.115874741
134.32596315 139.084893162
641.735341543 248.235058875
600.253945884 241.832065366
303.435812849 513.836246396
224.747842321 157.696024841
160.088546671 118.763351168
629.926887178 417.293555032
503.915841485 103.607620829
537.232088002 187.044185124
553.968025983 243.23215961
211.732117669 98.0078551189
612.753275832 207.726675994
620.887749779 158.965466996
568.326243546 154.988905957
124.464662265 112.785912765
457.214668111 107.971786751
213.192117315 129.203657354
602.57124562 194.979115581
506.671691248 162.773439221
568.657048822 684.882757854
478.542052189 113.004108432
613.952656052 582.35121844
577.419379753 128.859978263
524.499083259 78.1933448386
461.898010224 128.34152966
178.25911899 125.465541964
575.548380676 110.41043517
620.405217048 192.606843712
592.557236684 619.802465369
192.452720836 105.971055951
615.590440415 293.115651106
483.120484072 86.0028051255
535.174381382 217.755704153
579.283747601 672.887671385
370.5617939 440.869517425
228.070796981 425.767799101
625.573182275 223.208942535
470.090776937 105.576388357
523.031303049 98.3527220304
514.14130724 179.650558182
628.564632389 469.002327748
607.506695507 605.284789389
570.604665966 614.858499162
625.174844673 442.931903498
560.831931767 169.818931529
541.688393605 97.4562293246
625.149524208 261.033101356
601.637875112 699.292292954
486.040138216 136.948309077
620.406490421 645.874065101
198.113675095 141.796255373
148.513665531 112.066847318
573.923558581 699.81591016
615.094865461 278.599389775
245.216948594 412.845800451
555.983953243 279.520278788
593.845061949 682.930232504
657.255896136 279.530470253
594.213928738 133.710589328
632.42226523 136.076996483
544.516410069 118.970858085
584.700053831 254.496526471
644.966892333 458.55260326
160.422301683 158.826309131
562.066608177 139.02284798
495.079700262 91.9433355362
588.951068722 154.64628472
527.718426749 111.358730569
506.537553866 132.617891678
570.954161953 180.664457288
586.401122106 275.915818646
583.135602858 578.114870855
591.310934914 641.081061692
620.871867699 243.59135174
642.510338859 431.357661958
591.08767214 295.228386227
565.65805023 200.046476941
636.490969923 282.555224675
524.614083564 147.603821987
590.118494207 224.548533002
540.850040273 699.202208088
609.152318465 127.865374068
240.50295637 138.441881814
596.293817133 182.892658548
531.286980776 137.739610121
544.194900408 668.101774812
579.747179135 239.274256432
532.609402656 159.823523662
