417.971368939 533.285173468
450.195877369 535.502759644
458.940398871 480.603989819
487.754813715 421.655898075
546.921114233 666.210999751
422.639193487 607.852520874
553.03524145 624.017030348
182.229839677 600.936991557
419.012754652 470.230171097
477.436301684 494.418256866
567.445489507 676.745885339
531.850841761 581.517457231
352.086819998 628.866434702
422.130935272 351.923508318
503.389689325 107.395761404
448.916858446 669.311174682
504.739176813 387.199247219
453.595740901 617.128247215
575.265837407 648.342959737
550.214986683 518.021103788
431.542933706 483.008468256
525.172903015 509.84742294
532.170556211 534.328139865
473.809702698 328.379742805
410.045445521 485.202751914
442.406846421 310.658460397
461.177887578 130.563926985
505.151768337 174.517252523
517.777513515 676.022726042
436.987829397 385.221845475
472.836842185 291.307941487
421.063121212 646.652637719
209.348049543 590.872920456
446.14492285 508.923945609
179.602903701 575.209232643
560.294598474 558.604155714
490.734117492 261.31249935
531.104128912 622.022784976
484.064123002 153.305123731
422.471115299 421.906208047
475.524970804 699.242760413
454.651282299 342.364952893
533.340242688 700.497828404
450.259340412 443.986279267
496.709649325 444.132294885
460.538354613 557.398238219
488.928320548 182.116396878
504.911654398 142.378768504
493.864400648 131.16317141
486.323465145 402.971601862
491.609847478 360.917867718
500.896925211 579.179057111
466.533482546 591.946525314
430.571427826 498.86814912
445.141739339 639.928864041
476.060308153 447.732862956
517.639823433 607.293360712
451.517409041 415.813770589
493.158720515 98.9130026554
666.270534281 691.017512205
484.652085861 669.208728785
502.472416242 544.137089848
526.598601529 114.050231276
482.440299942 99.5201454631
692.966413742 545.144664614
329.504562789 649.342099902
515.676880812 699.911309906
505.207366739 634.95733265
654.019681155 675.075092587
428.57097972 448.141046338
442.567762002 465.865562042
468.906946517 458.256027231
202.205888031 562.635259097
423.317429694 557.413399365
476.697074463 430.29437473
508.525514102 686.033708459
482.994431358 478.777606747
447.462331062 236.046873257
163.594844911 612.408531008
435.11586688 269.824697021
480.163153594 113.200047125
466.460778212 264.78107384
487.318457198 510.500625406
516.269138399 492.028174023
562.007895514 696.1031453
193.3014756 611.723862643
479.48552824 382.959975901
327.289430465 626.20600472
476.028242955 525.001195784
644.462722116 686.853839086
450.782691987 571.224279701
486.135247478 464.675169076
474.019787266 660.390800207
161.305059427 574.74480941
529.501126058 662.357156738
145.856173472 592.421917565
470.375793458 167.284329497
487.895685075 626.437450087
529.227189285 646.753979462
516.93958874 416.064646154
