561.185863776 560.480019979
661.597369257 290.516455469
781.713228715 516.27597072
723.566385484 656.178133768
567.928727495 446.207639499
510.95645387 440.294924109
771.372091585 468.769400771
746.63184332 459.658478451
623.008547898 691.563544687
566.117131149 599.883868054
626.756856426 657.088067415
488.800423866 371.857163317
610.988183304 554.985025223
532.977741307 478.817880751
779.624085557 552.730400727
465.552964766 422.370344104
569.192676142 509.860144948
704.929774511 429.179123164
687.470946138 200.667194802
664.347242836 594.476141887
686.467577285 183.256437263
716.758759271 472.513565416
786.37103388 510.204857826
660.353319602 530.205115378
608.301650148 304.076770068
675.150693565 231.523223794
733.101574973 494.030425183
722.766701354 437.012336729
730.526111431 598.933454221
468.003448713 384.774811642
560.218369585 413.923267881
715.314871308 711.33673376
686.960911108 582.159746884
580.17921299 488.388161527
606.92341984 664.602630082
631.904006887 346.030479542
679.269187316 519.602413531
652.239491589 683.162495149
706.46978346 627.741599156
245.406479461 346.537484767
752.331227596 483.32790269
708.138510043 260.729750053
727.359182734 463.63517077
582.607844201 347.190435797
703.868705862 238.685696256
649.39947946 632.871552635
755.616016099 528.011495787
726.921341019 536.317805634
680.662997181 647.298638297
764.188647907 633.628927058
632.382216247 320.161591539
633.854839163 281.744189098
623.842959947 479.05853544
591.326678338 580.019649582
759.684166317 562.661230768
639.816185951 557.163156989
532.89079459 521.455644452
656.487438564 495.181943805
768.66060076 513.469730642
715.324935235 173.758497489
696.578736976 668.84761562
537.708875563 550.811332581
775.972244778 589.353942843
608.339982626 325.220854506
535.828585537 381.470734079
454.599823913 396.639105468
767.737602438 485.902975828
521.520556378 341.847404527
601.74438338 414.9588196
626.62047006 508.383957445
670.091764279 706.207881467
617.842802529 615.553162873
685.352972759 439.473306758
647.703805238 298.784429256
718.551660388 576.437799474
705.868082387 702.078252993
530.280981083 358.594029863
703.128444653 537.668252292
746.831605008 541.91404517
528.27926607 409.732790024
736.44937973 472.223060687
556.878144061 458.676103834
696.025160486 477.248962298
751.373762489 618.366065521
535.628946492 576.108973915
692.614778129 689.577884162
486.914899181 347.392218934
690.165762653 253.650136534
589.213525927 369.328364397
598.88954602 468.22772157
745.508355224 680.956851759
513.805847191 317.458786765
698.651570499 440.742206256
495.553906464 384.957082304
692.318521075 160.920150144
707.856400508 511.314867064
724.161319935 200.313736673
715.294427844 481.688210574
697.418331689 458.885109781
698.5426729 219.096430104
