272.966174328 723.492283148
211.65119962 659.588886018
328.89975503 370.469117264
189.968624591 666.780183943
390.057823771 472.255643279
191.433086623 696.247662684
633.229123155 559.007100077
374.025886536 543.851431743
431.861313542 337.451262764
308.224326049 539.703984084
239.684627658 713.975733754
350.844724899 516.577272685
319.616288414 597.033402458
320.353541043 297.325929763
351.129554605 480.206480025
361.21278771 276.13470485
276.726698421 676.924709636
389.114717563 449.025902191
289.302285493 641.112207866
264.832955007 698.562580176
282.635511527 135.07512301
308.374236619 270.858349023
657.789926881 532.487864876
270.705777532 228.620653291
324.898091145 334.143568627
306.948595541 503.484570649
301.731834939 117.479506874
278.963030538 706.66277582
415.285668235 422.205788371
630.380168857 535.377474252
230.655778098 682.618466792
283.725527114 664.156105783
307.813218863 161.349542936
280.761380262 590.592210807
305.968540173 732.709932864
287.83396835 736.712973601
244.267884745 101.723434322
269.919728728 742.910351108
643.157345295 588.465124266
454.858210525 330.034197387
265.816877486 516.893291852
435.936656462 190.46125991
366.516695022 254.11206061
328.468776898 654.801468184
310.726484834 207.277154336
315.540851358 463.722884886
332.626478597 256.855507578
320.869494513 676.850969337
360.597968802 337.501607188
394.161574789 506.476279371
269.304483346 99.8493369378
655.37547162 561.654890462
439.139675159 455.378742164
272.344502809 199.927412014
301.111421782 656.782831338
418.408297617 467.100645848
255.315196834 161.772827644
319.023775257 630.902082681
304.231525092 237.730461474
233.723137951 646.564024599
237.074983466 579.205755217
251.337548636 693.447004535
319.511789184 686.367313963
416.709997061 195.316758346
355.151304648 443.208934767
286.229102046 720.579891222
291.503830139 100.695182919
314.488564418 697.426018603
321.901217582 647.149456441
311.804914711 717.429677822
389.505015878 418.799638983
283.704220104 151.717414656
550.994376592 322.391531724
276.185254659 558.417053052
266.003528442 624.611694469
281.38124597 692.225005517
351.197644723 237.126463056
440.475795654 313.686879762
668.297524741 581.370243356
280.382151398 116.184042358
318.625320909 711.256897888
221.128692085 710.804621103
258.594428518 654.272611255
383.0665228 306.330927628
264.092004355 119.848559355
414.527159935 443.944487797
369.080611182 392.094973917
265.070785901 717.64098217
349.202260832 295.360766483
332.330213184 231.62730444
309.296281844 360.89692252
253.969466437 735.040342987
378.555977594 506.06273805
306.721237574 624.606188101
339.92363209 512.826352561
301.217551663 388.761128813
332.166332137 101.038228668
324.989406543 668.661280169
224.48001982 626.86632143
250.125623662 125.972030375
