667.201411503 692.086981207
652.196263797 661.573004974
557.576982793 641.674846262
701.520301753 783.299040763
96.0579938127 704.241138169
428.058779259 582.347758806
434.360221267 651.496457538
580.09106224 418.24178435
198.827897522 741.892305655
156.770668581 723.086851431
454.559223765 767.07497357
500.729468893 520.175745436
172.56287134 756.633283117
520.982180372 753.890452976
115.375324693 709.411353792
424.034957267 715.294647521
534.031507626 546.354903087
129.167269218 690.846215902
466.881736801 526.749486975
562.380715014 225.19822818
484.652381164 461.471801217
582.970720595 643.612496186
538.437461002 655.701160034
569.841491533 732.833235106
615.221756327 450.159139796
391.993884392 653.341381761
645.629455752 196.008733019
520.699412627 453.322306887
699.009099667 740.421805413
304.513724858 748.678175452
469.714337941 497.909832495
663.738988932 779.838419127
559.061592841 721.864357856
467.210879478 748.589324324
581.382948112 686.864231402
539.793793844 717.631719557
575.256733563 443.323934198
261.847621787 761.821986453
460.062361346 715.182794529
699.008811718 760.666588481
425.059984118 107.599213457
436.587828261 526.479069649
310.410200449 728.388302324
475.12430272 577.671454029
609.917038506 397.538884134
560.990655058 757.708507062
221.487901505 758.715774976
575.684918225 666.610407205
554.083956332 740.536033916
678.200546373 762.225844754
267.671856756 735.798762329
302.16151798 696.023290283
299.693947365 718.648720882
138.774475391 760.359944444
512.056505243 685.536525184
135.09086216 730.74220694
440.992379953 756.829598726
641.667851706 686.50426473
522.148946692 733.683675861
550.203197917 419.432980614
543.472887153 686.746220292
385.94571979 721.803847617
667.731104235 739.34172957
639.144438302 670.379607602
613.717062908 427.283119861
392.217523567 694.359033669
670.419401572 672.627975732
316.34183353 664.753600622
359.756717082 656.409332891
414.914719652 562.954051652
428.348672271 741.687145906
458.010251175 562.251841533
587.171332803 463.734425737
435.198266664 691.263228524
262.732149415 713.482227762
565.204146134 702.500439115
98.216898453 754.249668366
686.454673328 726.291416283
545.873049343 520.756254693
273.585408176 257.299090343
504.035589881 498.056986553
499.46823068 540.277631655
284.856358979 720.967436775
132.846693744 269.94903021
115.881126903 747.65414137
685.699248082 766.539249638
492.938327497 561.344156116
335.316968166 692.961732692
528.891102672 703.958895153
302.441993531 768.496321367
562.071681241 673.438239843
280.897839258 680.919559971
506.820299422 729.998266226
230.489860069 730.282870101
403.07664272 622.64260126
446.934998539 596.050236944
580.260046331 394.013700138
458.603557532 738.093918366
110.4714269 726.147277919
94.2305727564 723.951797197
