744.808379489 516.066892902
702.49797205 488.639154626
717.993815277 555.278316511
773.685190019 627.543499516
101.226905666 504.651046338
596.940340488 622.321429888
575.085140721 622.139076201
750.600426071 462.142396091
193.72881546 549.357161232
164.293285563 525.944252308
617.070872443 676.199885203
683.135128465 580.574120288
168.8187619 558.497033489
699.527512621 670.812025364
122.756441335 510.354235974
583.1562204 637.219440807
700.997073972 568.928332346
142.683890402 491.968140003
646.997489396 598.572825383
550.353253531 218.887135979
663.556924888 544.859808183
732.985965166 549.483519574
711.528025482 578.369603945
750.945647018 650.367529717
772.560675173 490.048443567
527.734222915 637.65660783
646.364383961 181.037877158
682.006819703 522.179479911
752.580598031 557.453050355
406.412028874 672.92978167
649.849539768 575.020973393
770.226421885 657.391935564
738.483888646 634.816287283
634.303940152 660.63407722
743.874196139 592.950678509
720.766413686 637.168024583
736.811223532 472.107144176
353.557913386 659.879342946
636.601643741 636.845824582
768.659264345 585.574158643
419.334354961 101.224885263
612.795210281 592.587949504
431.60349468 667.142480991
653.456469329 626.443779092
766.348240633 438.798736912
740.163555763 681.674662571
204.823604335 616.266304512
736.103901551 573.966562011
734.368812223 660.648813179
755.947470228 605.916101275
377.119501199 648.375369083
418.561725232 636.050348225
404.857446588 648.797920847
142.869881762 561.772290756
693.377987405 610.202819437
142.882025288 531.916157148
604.191656329 664.074128596
729.806716345 519.956152457
698.426905557 645.701358292
718.229841539 453.768684087
716.144876448 596.61801405
551.13938809 656.409572309
755.154200216 574.391931399
700.320596802 496.798289641
772.912283165 466.162056883
547.834259367 633.046509876
719.466458746 492.58401521
414.439873976 612.809270683
468.928715742 621.911767353
586.330597451 603.012930808
587.868441678 651.385600187
634.75316398 612.370739321
737.528152878 483.761619254
606.692299205 636.716731668
360.057279625 620.295298093
736.07864538 605.679817817
103.703799557 554.471528674
746.478078741 540.668099013
709.773031508 543.120961006
274.592105281 243.876456576
686.680132263 560.344530908
680.572541396 595.686834555
392.780636927 634.801652868
132.569718572 260.165400931
123.043322243 548.638877422
775.686655165 607.312993967
676.075741009 614.905841221
447.196983894 638.461290564
708.578107982 623.10076503
388.091095833 679.092467757
728.457015871 577.516886573
386.717485023 609.830261066
684.083856252 644.75628777
225.42144171 630.109514297
511.606532973 604.945705372
623.447888582 622.458272826
740.157448393 437.701295905
626.832523286 645.808381865
122.138909154 527.092565337
99.9531918809 524.527724427
