398.048034507 569.054282191
301.029312995 714.237672375
360.836577525 573.610990788
387.657029365 533.632199035
281.524334302 750.188755608
345.173892179 340.216281991
379.942720389 303.790722365
359.718795453 294.352360006
424.497684637 541.757475087
303.20749114 776.969790696
343.579607011 694.908092003
255.61399137 709.481454804
349.954336115 662.518084623
320.365666807 725.774952592
509.821821358 662.266790031
281.93541903 787.576333558
329.216022687 752.535746455
388.641166008 661.435583436
203.443606753 718.324744307
280.530424484 662.925684821
267.242905425 736.644447488
394.284782368 637.44988887
529.742288381 676.251862169
485.190839151 682.154865849
203.646913089 764.897988204
260.338807113 776.873692159
347.486241462 191.641835272
364.754678253 145.194505405
552.432741725 652.570053624
245.736719945 736.174575772
505.725952073 684.795377622
333.991415135 491.952867734
292.661892092 634.645304982
215.037358134 702.613379353
371.63549586 622.397572157
269.528669967 633.441485514
290.900651452 716.394519521
501.107202121 704.439711113
320.719013047 505.534275699
263.134436101 754.221658009
325.472387411 310.076513292
292.705569958 686.11665263
535.396858279 695.421760153
169.764474434 761.664356334
325.220853038 607.499857893
369.137864664 333.685405882
387.192096767 176.522055942
468.991850778 144.167998534
305.080443462 729.113784663
327.35936654 286.931059543
224.474795401 732.814190323
260.903112679 785.091452055
322.725651896 578.065812443
417.698185702 523.587027651
566.958925067 694.553837221
266.043006155 722.285653996
311.000009294 754.889482651
323.09516578 651.262657432
561.067986618 668.657890029
297.902472251 704.526861449
353.558485039 167.555185601
333.094939609 679.450770882
351.339201757 270.862858127
199.559724576 741.482248657
363.911390178 549.352344514
236.092681256 758.845490645
586.384144181 659.373607621
173.485068703 743.250250681
353.457676993 631.571483231
378.250829377 599.290745008
402.027832523 508.549970798
237.653390945 792.005884427
364.132249927 98.8291765591
284.818890475 761.129854882
362.952670707 519.698525415
282.045017766 772.231559953
262.790939279 690.769119672
354.894976162 128.40708102
335.181566562 247.360041228
360.334724418 318.59268557
367.703591198 185.147534052
344.693599012 709.234708489
348.722862546 99.6710757827
333.736853387 202.444745444
410.905778054 599.878780875
331.55142446 537.211783097
185.619824549 779.144776682
288.508212112 735.032370782
310.183526307 740.795244159
348.839716785 144.353738215
593.074116507 678.416084686
242.07634303 664.588095949
383.458276392 113.076247601
328.066879388 697.358536735
302.987020611 696.755859854
392.790490148 133.940837938
250.182534557 774.101228771
367.208280957 225.950014545
364.22001199 114.25369302
176.348525907 726.531950786
