260.241964513 684.77240121
663.841570807 290.304616742
453.502810306 311.770306725
478.562041497 275.616529492
651.875474598 105.475440292
622.021891837 123.550430638
671.965905816 207.173809739
651.258251115 313.969102733
392.924595096 294.525347054
506.407219855 227.983656028
359.946033231 291.274270735
134.479092891 317.601736893
635.951965022 130.554279298
412.516442575 321.233482442
571.49874549 192.025691209
427.129799975 224.16984499
321.041821789 235.931451771
488.471050071 247.232495039
694.001926948 304.219425193
592.028367114 276.713681234
681.000949027 353.202968016
148.82802466 324.374217286
674.993019037 222.378301472
547.46693621 207.254100985
182.016884839 648.254201025
463.199441242 238.778271766
697.706062027 257.35710411
574.755103596 308.676389539
695.470481328 374.598178115
671.052595779 106.071584954
665.046827224 360.204084561
381.40887414 265.478582968
677.977878516 179.89306624
347.159483347 252.578860677
653.695445888 128.792078935
260.831452052 665.476170731
580.107634362 216.945672444
553.229616956 296.484855727
689.011793739 258.098578248
669.561811131 376.861372003
562.802920502 264.870299453
696.297945906 325.366158171
645.108950008 69.5422910745
514.009664697 348.682059506
634.756760492 321.83941847
645.430674975 381.764478813
177.635606066 286.891549125
670.817653307 313.825838676
460.882597504 364.758615673
483.157194258 329.753486099
632.579975778 266.015813625
695.256929839 210.906784508
620.05080057 275.301943105
502.906511807 264.488726707
578.174292841 240.106101077
637.192055061 97.0617574493
118.530619786 312.77363657
611.928738391 302.436597955
457.131812357 338.729144239
646.146470991 264.427924265
162.595419489 296.139163553
663.743973305 395.82703862
679.785646588 386.699879548
673.620351733 238.98242421
146.393370009 273.446709015
262.251003858 700.472453973
651.320953984 186.686584666
664.958765893 266.242240014
639.774087363 351.380308753
673.515543847 328.197613565
307.290930426 257.031586951
541.990331647 224.186072145
705.978060492 257.695439939
101.753606076 291.654935226
531.636345446 263.488512736
512.2271705 279.336487233
597.417423392 121.45943651
683.751500707 269.646519754
706.455362926 276.872167987
646.055358987 208.979279918
692.612753252 282.594616085
413.493173291 262.434551381
643.989357194 246.179174963
438.668571555 245.070723616
616.699781205 110.732404674
402.794897151 233.476846101
131.265466873 281.622781266
528.28270786 314.73838592
101.725179927 311.515811173
659.343520253 88.1702129297
481.176667057 292.098282646
604.483143629 254.424472266
324.80050463 267.570292624
614.225582098 345.020896698
446.514523352 271.203231003
497.249679438 313.720264656
691.95014117 347.234069905
428.994506856 303.445435976
478.628543178 348.449229241
614.4851954 88.0541791043
