452.42541793 140.48337691
493.056348543 465.694824467
305.801805947 87.3057038396
415.460080935 121.050878508
450.277118242 645.179261559
391.391276441 96.5013500275
469.598937544 105.473036501
438.070756316 101.083783277
478.690868345 135.925839931
464.544870184 700.373783728
478.704119582 380.281953583
431.217874055 319.276317882
435.919909772 227.221418684
477.169309302 645.077519111
571.632904646 122.708118392
452.76526918 683.752584897
478.372569642 692.240219254
462.849822739 252.735872678
117.248235321 66.167169611
126.288845451 40.2279330606
470.011343919 507.361957801
456.717621491 214.869983716
586.193452302 143.390167872
551.280626434 159.349462529
438.67686993 555.538959715
412.847750679 649.38796969
301.314514019 55.405353638
402.770098978 65.2058968961
607.929994195 137.188003832
453.778607144 474.613623854
577.523884086 165.007838241
441.147757255 117.437034022
120.965740537 3.20786028208
100.266188254 52.5185364707
416.05063961 204.793267155
100.598413548 16.8420863148
490.403159844 539.349444875
550.886206343 188.269953552
351.260132156 95.8249388753
443.748822386 584.927495823
371.633460968 95.7610569089
419.701875433 243.093433747
575.616949524 189.058114427
394.957416393 555.958624791
154.318067769 33.7622494695
423.893329856 117.352226983
447.56889462 100.202373886
501.300984714 140.290880537
487.644252868 494.188535641
313.546811211 66.0332672605
426.564324125 355.958658138
422.489237356 697.764001997
177.82249153 28.7660649778
383.95585448 124.501610193
586.656392598 200.73114241
437.162139463 382.359401974
458.854298831 666.000890545
163.266746467 55.0089359707
603.05134805 167.69157829
470.120193215 445.18362525
374.68311651 65.3059517361
437.519812876 270.381828783
409.559171439 101.464713324
423.297449575 511.532901983
362.178508084 108.625856694
452.073823093 536.989140187
628.115858302 163.61329952
383.524569874 534.844108934
184.17319035 55.4650585522
420.972063951 177.933731306
453.102552075 120.063338116
435.917789022 699.718205692
396.999206603 51.3162951078
434.337962416 666.516908889
393.358685488 117.265100539
409.896732521 675.614436087
142.853267123 55.1045223887
322.205415009 44.8168384077
375.212461241 76.0001237884
417.05855659 98.3025387542
402.964397157 77.1618073608
498.901836075 432.447926928
351.508253124 52.4815126495
340.989913759 75.5943426895
439.300132155 182.381177966
137.848442358 10.977751194
413.598849308 569.638053127
465.438108454 576.080604891
452.316243064 616.58313544
360.240352974 84.8417844274
608.344792943 193.86610434
116.417521581 24.6900716922
415.147223632 68.2517730111
474.506545554 401.712698084
450.074662056 364.423844606
424.930740443 81.9326123108
421.094074957 608.741387938
398.181883145 92.1086856929
376.067727495 55.0809529525
373.443272343 515.258014537
