644.207085893 458.913973856
469.745117739 403.696578128
721.57711834 298.979904687
442.113909389 400.330027823
703.833765491 503.214288163
461.928352962 424.536748304
627.289030509 550.311596738
692.821392177 561.40630299
725.72563244 277.394921429
516.425334112 262.896499371
539.895804618 411.538499567
693.891039161 466.562281617
563.347458078 279.884928821
685.425707133 259.989525524
711.06064561 359.11129149
725.852286972 196.954995719
544.171499628 341.60850965
700.476076669 458.758428524
639.567614707 366.485783517
586.828928028 396.724552355
763.094767266 116.8309843
681.235539339 217.240637348
665.492787801 513.558410251
698.14218713 161.884966729
694.231841304 279.577144061
541.188155969 255.028959688
789.792210392 101.306229324
632.197945108 411.734785198
721.880831571 440.708928839
642.901869324 512.217113652
500.002795006 398.744269702
521.993684114 315.679163296
766.097663053 120.631839816
499.157248761 303.118355223
680.48281328 482.866456625
656.097956765 489.514130407
732.969710738 95.6244474563
636.919044918 484.060268673
636.238652858 568.20825457
736.784424142 264.346193504
280.088830846 543.23484209
771.726147883 133.875427664
761.980535337 173.479739681
687.413596715 449.671908967
743.953928173 140.100034146
522.522341727 230.954561635
716.702639414 183.327191443
694.507545376 398.28897107
703.768093439 273.034249339
707.066480572 544.88774481
757.80646197 91.185266446
646.128053901 535.336313996
708.906972176 480.7498381
716.679524774 142.235008427
666.799460785 397.718747094
720.527800862 512.366552856
723.118725545 125.109725895
607.909576534 321.707334565
699.123764183 179.095303581
485.726967146 368.129073867
231.718885829 628.251584869
530.347021467 372.694924504
689.821568554 466.107309134
783.486023701 116.013779108
699.103474176 334.265350171
663.558123523 461.041295716
777.255214068 94.0704082075
679.801120094 411.398678653
664.504037607 342.841401386
680.79565908 468.01630572
699.856514627 427.368509905
748.75790004 124.985133045
723.907691886 236.038539803
479.570909113 289.984203411
509.345383704 328.761079958
584.74046069 375.803531452
769.168278533 143.793790136
711.20346855 216.404025095
652.850798179 547.821047466
760.353468033 97.4394170024
679.485450853 434.14972384
507.902297109 428.60018618
507.453060827 342.502195052
702.592508582 249.50593506
744.001711766 101.393775954
712.854999292 457.577644301
722.153202103 313.393867391
586.383068565 421.546368538
682.136666252 239.73952717
735.79410688 157.927027182
694.464863436 288.745223053
553.824394083 434.15453634
684.482363856 514.772797075
592.023384988 320.867673915
687.605932505 328.652335839
683.026307268 296.864898365
779.128514392 84.4453705192
681.689352287 364.348559801
464.422519442 367.054516813
721.26468334 104.598100233
