483.879412114 574.195854788
467.584284634 113.963486982
687.697548084 150.553639881
546.159572267 106.606923381
478.298618062 80.6084554988
498.337407041 585.716112566
705.326610121 51.8955476519
692.718269691 55.4527158403
474.563723312 671.104648963
432.352474948 604.233301357
453.934840598 698.259863272
134.062289217 64.1525025767
455.16793991 647.717911965
493.193898484 544.885436296
668.150518893 111.169409689
485.037506995 510.881859845
436.864984667 661.800680114
701.41734244 17.5816204738
435.007757788 102.327128815
488.231455944 133.043503507
430.483967683 93.1737876968
683.30042693 21.987422527
698.450710736 107.284698929
479.828690452 117.870986393
152.351829756 42.0408072477
413.994943348 113.619515633
659.569198297 35.6257251418
700.637336192 30.5113114185
590.239827245 79.7471349155
106.69396022 66.5867498991
514.026818581 507.987554885
535.683155782 94.0053402012
508.006818426 71.648716652
465.700701171 128.147053586
415.054622577 690.834316453
459.380308021 147.925931783
509.728321576 62.2557794271
473.233216677 691.752207878
527.262474786 83.2691939237
475.537683398 68.2297239881
644.901397905 469.039159827
501.197108327 46.3485111488
702.624479267 129.909719162
430.588716953 163.797034052
438.323367211 110.311631447
482.142070553 655.528631917
659.919698797 50.1312541666
614.667353412 29.7613296254
488.587806023 106.773800417
626.388328934 56.1247554451
443.013184015 157.352340717
432.371980967 133.95430524
483.242211901 103.260973208
479.11740778 610.4950422
638.98332158 67.7113667005
476.226557015 147.446285707
459.147159466 545.415498836
497.818345684 101.834449598
676.668287185 74.1049619347
445.267029238 63.0997619522
511.08910531 85.9728311942
453.154422451 581.02947131
647.417758928 83.7683332966
411.747088573 141.768266814
480.787425927 438.817059475
123.921972019 77.0468980655
699.405091952 73.1860729209
107.58838188 27.5294828396
507.743008796 477.3585071
468.4208542 634.249986437
487.469252947 120.109413017
438.342839364 677.254866421
672.005693427 12.6430842605
440.523698454 126.19484296
560.636422998 67.2337965096
514.48755724 121.2402247
152.791245911 66.6307135312
530.667599929 60.416251445
631.668671723 33.3245252942
516.042184752 534.713015114
676.107269472 47.7039254636
428.844500898 629.049544287
628.359703793 11.9767637323
601.448031957 44.7284717696
453.489833957 605.232948136
498.48631755 119.948449275
100.426495146 43.8881338322
473.923042511 50.6500903422
497.461239891 446.948328443
472.346519397 97.1698351137
570.834379356 125.443733494
128.184408763 35.0984899966
693.360271189 10.2200052297
486.901433339 468.976521418
422.437551538 79.984731611
590.399593006 27.4246740413
461.140972319 106.68529707
645.809072782 29.9801745672
656.241371667 15.3824806113
424.296836819 110.489595119
