270.948141448 519.697545395
296.090791624 251.571382693
667.613918349 248.121720051
472.283847815 289.761962547
341.503937862 252.613754887
285.246800146 532.595949602
702.994590325 211.95281817
676.723596022 216.911843998
254.715887741 671.841405968
214.966777448 571.213692766
234.116014862 699.370368664
132.147088761 183.468186301
235.958905144 637.573965856
284.597560273 477.03472633
631.570500617 245.010657799
283.863075851 422.310221566
217.156054949 659.813638291
681.172489241 186.619830936
228.745361335 175.283053665
365.606587155 309.84837651
221.523240683 159.207524228
643.360277992 202.4575109
702.84473226 243.85425882
371.204039862 297.45386203
150.621342151 165.389728788
203.804902798 177.169359061
615.792855319 209.195491069
700.059369183 204.898518184
499.56064425 251.034731687
99.7864299994 197.260935237
311.93553887 421.470047333
452.313566791 293.286571413
396.144858979 260.64931469
323.348896178 295.095384093
195.409018635 693.730474355
286.145148735 278.983492612
389.37709778 245.955666195
253.350811395 691.75122765
440.140154312 283.304492099
329.825922157 232.640340923
656.017019507 473.826911758
370.219529094 221.617302633
684.900514544 254.165411795
235.417811526 257.705231312
239.400646139 199.426625677
262.600864575 647.788303549
597.749059994 228.638609282
524.224243484 210.001918815
386.655342247 301.533496057
541.791229015 234.539649366
254.854685077 268.584270514
237.716724545 233.357142268
357.962953141 283.096078273
263.745360443 567.113187002
567.603537588 239.459158815
342.440321457 318.47535489
245.553997589 494.129815167
371.395251487 280.053288946
648.051725802 238.087699443
253.410737117 159.004797727
414.6500152 282.690616486
240.181908233 526.459951993
597.053445356 256.1904239
207.130187112 220.728843664
275.12349586 364.140797943
119.648780657 205.478780382
691.881109253 237.364146895
110.229147607 168.153353554
305.332569788 393.1073713
250.224109586 607.339775679
393.618045581 318.459596246
218.523314583 677.864952575
632.823532754 185.856098336
253.557204778 240.540032386
465.09712653 257.472670265
431.355533726 313.261370699
151.421763349 197.147897187
427.560030277 253.657242557
544.711604082 220.812388199
312.549049736 451.605665976
657.457249094 225.677566323
210.044454691 610.635790731
537.510384869 193.817827648
512.849763018 235.067755988
239.844032211 553.168603381
408.683955416 319.82460493
96.86723387 177.982454494
324.239213541 208.281702492
295.27934934 365.465765515
344.342857789 275.627252667
487.117496323 290.580237912
127.879196343 166.388705288
664.117094696 199.129067082
281.044180505 393.433958801
212.50295415 140.848285912
498.757004145 216.692180679
263.080115512 200.746517498
567.711444089 212.263051824
583.903859636 194.269490719
222.022021236 193.211219659
