255.659194067 408.17191133
268.285810635 442.077037545
284.690613892 385.008766253
481.248506457 496.808059041
187.403540481 671.664072361
189.374005764 470.431541442
237.395480769 504.624353622
122.261947885 203.808917257
138.030359289 228.664352581
313.078695938 423.293137223
206.087822592 677.398352574
329.545275361 514.024608833
130.744780253 563.717137215
158.502168875 88.9047142599
271.387308279 234.796955261
142.984559702 673.608723534
441.679086662 478.211716279
198.089065077 485.71397136
210.870191595 573.018067359
518.292597378 533.579037763
163.467544296 227.202968856
443.356321627 521.283421995
466.035145588 543.712718432
208.049283017 215.422702949
145.259356333 246.55140341
182.325443384 141.778541653
209.224595789 117.432365117
403.216259427 447.154211086
170.974632005 655.216206651
163.714310544 101.023015305
194.070044624 139.412114946
166.858883985 497.580031055
139.250652213 206.7547593
243.465446867 375.786289867
123.948914179 173.969252587
489.749182802 555.503885095
225.894916663 249.545060356
210.482943178 514.5053396
240.878594335 240.227203271
136.225989835 134.720279762
151.886632254 700.11008845
186.316056118 185.253899795
186.048536628 699.344276941
162.272721253 184.579829957
508.824157763 504.575366747
279.646622113 469.947214721
255.550195747 283.383698848
383.75721834 326.469846588
238.451716368 209.385278159
264.292724135 332.016999125
247.289127731 314.942577324
272.392569314 506.908976568
201.959474831 467.758621859
203.362383463 441.631540191
165.823683228 542.117306548
277.46973604 358.687359566
215.250510869 484.25167643
166.986126779 115.476944688
251.762678208 192.457474569
213.182527724 611.226134934
157.176383366 622.358803713
318.56365589 491.519470129
290.705663943 322.704729592
222.859820328 106.193646124
317.419217488 534.249194974
118.066677134 601.620644155
174.683132132 711.748291644
175.169592367 583.632540927
229.446369764 541.201560956
137.312891171 156.804257824
141.824427303 175.174832747
251.503419737 359.678581174
129.568916819 110.526636749
232.103085922 446.186636802
235.633505427 336.161056551
165.822780736 686.050363231
360.575091114 458.935222413
206.223260503 96.0506586866
112.400808256 245.878476493
181.041527512 104.985487992
219.919864735 133.43320658
193.24065808 108.172478567
409.143331875 506.730419443
492.553278767 529.858785764
207.084070384 696.500499853
116.926583719 221.161119688
223.686862451 289.126180831
109.462986599 584.249003075
305.436353697 461.746695711
209.476959775 653.873669052
246.23188398 472.819118212
462.711671732 512.227920305
155.355536536 602.897760317
100.315902677 184.959417026
180.191709204 624.896228388
93.0663996702 221.844069868
205.883007649 172.942284746
185.297740111 512.534326595
194.254998676 541.46745301
441.322073684 446.985925108
