66.5152429954 693.325331846
38.6590750255 373.201891046
32.913130075 228.50721483
20.9685358615 381.931154675
124.964979466 280.824323757
22.1091189598 411.279851674
637.406740048 234.64786055
137.215804456 316.546282689
317.6190029 359.078742691
91.2218652606 284.328748894
43.3573973582 602.68151083
103.254546875 292.391066779
119.869280073 327.549003837
17.46891753 180.179520364
96.736340005 265.821770463
68.2821884967 185.071150237
42.6054946352 446.391007084
109.856200731 267.941589367
70.7717429446 385.345216101
62.2293018645 604.617892002
147.790636027 123.331693803
15.412654651 169.70055492
659.392305581 206.267763445
20.7936658084 145.523766271
29.2482504747 207.063374287
71.4136837958 263.378763762
167.968197244 115.005434551
60.6822544926 626.695877795
145.691540462 240.631142983
635.976907174 212.600907932
45.9533476656 401.577836983
50.273007786 429.738435812
159.830481897 138.116066376
101.90787332 309.080655103
85.752907559 699.562979866
68.7595119701 710.37996896
78.389603501 100.086425349
41.7394246982 700.063571192
653.885033708 266.767061944
360.1965415 323.165621608
34.9976593584 273.777533722
437.531683844 195.395286397
108.082337588 173.292716868
81.2863648014 436.878597961
116.263199325 147.784507968
56.2675492765 254.599261719
35.3917205234 172.532360398
132.128827391 564.910785463
52.9586729856 226.199228384
137.129777156 297.241972443
120.88279387 101.174719655
661.871707626 235.124540236
154.799975232 287.851848789
66.6365392209 132.625823153
72.7834440874 415.838204829
141.157821718 286.568599086
18.6661923812 118.238235228
100.2726657 376.467798965
41.4225543145 147.044918297
72.7601998059 347.709352937
63.0544973002 290.114230093
96.0128130605 570.96988128
109.718992806 588.990850414
417.581213577 204.224510837
81.6245745893 253.225517621
67.8312321185 669.391170114
150.104356313 102.822262707
89.7949835068 610.104565163
95.2452212102 402.933226395
84.5286979706 683.268631064
105.938488525 248.734788656
92.8431080975 129.238453543
539.141175181 322.961024843
79.4171571143 283.407035353
97.3401074065 331.637072654
74.7877075899 590.523598795
51.2999745477 173.382479144
339.88456596 308.95557294
682.147694013 252.986623997
126.074307408 113.254376585
90.4853952559 665.612688727
25.568415801 439.693350174
71.5863127899 371.621902291
88.2431429406 202.672363833
96.9105808883 111.63137776
129.726597494 271.100718608
78.4320893211 236.866868296
32.6205901308 667.359653566
33.2603600738 205.301544458
78.3784815824 156.477920913
22.0958719587 213.467982672
44.8930800693 679.898586495
116.719414124 300.282421282
97.4238062756 360.412061442
103.523049587 280.218405711
21.091435905 241.435766348
267.090994555 100.869874889
69.758803121 460.599086103
80.898415494 319.315290424
44.7600070452 111.777976997
