699.864431609 315.083097125
501.915470219 584.079536874
468.602571485 697.277486798
519.852453507 608.102467024
314.384941404 546.901948196
196.660085215 486.202960601
420.996852127 562.247370467
665.341822532 526.856814638
531.641247904 327.33360902
566.482360196 683.545266599
486.212825477 467.840297476
493.920733595 277.466157899
158.027475869 504.456906763
453.772020863 467.220252264
155.921260627 527.087932679
565.066449962 668.741663959
531.578250917 672.678234692
275.851823877 508.97491141
395.651538687 623.621803494
610.807974817 570.275008766
496.003202189 700.363105265
535.973501589 584.301383648
224.544865417 570.333368542
428.071318879 587.975848013
292.671403333 486.957245723
186.791719282 548.993200975
169.079322998 481.685192499
685.696472959 548.550613908
459.713249988 309.525611683
516.761747145 701.378356555
595.617097521 601.813531181
455.181789856 383.237125152
648.68747373 587.718466918
467.619836487 441.337259815
580.429036461 629.990578318
511.413212342 618.468805335
584.685311992 711.920398066
672.439628055 544.534592285
479.490858435 348.031626047
478.233332406 262.392608804
561.735213163 700.108469678
238.894373456 524.896431574
685.831274415 298.502315933
263.336153154 460.01354444
240.46604533 480.624442024
504.108861851 395.22949057
223.04731243 534.565628208
356.838463372 547.299449241
201.174050344 498.956771808
582.54382142 700.387408271
444.994052355 404.936933529
439.561092131 630.708519539
607.122266959 673.690615764
510.096239535 677.67540188
267.685863935 562.27130279
473.065433552 577.603905652
483.925918724 659.305772265
630.202184369 601.16967002
625.124225759 551.095141013
638.823697019 562.2107129
476.453858569 644.013951052
651.989480182 545.283822557
556.60621259 650.126319351
687.298705036 563.520176216
501.37868599 561.613624446
512.78860477 653.587848681
501.615992633 439.207225443
440.932763724 654.622124412
381.233595959 579.690562437
317.453188287 512.867426159
502.751896355 318.08506217
482.089674984 675.985697615
528.743880035 446.350240344
484.85321854 620.630044539
652.863968341 565.129008804
310.368634459 565.602581905
665.565535415 550.743562527
464.291199695 548.731437769
463.373894863 275.365646262
546.918685506 306.770555194
486.620174079 300.729190635
636.022502246 575.361799141
660.624491919 574.49376122
283.84978488 533.649193077
681.23041195 323.207485212
541.368233407 697.400296252
477.843076237 410.406296582
606.088346305 650.77899309
593.150714172 570.642385555
634.869504947 543.774736102
185.5180674 461.334272313
465.772335942 610.865708585
183.616801324 514.211225869
525.449820055 252.907301964
416.778377686 603.857137199
523.788394702 289.990441217
460.81974636 355.165787121
675.154222417 574.47720454
466.324656352 670.751085253
492.869771749 598.119356933
