119.343610582 236.709140603
445.794212713 304.829735004
119.594091251 267.430866461
302.336213099 373.733038745
148.031906318 268.388347915
57.9586751849 229.132791454
98.5880910761 291.746283801
210.58517927 289.029536788
88.9461812914 341.023959316
118.949579907 185.372087828
88.0751086222 251.787328513
141.617981874 279.164712309
335.692865448 341.990088407
633.947818045 236.471289931
97.6854264674 316.937266297
699.1097073 213.720684267
650.544660913 189.136345006
131.61795018 302.211817317
126.442801554 319.465357808
101.259723992 189.602848234
671.749363232 253.742369875
652.525497145 228.470969102
137.007757365 212.315286705
359.791202867 291.812390662
220.73494485 251.849498761
232.542165779 293.98809055
92.5575329673 225.774738993
231.329489956 323.605035024
382.657217304 367.745767021
113.385263877 260.475893655
48.8074933109 260.494277372
293.635484264 353.382936498
182.406984898 241.055163669
163.745638678 215.885087297
110.761460636 243.96759321
98.8298561561 215.851667553
184.082493313 277.011505578
66.6723801322 279.84482041
171.466001337 244.81385336
73.7151342217 225.452318808
138.799286945 243.45105945
132.982462626 280.171506843
186.726435621 221.148324227
674.833590575 219.393466315
702.717690621 241.142157018
265.071429148 311.87300522
360.781821785 352.726136767
510.620785832 299.094360815
384.215041996 338.296314211
427.425374618 295.610674263
188.680608786 328.603492984
130.635608949 240.00476628
128.304255114 261.058345505
86.2897824119 212.19066573
69.5555070487 249.302281208
116.472968669 223.344092384
634.611491711 213.19111921
99.0521432143 273.569593256
126.937610438 209.260605339
454.549920027 284.318521841
449.035391289 258.252042762
97.6732950465 251.502181953
677.717755569 204.063435292
164.055740605 328.502901929
244.940252692 268.218292548
145.961644322 209.905977731
108.347774971 282.326748148
610.951291903 219.654125295
320.579110029 286.464409221
175.63246074 299.33937036
149.959219981 240.047939248
688.41022824 194.953704366
201.547163978 216.916316099
395.50456732 270.141946976
79.4159373798 307.775138152
228.814526929 227.500445056
83.6103620977 285.33757411
689.301971394 238.379660173
373.721275472 320.653119887
148.116761575 258.837109339
155.955676243 292.132691593
81.7707349367 248.630440833
312.154203132 404.718256111
102.601532831 238.786133859
657.197048805 211.643878089
118.08269145 313.898325861
333.593881162 326.640165475
423.233176968 279.867754528
162.023292982 257.516042158
328.691147765 374.121314588
200.808266847 258.734020692
359.157473335 379.395176134
252.572130078 366.930388117
611.581786322 266.268781283
110.646660161 304.815337388
195.498110292 288.258903171
105.732624954 337.904339093
165.744278601 287.469567641
58.1814846787 254.788712716
178.09071253 266.79685298
