351.271983105 647.79115724
382.071143217 630.984887781
540.39795425 533.825819901
256.374363878 433.70769641
337.018013916 665.092163929
148.20600003 444.565791153
377.602809924 649.863778666
380.633319942 174.582985948
370.882129099 255.535282587
359.392258477 454.570696568
331.346360429 589.653206867
355.092102137 677.685798389
271.475863898 509.039241259
447.403482282 119.662277196
393.495852324 268.891995951
132.283017442 461.008589376
192.479867458 403.595735101
248.073480847 519.573177835
323.562290006 646.292992483
641.421798568 501.603729757
364.887175385 478.824637658
408.343468223 506.745846257
529.642297833 508.76569723
390.096310869 100.189938693
343.747368619 395.284883775
391.388375646 373.061473544
383.544167503 432.498772418
369.64781167 420.419237717
346.647733149 623.044681156
428.077708193 98.0871798709
219.491140951 410.137001062
216.996129013 484.895807677
400.503730207 239.692613865
371.72925817 667.126930094
420.301452334 187.508890053
639.54873764 514.640698438
346.312635062 441.967538416
303.973084292 500.915352478
348.189374748 417.722152384
424.05426826 111.195824496
179.851842927 489.13506418
617.538952644 498.227288486
302.40230673 589.953746461
426.610594745 219.664940622
433.315705843 501.820882968
352.298419018 692.103037606
166.957896672 414.456614003
120.658689531 433.439790049
399.696494867 122.584090954
325.535216819 444.961057458
346.673226528 468.603578318
615.921450466 521.390562619
158.059806216 464.09180268
235.347121185 460.132818109
190.356852135 506.690123362
137.814082543 404.761524764
263.874033858 477.585873469
398.897866847 401.014922722
407.796720852 154.11508998
341.027132014 699.870433674
327.713194742 616.028569935
390.04677398 688.616980813
157.814420184 422.185470182
592.846175326 508.558182891
329.820992579 696.479693698
313.182533137 566.511684569
271.465720362 563.018914186
312.170061603 527.893129571
368.709784465 703.897646725
429.30348608 135.624495862
405.436387135 210.955387182
293.224445472 468.085057268
446.387009003 158.663433829
339.532764588 525.193865705
199.223795018 436.150758833
249.535094471 558.068090486
376.124291478 392.749794193
603.054755066 479.145995974
386.666469726 230.655796729
484.824796761 208.990605099
647.88131896 473.933252081
463.306072086 284.693243225
370.051163343 495.021589934
228.585599532 423.602475457
315.805307021 663.111578215
405.091158588 189.333059778
179.336312854 422.480395706
295.432937688 548.924268018
425.906704217 522.567966572
351.485998648 580.274156333
520.136209065 528.153987537
280.453301032 443.589632072
291.486009995 631.73051548
325.12607276 423.408444103
371.413385631 611.697730528
387.519003233 206.258483958
655.569978918 492.20739889
183.834227805 452.33595714
345.215820559 547.376956735
390.227247099 456.160087721
