490.570022719 508.067304793
507.455693747 359.864408524
567.017957143 391.598511583
588.966629022 377.71442767
536.967369383 603.816162588
409.923609429 610.113849052
276.987194266 467.435471669
732.478852103 400.911720404
683.810356038 415.984791794
485.61360372 421.552432468
406.988599351 505.885287336
650.430983731 352.64476741
466.913216551 632.0673655
355.465399418 447.520928339
493.672308137 673.037422506
631.57963974 418.944247453
667.429763105 405.228476086
510.431073227 584.05999663
555.948098565 579.079512794
613.175844135 131.548278317
507.829749629 411.949550656
638.887595805 386.931554656
524.609575898 697.034136621
321.235247825 446.102669334
229.781414738 506.57769659
523.320690247 675.271289975
284.718426191 579.420562844
587.851135298 435.663009641
389.907095266 435.790068293
591.748663508 397.731459186
656.564385276 413.278386855
561.174329442 335.195986236
567.6234335 502.787483403
375.573233301 512.651690183
515.977874182 431.15076473
472.436034951 348.486010881
553.181105594 511.751579564
609.20353786 423.987721543
666.731102721 370.919054433
584.780632345 319.649693059
353.015655327 589.23005806
506.167771696 614.850514636
462.819269032 525.763440331
246.739258113 477.195908073
481.421808432 578.669330178
591.978100448 137.243202846
521.11037318 651.779143956
222.730577455 524.829014494
482.236378386 602.520737012
537.447131728 471.617809831
374.320421901 465.912215822
277.851026588 486.580575116
561.057209053 480.091655656
612.593477794 374.071043624
552.338312043 691.931496569
345.507127004 522.843849373
526.757136827 383.290347409
544.54336267 424.838656008
635.809860656 106.647729754
702.652398647 417.239993331
309.703828709 540.90048426
723.219268448 404.387586423
530.231179641 403.392745163
405.981132844 559.841018663
389.41771592 529.194436413
496.205023533 380.410198924
687.233563212 393.343980154
302.682162378 506.301714121
536.57422729 574.944966989
517.237729049 547.325486844
700.284820193 373.073716759
345.07425174 479.997937322
713.469206226 375.1723379
343.384992718 425.364322388
515.067056518 447.506588627
547.348755867 667.326860161
571.144339389 421.277008376
351.903207142 496.453159273
414.81568707 451.868921471
613.213089773 157.479729902
615.898959783 328.309629966
659.471890674 134.066869566
583.215036731 460.116479553
535.910687408 627.214263571
450.16178587 543.374602607
618.94378451 394.898295114
592.736462451 342.569588713
561.629146211 442.663684296
707.011615315 398.817157889
636.656781897 142.048755378
241.076074168 552.201749338
317.157027592 457.711576733
504.005525613 645.473551665
610.494704216 100.09655784
258.607063483 494.875321899
600.396544667 114.026033992
438.97930041 474.291965983
398.496613884 579.100914916
313.129928947 479.983693102
348.792074833 551.262800275
