321.187899011 198.196162323
595.709777104 259.895935462
282.807150177 212.268080846
563.184227315 224.561559125
397.048573601 244.172084905
97.3027128558 222.292342582
192.750642993 269.432909093
585.451145913 117.642217395
391.240210968 364.465597324
287.988189053 160.487645604
201.481992831 226.31152118
368.293464637 236.079845886
635.636554732 114.418212612
625.347196108 270.834193348
405.044778237 334.239912638
699.689076005 255.029189752
658.153457177 237.073293207
436.213642883 302.737195769
433.015236082 341.103072519
173.521839745 199.345457651
662.203747483 291.403922303
646.430170009 264.549081431
382.492975417 192.882614
661.41095599 110.143672038
613.633000532 86.0461690051
609.413133167 116.4423883
142.717138493 176.910456075
590.756695295 132.594188631
566.806245041 274.240355548
246.830165198 210.856640039
99.6664018337 252.054550031
611.691805605 133.509822173
578.86515212 90.8473276872
441.792905535 190.11097395
287.408825111 185.260290772
261.740497135 174.716096755
492.054396045 246.662975648
114.073253335 258.92327079
439.666808458 213.025554129
113.627791015 171.504954889
388.649118559 214.172845442
342.637254499 219.637468516
593.469176058 70.9456675122
673.689768095 247.599011559
700.933285987 269.872974047
617.36169272 94.8718129589
580.916113783 233.830149837
517.269178783 315.176864435
640.363433317 185.085749664
653.507817778 179.441068491
514.564891351 277.561452177
354.612433953 193.740973532
364.289500361 207.94548282
135.28150197 197.776132069
113.952516442 199.210843904
312.826086922 168.501724367
658.909700524 205.718922599
174.03408722 238.977549659
344.296013445 169.436516391
610.370746115 234.641836467
672.125055639 170.520390853
121.897737725 224.197023763
698.670019452 228.29468626
463.764156804 312.268893231
621.788695285 73.1429636644
413.362988815 195.226528789
237.429877905 235.069136869
631.655251083 235.83484339
644.977374738 74.2438384698
476.257262707 278.716754653
416.17633636 212.256527961
707.443420071 236.130802087
604.131060946 72.7627650991
668.766930962 123.31781051
392.060494697 309.71811605
621.595430958 52.5883622678
140.731273093 258.575583634
683.84245668 267.759954936
644.29325021 153.886504642
414.039407469 232.785723135
410.933597831 266.867071189
129.348001336 235.924087826
542.475639694 239.366632524
153.845310068 214.295164335
684.260349825 227.058737133
413.866401361 316.660206107
641.181962271 92.8395631009
664.92509877 142.657303656
442.607606084 245.493711022
614.854992767 163.488464621
594.959395497 102.049528531
626.280465637 137.477027135
582.184006967 151.361654625
612.165589494 286.417452595
214.886021716 248.339807755
561.453715129 128.312901341
403.297462519 350.463823179
446.154878204 262.812386609
108.248805546 232.930184345
469.777252543 231.522989116
