83.4293691674 701.193613209
328.828744253 320.958337147
115.944840505 350.885436639
223.215986992 293.194450767
287.323114693 287.835213388
263.919418937 316.08134752
622.381614123 313.512256588
478.700635823 285.045838224
166.727983629 310.593935543
69.6703645461 295.629961304
143.14229429 310.203931291
113.364804344 311.933904151
314.066154671 305.339071481
70.7378505222 333.531958796
96.2827289587 292.694838736
115.762947716 258.507460476
126.142625271 283.877055697
106.298714581 256.204075273
547.127759924 360.513788196
69.7926180657 648.848513204
591.409079464 305.909684866
92.2729018689 334.713487963
664.045740755 313.892053466
91.9286979549 270.521470125
102.217456747 365.31574517
52.0418403368 291.567481334
644.058043653 324.953801743
67.4651028508 673.578521436
524.270714556 305.594561717
507.67353371 288.411294103
500.80534923 325.179176776
194.208481374 305.70196036
629.383072987 333.674544801
137.220056532 333.541621819
357.427107653 431.301977272
99.3261821293 721.708392096
142.180645068 244.833581132
64.2731912744 722.594097973
673.971459596 336.007059926
477.404430416 339.77459288
107.794690075 390.342488027
697.211473842 373.685635021
241.625751273 277.522027164
207.341070581 324.372188519
334.151268453 292.202336881
128.383188799 399.990975423
114.323010443 285.18843297
621.47675628 362.537384144
106.455560295 336.369609015
156.588900454 329.011719241
275.230374924 269.493581106
684.060573476 325.995134347
558.51711284 329.407506922
124.385956324 249.812252793
236.966284622 314.135342516
209.675753069 279.405999235
88.0198924378 316.89674489
296.830399919 331.200871415
137.273513132 304.898959215
422.682915709 288.293408554
104.759965439 312.597550429
103.796188046 666.340747945
524.317205079 350.464902159
599.805120604 337.377972403
72.4482425567 278.43761334
89.4835517765 679.167347041
447.12706987 290.745580269
123.607319408 663.306172825
431.224831264 327.800311192
111.597461665 697.33345839
118.056584716 304.271618175
196.229162526 269.315378978
699.021519965 353.272451243
35.5453878639 303.671126649
257.039099467 304.985206597
216.415532087 343.83735029
92.6791303871 248.226856045
647.32090116 353.204444888
699.713558733 334.212882915
306.519235185 275.218817701
655.216030611 402.959077588
173.718147997 291.925536552
479.92997812 307.994785694
166.292302655 271.86755017
214.623947877 257.050981278
142.255603347 276.764665681
73.3411256079 263.526493389
52.6967046577 688.673121026
68.4634114753 318.150009506
175.592839153 256.662202059
90.8597198902 391.627512604
72.9097453898 700.31115251
122.939080916 334.52691805
451.075568115 319.370846902
154.1834877 349.913130307
98.7842247041 413.345743384
668.337968947 362.691084787
148.948985393 300.422236898
135.107991532 353.997472944
114.852112728 237.814346601
