737.923838229 626.136162957
633.785692733 227.250940539
679.689077845 409.436501739
636.076978735 346.395082144
691.04015358 145.896897266
753.260932319 633.015852775
713.54548395 305.113755675
699.853121013 310.327959608
731.34567071 701.867167498
685.783729808 660.679033472
713.657627986 704.83476323
131.753178154 320.828408681
712.714627764 680.906312084
745.229170752 597.839876641
664.59484611 368.999217246
733.796371303 576.019864015
694.914379669 691.325863631
697.206859387 267.686762704
613.860519325 229.194513983
571.120242754 364.118319963
679.709079515 107.100629298
703.003181033 245.316307375
693.819879473 366.613593923
592.646457049 327.706394023
155.591637757 293.374231386
576.164153999 288.549410542
678.255995414 273.948996903
697.928558883 281.094084328
643.264798688 326.387039085
114.490944104 318.314228749
764.209151249 572.756675902
645.113279704 299.459700523
714.474610755 106.264666921
610.499878217 270.680170628
674.768371474 700.418779805
540.772636349 375.422634481
714.571680302 131.550460882
728.996403462 726.413822201
667.652332677 216.345892341
690.026341324 128.576347081
701.299390673 471.786450155
709.341032616 92.7283188534
691.172259602 388.623016735
491.039229398 390.417556601
596.554521996 291.09556401
739.166627206 692.572143965
678.250328033 292.727556663
688.661836715 220.243771896
642.060162194 259.932503282
665.394485299 299.042377757
521.001914274 380.218333339
543.30045189 345.221650127
665.363016846 191.281295368
734.466928718 652.115602797
665.497357947 319.198387099
560.437998175 375.595090039
714.4849063 589.963652784
647.875343385 235.503234654
683.148537815 329.06890165
685.048189404 90.4741911544
682.044188108 185.33774901
707.159365091 632.109862443
670.667614931 338.009133554
511.81005064 349.506952768
614.924528668 468.228271105
135.94060531 332.321521954
699.161315311 324.283507458
111.848353996 281.114842187
754.039606837 556.868251171
724.867082154 674.019459824
610.494490858 321.66537918
696.915147189 701.290361301
725.123968523 181.970597172
574.751848709 326.516460544
647.545024963 275.735445407
612.610525813 353.645868549
162.714916955 318.136324868
702.118793407 173.758641807
692.118926466 201.583295896
769.070876043 591.246028848
693.558505845 290.574424044
684.248503686 676.283836326
731.668977722 140.136430831
664.830727011 257.072973751
707.860630463 657.667662235
618.191392152 293.599655623
101.379796292 300.932632277
693.472542277 111.049162106
675.78083111 498.136535583
677.291705676 158.878642349
640.528741966 362.601173655
134.712610827 292.133872118
746.865858819 176.391366988
735.136445384 545.413323187
667.371655518 96.3596390871
718.4331449 154.509514177
643.884483393 197.299328653
683.845993648 233.263410752
698.325011777 192.834064588
600.754114163 244.487158631
