277.396236822 628.272073467
263.201082754 578.695681912
412.907202816 341.896906807
691.95913025 409.912003299
79.0245036457 419.724531698
188.061255426 247.350356343
146.82285145 349.055375587
258.673180944 153.640300166
113.859144629 415.968491789
108.751188827 406.520483745
182.405035559 697.775571254
232.212940393 201.362818384
111.232686786 445.196712631
306.652932914 481.651575908
97.3950808163 410.663620099
145.269100573 405.763537786
258.610495384 236.948520233
89.1116267349 387.998087327
210.521307214 202.229456387
552.417219656 249.667157931
199.954224005 157.769870321
444.912147019 339.233937366
286.904756181 452.611751097
230.079909659 657.949930371
292.416864097 184.450310817
129.766261975 329.276102065
634.840187809 224.322753889
225.07192183 160.929802762
696.885207141 372.012379118
121.039060855 387.43184181
197.803662828 186.902267208
656.254544086 411.903144749
404.259949696 416.738604094
188.665662007 674.4701631
434.26348248 380.085377459
304.330227607 461.816153215
256.878467767 177.181568018
127.140744749 438.082201735
175.849306918 637.75972004
696.109049558 395.470288327
412.313071268 123.109581777
179.762820886 205.983803455
115.43182943 364.952688518
223.697607654 253.427932493
281.828488735 142.114784616
228.410220989 688.978348583
136.667018403 459.924790209
433.151340117 361.391278457
397.635031909 437.341753838
671.659941083 401.143060796
103.40113017 365.044579951
101.996827773 337.227567677
112.30738941 353.014597071
118.716819568 466.516783648
264.216149119 502.387851192
110.10160202 433.495161619
167.884127844 670.268749326
250.277012107 619.849905433
213.611530206 676.022716363
236.09070589 149.319232704
387.82865333 377.359759797
137.910900998 389.007162628
652.688984843 385.709812389
251.017735289 599.926768209
287.649263048 167.494420706
134.923017843 365.73345125
277.110593388 604.564434318
99.212745359 319.732225553
123.873000008 317.96525264
177.103831419 231.224347178
146.878931667 434.487844031
208.848216804 235.752901314
269.328393705 194.748344313
153.955971778 382.982907069
73.2667465572 352.19681518
409.39720106 395.936431167
87.9914455184 479.468116391
671.531374182 373.604062801
262.001564196 215.470302663
187.861476024 148.448641746
232.62026471 183.174400257
232.545008413 224.086206118
92.8164127715 360.949533715
130.178301423 249.003312695
118.31334071 486.530120031
684.393987659 440.942049652
230.113769621 244.224805494
120.752664798 343.368639663
278.311184721 491.36737802
131.727059146 414.527931023
406.426285771 372.102874367
83.681668237 323.146227313
210.66251174 645.075243957
110.791746917 395.984906255
173.347852892 276.021630589
204.625077328 262.239169222
253.073032813 136.504349074
191.051194229 651.749232959
96.8023368974 445.909915295
97.3092398077 465.95113788
