136.296821498 395.563425619
146.494470336 514.795155505
189.203774244 434.223718826
171.198766777 409.793279294
162.330589394 485.434216535
124.834399104 395.693436873
602.462296756 458.096141689
102.73246526 539.020929408
91.2385210046 352.452468138
611.652868142 434.796059305
182.175851606 462.283705001
123.621623634 421.298247572
110.20727571 504.964368634
537.962042296 339.131745005
21.0336666341 98.6442748414
115.845408937 539.499743054
699.225785099 417.860319778
129.131215818 455.332964811
631.588246757 460.005115663
660.226177807 432.09541101
679.269076848 423.603908155
637.914203507 435.478507919
156.323941633 429.071408142
81.6571715374 141.839944075
664.791730166 413.17116313
22.042157109 220.267017516
21.9513038085 145.613149755
104.419485016 142.492579245
500.884552224 420.764397403
71.289022036 189.931848941
57.0796696051 124.563098884
107.707716533 391.072846489
100.631748574 491.082577843
77.1557243944 373.305100332
108.031062866 370.888547027
173.293739245 439.230760582
163.476253911 403.5754792
108.872252026 428.721245271
37.9833246284 97.8754012192
46.310146943 225.312604979
62.2727490377 720.085860915
94.7040594396 171.055056466
477.359141851 438.081775971
127.162311977 330.683126142
666.308006758 462.49639023
131.040829324 512.444712732
52.1712657525 97.8329574227
67.3714372703 99.2083188766
14.3154024964 100.299351191
190.063509586 407.033198696
208.608576542 403.081334591
147.753725792 454.439480818
63.3324207634 699.991909304
100.338395622 566.195724881
101.476636869 528.246920885
100.936091187 200.175837852
140.394249354 541.557418699
69.4102797928 230.373140841
10.3959595907 111.7123485
126.150787774 485.995782142
432.204506158 435.97780009
116.530758336 413.877940038
89.8078775488 109.460372863
19.1475802443 185.488571531
89.780472228 685.163834577
72.1725482679 400.59900489
446.229009029 467.489992498
60.2355797471 685.889235412
89.3792256863 416.049535918
55.7176521828 262.952475489
104.6889025 339.334535258
145.399163891 368.691129071
149.136980846 388.678210026
171.55013102 385.232556236
144.337593143 352.98281115
80.6938840304 713.816822669
131.137573605 369.0060217
39.0938826372 186.573561762
75.4344761194 538.972351226
56.2274843985 155.282196882
22.9247508468 121.913692532
36.5923173525 118.629826522
141.606973963 419.465463397
685.363946507 456.928841226
164.439696188 464.663977956
83.6016434638 558.214408181
195.220279086 380.186295106
158.548541217 416.736067614
145.303694923 497.472013242
113.687940854 476.378790035
107.447818377 421.672527138
173.377151637 367.53969115
118.049642084 453.065039132
72.1042386704 361.208948846
480.763725628 419.045529057
82.6832237176 522.307221681
13.9769228827 136.724892367
449.524796965 429.767358202
461.569100857 415.335916875
698.312352655 444.588447968
