749.15886044 630.104293791
648.605354624 314.951601117
690.750857661 490.569715439
661.690480168 432.459189872
735.565228755 218.693835624
782.732235885 628.924149851
717.403451006 395.003793098
698.292104732 400.2781166
796.368205617 700.052482858
698.930435887 649.196076384
760.988018118 699.84198321
124.290189207 410.460149257
756.443949485 684.860455165
720.444438662 602.81465758
685.230541882 456.427692225
699.704928637 591.876636292
725.59950982 688.578368183
713.030537056 356.228327466
621.88283851 317.505466578
539.497453173 447.54044314
746.22404379 127.350349713
723.222871792 332.830039391
699.320530239 456.30044476
633.666328227 407.320802177
146.787635522 382.90683673
602.871049859 372.920780325
689.58258037 363.152960559
699.553526544 371.036649024
660.412907632 414.730330737
106.33923154 407.902980492
751.999710536 586.244856153
663.14268874 387.463252164
782.368741086 124.408236123
632.215708191 357.137510878
715.37186619 700.968031017
503.70529612 457.281939052
758.405865933 204.044491299
784.341203839 701.025528993
686.255128409 302.88085462
744.418699559 192.241138906
717.939481718 514.540478138
778.75261449 102.354104806
698.129999921 478.308169414
449.925133899 470.20336606
621.201297066 376.802955873
787.086410153 676.18661155
690.253446097 381.871140863
708.086691573 307.918169514
663.677193192 346.906100914
679.084026695 387.897737741
482.339964263 461.381387896
508.197785243 427.947815449
683.135655976 278.939178197
787.497366728 660.785299517
675.428560217 408.589087925
522.785448798 457.284563736
684.958124354 602.108389677
656.886256009 324.730731706
686.450175742 418.986885159
756.143621437 96.8057563853
717.066199365 267.0903145
716.36031742 630.368620839
679.27305072 427.561823867
475.106118047 431.415057928
617.155857849 482.689834966
130.155682278 422.109196731
701.424796619 414.025152707
107.600865282 370.991982332
730.520408871 568.196910934
777.309935406 673.348751894
643.079169405 405.391501581
744.810965682 701.000786139
759.249668526 260.914403325
612.10021651 406.019107204
665.124650545 363.920918407
641.860797592 438.250154691
153.270932946 407.584338713
737.929989302 252.264684559
707.18051909 290.253237822
773.172422437 587.827890484
704.445664796 379.743598439
723.046078939 671.115821159
770.500178579 216.421437988
683.512596798 344.978544885
746.196461769 658.459109392
644.561861351 379.475735573
97.9913785032 390.713285478
763.181649139 137.441755958
681.669853931 531.556589426
718.715173177 237.013946389
665.843071619 448.861186221
126.094892812 381.664963035
784.620335149 253.514236161
716.750098597 563.885196557
746.369910098 107.192754566
762.785482854 228.598185831
650.252096095 285.624234007
703.572698312 320.955821636
733.953031308 274.165592293
621.339884205 331.132139101
