366.113332672 596.641825159
589.58455754 701.744346345
275.79955631 675.659739737
425.34618974 759.105757712
400.207825072 622.05425514
103.032840195 661.312293005
143.780865488 728.191820677
562.653902025 501.406180416
102.450975817 771.707638326
350.047888878 544.440415011
186.79748717 679.036142034
341.087403076 667.428820586
462.579966571 733.165772217
635.881680251 672.333687231
116.183618535 754.775178456
700.064599936 653.24919957
665.351135093 625.971653089
269.963684038 715.667149814
183.147781187 750.749666205
250.423061061 594.586052603
679.953827022 691.985324804
660.862690783 666.684651838
483.096331736 419.018010925
540.11769941 669.668217781
573.602964024 422.319571757
587.086115394 481.066420963
232.712119634 640.57869552
419.494894026 693.215157794
517.653501415 756.974765761
260.638833463 671.637049745
90.3552665419 694.681401762
438.589182748 734.941829523
554.611116127 395.905135693
522.207746523 398.095222428
318.914214474 628.998127717
297.566483906 605.715818389
452.29180415 605.763917728
100.929841516 716.356748469
521.923784223 448.784988297
128.519863667 655.73328301
489.119207597 452.964769885
307.523778017 680.459366314
548.090207325 367.796039345
685.61359751 658.516460395
711.853149996 680.010201903
536.20436833 583.528545954
495.327178537 743.244559609
528.970955926 283.71310136
519.300494491 734.089073178
572.404884185 692.393513845
400.829819819 701.78664159
404.720608082 576.717531962
301.520217498 663.470973766
206.724846943 633.221239535
118.494061834 682.852915627
348.908269873 593.118231013
637.851135762 648.52932092
142.439767772 709.917921886
373.212309747 566.307720841
601.035344654 678.714660988
595.399112212 648.501373868
225.417147295 670.853314356
682.314827513 642.082219317
299.571226832 723.64270843
585.656712523 458.426775594
512.319399718 380.679444404
173.632793516 715.430232434
617.796129477 653.75412988
549.170546227 636.617130704
402.159071226 668.427081355
520.610605538 422.177484705
699.675639242 633.356496378
565.616043272 349.356145426
575.205990304 644.200032923
103.012612879 745.256811194
577.412359615 379.606247319
119.938802129 722.177879316
699.495658656 677.398781705
518.934750714 713.381525678
365.776625718 633.96908761
384.175188036 661.301495074
144.464132924 681.379135201
436.550355923 777.383366683
273.013381882 643.539795239
656.200841469 650.069604232
145.558182942 752.273535317
489.60843028 716.780969876
577.646836609 672.901967595
421.943720074 602.038756137
461.484325105 756.754659362
551.906570379 453.711542616
492.93187663 763.536021143
414.975219948 733.314805983
626.72510343 694.322952389
165.27086847 739.856051216
533.959116205 539.851734894
133.391265749 774.472202534
425.898081339 636.193173192
100.256195214 688.059628057
490.858381557 516.031528065
