532.913798884 469.914156305
582.355042211 375.392915345
450.018203035 358.668020381
503.185493345 321.980919098
529.989090146 318.238033461
539.358593902 357.115484595
626.754079355 256.417698124
574.94339918 256.270826607
463.923108304 319.665539279
111.581248834 239.735042373
434.92903159 321.98232334
182.28221649 304.903754778
559.69490635 338.968184304
101.681180502 315.757437135
144.711301003 242.807954276
307.763247154 293.780951024
301.635788597 311.059030934
271.066266952 287.878623797
610.340718517 373.527452406
515.68726591 422.436382968
614.992230611 269.781541628
121.27875847 315.867984831
658.715969277 248.72464402
204.490129305 262.540865828
425.141131146 359.386342094
105.419396588 252.63003106
638.810310961 226.769694596
516.026415481 438.356603894
595.582019899 289.5168734
600.553339549 244.885207253
593.925811798 306.871302768
484.750702755 318.636361926
644.892176083 265.534223377
408.758172675 327.553600486
523.242041794 410.710299457
538.932388941 490.733214113
367.467094005 257.891215402
501.383484526 480.138361876
669.902314845 261.901817612
590.432253878 329.370933648
518.574995769 379.187633479
673.882542804 311.046721314
514.470885445 302.125249383
488.59543929 341.994194178
551.392879774 308.806578566
537.910062661 396.493353021
245.607860243 297.700067828
635.608822063 325.629588836
153.87078906 321.051449007
477.571381089 345.814507846
506.726439909 284.24405
676.385852318 229.315208382
613.769325228 297.894555436
331.276787412 273.820838398
515.230374123 329.741965328
492.086036454 290.156267455
123.501237247 293.45684683
557.557749036 369.74107184
305.535819658 331.987811548
546.061592879 281.613035712
144.90379975 287.359208514
556.053617142 431.580321777
606.515224747 335.164482317
628.669500065 287.87831747
124.908580582 264.931510036
531.51686943 447.751639499
550.765503045 254.917383781
591.392315371 435.168105243
569.924942848 317.79675256
554.726846414 467.159926651
278.549324748 317.481469577
462.746703472 285.296931617
687.51208477 272.399512197
100.433818733 270.227259469
538.38223902 326.160029214
518.338620658 355.319829406
247.114738194 257.901888454
642.151414087 286.821596323
693.546963087 240.373261959
530.97730189 285.679934138
647.291455791 339.295659998
445.732361771 301.840937196
576.421961483 274.281628056
396.728095495 279.394037309
479.046417594 270.00096206
354.666308899 286.109690972
166.179417794 269.766345049
492.134640173 440.158208038
100.677637825 282.468614594
388.165547395 238.652785367
492.894351405 381.66111121
511.030721361 467.454616069
274.938169696 334.963060331
567.769966489 289.055739679
497.430222528 347.101510827
475.812390992 384.998617496
658.36133205 290.23142684
336.30963981 313.134418134
464.273738302 345.187167623
288.243549058 253.552784866
