315.887233077 287.913066132
615.42647706 347.700413196
278.974287864 302.129710977
583.461618064 312.041668979
424.144919842 329.34957392
101.018072063 312.120732618
190.377064665 359.372295115
669.30310375 150.259603359
466.032867283 414.383946067
283.348159749 250.324774626
202.485554057 316.296119145
371.443968377 325.684097073
714.534673208 157.550815717
633.724404806 360.366021112
474.183775239 391.654463375
700.379479839 344.906187136
664.598293907 326.677552591
500.048259243 366.10381053
504.728966302 395.445737713
182.132398801 288.916042661
667.423916184 381.215642757
656.118600656 354.008427814
384.70469862 282.486285733
735.326960048 161.287310484
693.192289203 127.919281396
690.001638006 156.463408223
146.509633459 266.824129728
674.615151658 165.066172416
592.556133883 360.441370124
241.832305785 300.653323257
99.2036946238 341.958695097
694.32949335 169.009239984
666.351478959 111.471564399
456.436424467 278.786434849
278.139968778 274.749715495
250.825642809 264.019801416
539.233958631 322.976573329
108.473393317 348.688058284
462.812145539 299.91389689
114.437437266 261.457398804
401.938086003 302.700234174
340.507259497 309.246132803
679.632587561 96.5368728639
677.827626999 337.451214526
699.678809265 359.712145428
694.782555821 140.474211332
607.354574984 319.755316076
563.356117904 389.529902697
705.732011718 246.698738055
723.507853563 235.816854871
558.530488828 355.974868295
354.910911324 283.298794446
368.884011248 297.466775137
136.167484202 287.758682286
113.86712877 289.148410569
306.333229093 258.106823737
669.862360803 294.685139965
170.090604065 328.848038579
340.953138851 259.058569619
626.679711707 323.119488355
743.064017266 225.17245634
122.276601125 314.131029865
698.901848736 318.205298701
524.139987931 378.659563984
703.679213718 109.327401212
431.069177992 283.237174196
239.583731555 324.961518322
647.531726992 324.389977375
715.601718996 129.59415053
527.40646689 352.669257077
438.310201869 299.276736213
708.395428068 326.09660766
685.024062858 112.175743737
741.130988567 176.332201761
462.500718931 365.665273459
699.59391405 96.5922487588
142.053460691 348.53642652
682.406083643 357.726672801
714.746449303 209.780883815
442.780367572 317.924782665
463.996674736 339.448226944
127.970802963 325.862087318
576.568565442 322.632270301
154.67778157 304.276179865
685.792120084 316.955634821
482.853912989 374.158777906
717.434142975 140.437844951
738.473676356 194.008459183
489.263768396 322.399504453
691.960097717 209.177973305
677.489867056 137.163328743
703.256916212 184.045022326
667.402792014 179.909631297
624.311851302 375.532035317
214.65153324 338.262937763
647.587934229 154.28940578
478.516912446 399.716825212
500.712789287 334.351832328
103.046255279 322.762615711
526.226676048 301.356506015
