84.8215709272 113.189744107
663.173798988 69.1110766997
661.122339764 11.6925442755
133.099829007 106.991211843
684.992702595 36.3714636204
89.2232274877 131.077565322
396.552460856 38.1438902989
610.863718235 30.2457291152
66.8579364685 101.631249141
388.015173526 285.439746188
684.551946475 11.058490086
102.711641846 128.897712447
386.207969407 478.236881248
356.710362334 91.8682869878
309.238372373 74.7318708518
377.947823882 519.796032194
347.080238605 111.424483643
341.133930954 417.106537421
370.02295546 60.6210655869
336.077542977 255.232652132
315.795323351 123.45484132
363.264915075 289.946643439
334.804753235 474.558692923
480.354934019 51.1355697704
526.063864098 77.2645369456
96.5173800233 110.423101407
244.934040517 127.696306135
476.294151751 73.4769500051
251.661825928 112.294786108
448.71355927 85.800224463
437.347706593 52.0734230385
69.2080091968 139.544023949
310.8153546 330.705295269
290.725878275 141.252702552
408.853264928 347.421969528
149.92486838 127.403419483
312.836564818 283.677279258
82.1132608851 158.702276855
260.806392718 131.408541867
415.045128671 68.5869022428
355.851783784 554.92560994
507.28451811 115.622202347
358.017232776 309.730118941
368.094053441 343.394040504
447.400875564 210.557214289
662.142097741 33.9737659315
286.88288337 126.667953281
295.040029216 118.908991773
274.483070509 80.9659198265
108.521876214 113.153971557
470.550795182 131.552188564
327.616990823 344.165406264
342.325973403 518.914757472
381.672633286 423.964721063
360.222672423 372.071311844
469.289777331 101.546179878
640.321393768 43.3828596089
400.823705515 388.910723886
303.370829253 92.7914625909
593.42522469 8.53854827521
393.004142175 315.526893887
102.080538974 92.5844385966
387.831487282 117.925515033
270.273444476 98.5970175098
375.41530918 548.437912775
59.2636059915 156.279026273
379.552111244 80.1685603062
352.79322343 583.124164284
312.858760351 373.385405467
399.956022476 52.9822528612
83.1753632448 100.912561858
335.73165643 369.735041107
346.12096383 401.113825952
100.141686061 250.18672865
70.7479152487 85.4181681191
373.694512126 570.667857606
321.468716612 301.507715088
414.229603278 97.0779218606
356.467939321 441.91216596
421.711529847 126.637997522
316.569993636 103.008086524
373.468224468 324.106343199
340.8274295 381.773884427
561.323463322 52.4413519588
348.741446064 344.001107097
361.545269465 472.680369582
376.336729574 366.051133832
310.821459326 506.118272391
637.456531328 8.8594586573
321.057603073 430.294471143
318.235152526 390.54840562
334.841461726 324.944058797
111.345278904 136.734713407
66.6279104273 120.33368799
295.595932166 109.092763414
332.204210085 561.917562489
247.713374474 95.232374548
336.220897801 283.267231515
268.285655407 110.459965949
544.452376913 34.3521083988
