336.127715225 690.0714787
444.287398641 420.895666533
656.892065254 737.342194508
495.660166034 726.517096053
402.060795638 644.312891052
373.898095972 656.748038318
704.352704268 715.596082587
683.153518378 708.28876554
378.613858298 725.020177419
327.998077595 702.566960215
378.642782114 704.442515674
359.05604881 567.639236593
385.281214618 682.322468165
357.016674414 668.390162957
613.369778922 744.681213953
357.458007294 651.483828486
370.898412935 676.684573986
678.728021141 683.92052666
428.47778607 218.418520603
422.935485447 682.617744481
427.65515309 201.525399949
633.144024622 711.602565499
701.613413363 734.043091819
438.21572065 663.946818363
395.936451668 438.896120692
416.048065151 247.908655054
612.683950033 717.431502423
701.104599009 693.658368288
506.869607132 702.754008629
347.485774413 590.278856961
404.963098054 614.089034732
482.800368371 737.712483493
449.594606031 681.093992791
392.793339488 666.806113424
356.256989987 707.076871321
435.353178302 495.070627064
460.185659643 658.702673822
402.668228308 711.104249852
472.074089123 709.872611274
248.644773479 354.89415606
679.634021797 725.506234761
449.32397393 276.308031281
666.417986334 711.381683065
405.386116519 506.615793571
444.999462005 257.521825754
401.723794323 691.922348174
593.864746983 724.407560773
534.599426919 701.941030533
434.538430284 692.599729182
557.730656296 739.673046243
423.535017534 460.04679002
422.734255302 420.659483882
426.793871963 647.905425042
356.043032232 688.970486338
580.554040249 730.377440541
408.908846855 675.245882756
323.8230273 672.941294504
444.781315629 645.723945567
637.838073274 734.102589308
456.854635772 191.763386026
453.459196156 701.638185489
318.256494588 688.361750861
597.666971601 744.667111262
407.051984148 472.065554152
396.740800112 584.20299898
359.757021632 627.152367163
691.080952944 721.895912166
375.921603913 516.105369004
421.923908849 592.793407077
415.899974113 660.375317137
426.295261552 716.358724819
371.711651057 689.707942477
624.270164589 687.034940374
438.574005178 441.432430844
490.83733189 691.321518551
466.909670839 722.458405587
389.544961927 545.408097341
478.930118688 667.288473179
559.11207218 704.875300132
399.219502749 631.511184434
654.995497817 711.078886541
390.510105745 656.710144682
534.666992827 674.110558174
531.666995687 716.145265809
309.542356657 703.216503837
451.479440576 719.606423294
353.870014211 532.688110707
432.051293746 279.81319385
428.097738288 549.479998751
414.270945078 649.938705458
521.81594279 732.787254089
374.144190756 490.422671878
654.00425767 689.954021632
390.472575763 612.268905408
433.998313215 174.62583718
510.963661348 675.736473665
465.626659252 223.833043119
579.870394745 698.645172209
600.263052884 690.692685269
439.585254991 234.322840338
