537.714175487 482.487238671
547.881998514 302.741427898
607.977225283 334.854991071
633.586852241 323.809302043
605.668773201 590.530784242
429.800497912 570.523840334
282.860323976 397.712992769
743.723562998 331.869229838
702.652790455 349.001463097
530.461544653 367.830596649
427.530574981 439.048454255
682.8741845 290.687771001
535.226412497 616.957749685
362.342570678 377.868559098
563.576963826 672.555108971
675.244774073 364.272705032
692.7998613 340.190401279
578.505019951 567.893819286
624.291343272 564.611540671
683.139374481 129.879175374
552.418876796 358.002263435
676.049203293 327.865650758
594.433523214 699.172523738
325.829198711 376.278080415
228.881530525 436.605740155
593.052731068 680.809930465
291.402641738 551.227317956
644.578363695 394.737835764
400.36359595 366.597407727
641.350471594 348.355006513
693.784791151 354.020341108
614.88863668 291.235374062
626.87598058 465.704562389
390.782296602 444.339251986
560.021720519 376.886577021
512.292323347 296.533841731
611.73297308 473.40424924
663.740473077 380.163305258
690.036301451 305.189795265
637.544612389 274.445700743
383.18598153 529.961247403
575.007314529 602.210363883
512.068593489 486.740479318
246.686345793 407.216243669
548.415272184 559.366566802
661.939366232 137.425589412
591.100764503 651.739823664
223.089150371 456.708709764
550.468884016 586.995106281
594.643818795 431.418256899
390.881485839 397.997003406
281.669235523 416.700620525
620.633271873 443.363085135
659.029920402 321.895263235
622.321760803 693.290030982
363.59108472 455.240066944
565.749138021 325.173353981
595.552427588 376.914237725
705.788571326 105.11707709
716.843031866 349.133883368
330.090644353 473.97273259
731.381115849 334.930089731
575.813107599 350.282990232
445.727330194 504.390596871
408.978213544 462.062982332
533.074699821 320.936985573
701.753444649 325.174439296
305.470214493 436.434845363
604.132213054 556.777721939
584.955877415 530.872712422
700.695422425 303.113568766
349.871503356 410.201733227
718.225592526 305.355394535
345.547202776 355.502244568
564.170070638 397.725733119
617.308932787 666.9660497
625.132185918 376.753310243
364.509887663 427.662577649
432.369074624 384.201864671
683.147835216 154.822334604
664.932232771 279.084489763
727.78538758 128.210980621
642.636523539 423.278433225
605.814870001 623.968630569
492.224287142 498.923650167
666.363907394 343.426190252
641.81451543 293.122751153
620.189010136 404.412509011
711.46644624 328.970491372
706.537888271 138.306814312
238.456283134 511.296264493
319.460098338 387.822788193
573.707717013 640.55522798
680.449737268 99.8600982746
257.992694687 424.892380937
670.363734366 113.992151284
455.449681891 409.697142284
428.839607126 524.116328786
320.939843835 410.593781533
368.452849027 485.703578075
