639.390349746 295.26241181
644.776354876 298.746756233
666.870092907 187.07098647
688.907141151 156.301706684
636.705625715 680.275630023
623.683237953 572.121745895
669.984035273 598.573298185
122.637047632 190.201022676
517.094739886 82.0661048037
669.849596285 244.546207011
654.529169825 692.803416945
668.83300084 344.38693764
447.824947965 594.922729407
553.709586388 22.5288715161
690.926048207 86.0231159917
592.51432311 681.07968552
683.237638404 135.959412707
633.817483034 581.468372963
651.922949053 642.979864046
710.648077915 280.98657581
555.289428551 105.81333445
687.597844592 281.369552402
683.061603729 303.029474867
641.544012745 100.057944725
529.251897814 103.698264591
617.312657339 60.2026749874
649.895844627 66.1306524768
682.354185787 126.325489317
619.136342246 671.181065607
557.78781377 36.653059955
634.416943756 77.8181018232
602.38863492 598.545451577
152.214466459 180.229623075
647.782102357 250.330040271
126.341856523 165.255534001
695.106178643 316.093077725
650.190297727 101.79344981
646.580976145 602.633351549
666.924204672 99.5518157867
534.295843251 45.2962176648
601.220499142 699.298292235
622.729744663 89.8848349233
635.634989803 699.686849247
568.152290919 71.8471245724
700.10011616 177.162496122
649.873235549 325.000928612
668.674500045 109.126285096
681.711887926 113.445488567
671.286156948 91.7255136979
663.464661473 137.097608688
651.046967372 122.576961449
649.423997023 370.366821183
636.029489249 548.448556456
555.500525271 315.85306411
607.379062168 617.411280185
668.311532597 155.204920743
648.588179835 569.399447845
572.066859278 48.5621065373
679.419093789 64.7662421951
657.456527105 661.035131318
604.258393907 660.663470139
665.517845028 319.004619247
678.873779937 101.377482364
659.387859075 55.85603866
664.774986149 369.992408477
437.439115658 618.132422871
624.066762564 715.444376798
618.95842716 637.387804381
665.478309324 632.376275145
536.488739353 63.514052854
543.967067418 80.8471958904
648.552946806 159.666908159
143.503049712 153.556370105
629.638097755 332.134500767
634.354026194 130.228113171
615.2020383 695.749367858
673.885554317 207.097396239
632.674516788 19.7066820656
111.093065942 200.905179239
612.970509448 35.4861298691
658.827656206 74.6176798221
628.197756214 46.7601487751
668.573622282 271.256568492
686.573032686 246.344235208
656.08576427 702.846399514
133.782923808 200.890570608
636.553144943 112.853475245
428.426826721 598.233894107
658.139944711 289.718441756
657.156343957 678.159689191
633.646554633 351.666100857
676.379165659 173.408919195
600.452047719 646.780869336
110.262629187 164.366972692
627.300186559 655.938326109
103.863481362 179.37732863
644.897205581 88.3133419113
621.93978457 606.666456753
631.772809833 624.68641098
700.987116927 144.972185332
