693.597222265 203.959594967
689.079055552 245.023076177
676.598290722 408.509839253
358.999788984 277.045593021
607.896459579 541.953151841
195.608499355 320.63159752
574.786548779 193.85307883
779.099269346 99.9522221231
757.7490897 89.4859857022
686.357019253 342.569897284
698.130713923 248.190315818
678.457067757 229.920210569
299.310347946 271.885583442
664.860319294 235.231988429
585.43831741 153.786691765
610.28432088 581.637924872
678.66373885 313.771943004
767.08010695 77.9477848038
628.553501614 401.817760448
653.648303315 383.194692371
678.01171045 256.807539711
765.251955518 58.935131046
533.727326839 181.371324092
560.022162624 166.144533192
152.47619865 311.877902159
326.297353376 267.837802295
154.501621703 361.265391837
708.39572936 152.787040866
720.866799827 66.0969314059
298.767876833 228.355867491
606.925604526 174.650835985
715.490227676 243.047563433
634.285268156 345.355299918
637.823649321 390.978057219
173.168328056 308.535977214
615.862157552 348.034973671
682.577487819 275.497539007
100.829798774 315.138221619
668.117565028 302.332944084
664.854357172 195.614865139
181.054462482 344.908893806
642.977392428 244.671259775
653.029239675 158.158578881
682.122873678 364.68855515
661.314175551 375.745075521
704.201883938 265.147321344
563.904239636 221.118542977
546.751772863 193.735420238
494.286754437 633.566162118
654.535189236 306.241996057
117.218171182 320.136443898
446.713926509 471.459895688
636.556452247 299.950720211
664.380345885 341.318472942
720.133508403 113.376269552
749.388563702 99.3132662986
690.619797433 298.32787683
648.996811378 409.421832432
716.742323717 81.8715278882
633.822390561 463.537540863
311.201278309 245.364389439
744.823740801 118.194266344
350.545481847 207.318227057
88.3965216925 317.61277881
662.524528619 426.550183078
353.423451738 241.439067917
740.685776801 52.1243975487
640.592610504 437.850580114
651.626636908 318.037821086
756.527905079 44.6406697961
743.914167254 74.6639361539
591.836518874 563.282659968
639.056224343 200.696143377
624.659145323 446.202207869
659.702766926 258.129432366
693.078695434 159.681534892
627.366605172 417.384233391
90.6955457998 347.409418707
769.502537281 85.5963203512
777.881927137 70.6469029758
702.209529544 208.178025665
690.553759068 261.829673551
283.827244347 243.647347169
116.523808047 353.560511933
702.202955697 124.305065414
643.560440873 335.789901202
102.730521176 334.546658982
619.68784049 561.302139543
656.500716712 449.746319851
131.853372146 333.145742716
724.820359411 75.5653630075
638.388162746 357.500146453
324.472329668 218.947732603
710.185220901 177.769522063
736.213670886 132.529898451
780.748392488 53.4285883743
160.207337315 325.62826118
726.033843714 148.972311357
335.300208779 185.105721169
655.638501288 281.479870586
