222.188151133 446.281726085
192.283875255 603.662956266
276.540416519 482.710757272
259.551573477 456.505329469
218.993707587 567.679205143
208.008596636 451.05857526
608.607498978 557.86535603
134.5139508 633.751252415
180.601454624 396.353418413
618.704387918 534.444990522
257.754320064 527.381926306
190.94544867 495.202843892
143.271473721 599.287304945
537.982561519 333.82873736
105.449692226 88.9638987855
158.034475892 629.731350505
700.485870957 517.716071152
187.961906985 536.16006874
636.276573184 559.865431865
659.295564191 532.060477094
681.12365486 523.449852715
637.728398641 535.394373985
227.265026853 499.003614011
113.839457403 146.543867221
665.892144157 513.138326885
79.0941331382 237.920306066
76.0805132746 176.196942081
134.858467278 140.807754486
491.947996124 519.965613619
112.781007741 207.082283925
111.648569539 128.479917151
180.898455144 459.125382318
132.47136902 585.751990352
158.960914215 430.611291156
189.343887715 429.067057889
257.480823302 493.058214271
256.860559873 438.950791269
158.861937494 515.168513352
93.4133518161 119.757773594
105.194615292 243.033115185
124.687756017 769.674106532
131.057895133 183.014682681
466.186443835 537.424775535
216.022999637 374.869140851
665.823013314 562.473589826
170.07940645 604.448961932
107.414710348 103.837849205
125.988261603 106.828198372
87.4458792697 103.866617923
284.918851928 438.385134914
305.995770904 425.460723909
211.716391632 531.245227477
128.135219936 753.165034516
138.998352363 657.951045502
135.190951015 622.013511462
138.030450064 220.766906437
180.008912207 633.211933969
132.303838307 247.175625722
74.0101060046 116.389225846
170.239230767 575.698772877
421.635122261 535.386560665
192.666688406 478.549519691
137.804060928 121.676297579
76.2062179212 206.708796739
156.662735242 735.251589029
150.411731698 462.304263822
437.758962996 566.898634208
131.69675 730.88968161
151.280203339 494.299614677
121.263433924 271.443077654
195.152521819 380.674539307
235.705454595 410.606776942
238.838843687 431.852090058
265.563356404 418.415993234
236.991127116 388.666054329
157.14305332 755.795894737
222.148937864 410.009747012
100.544683353 211.013144641
113.993010335 630.243813514
107.221608657 170.560449487
77.1434765109 141.290946297
98.7164650712 136.309128675
221.368689367 479.602914421
684.247629498 556.886703496
239.283544149 530.891258174
116.264325886 651.425958217
292.10181991 404.724562062
245.124427307 466.650253922
199.855643575 581.261065881
148.678335844 570.032270457
176.741611117 493.326330955
269.372900832 393.734691816
162.862680403 542.434159342
162.436357182 403.63104926
472.088149118 518.595961256
119.184787278 613.994035303
95.1240167657 157.89561292
439.016625137 529.194312043
452.976179747 514.822337911
699.552514841 544.436019355
