372.658831273 217.341107995
261.143010808 261.549236136
374.399337045 182.026613844
515.633487514 462.333193304
422.122184774 664.235376881
417.642301884 606.812233748
340.89852787 161.163544596
504.174650885 286.848542461
497.665197883 328.267058269
194.578527711 249.130292401
615.385191557 453.924432986
471.351756452 640.629660115
146.535298498 298.102028339
612.263736684 404.829260999
546.763159334 391.650530708
293.787721815 516.892051075
247.267423781 315.872294236
179.172735647 277.382658732
475.723647784 441.55769969
350.386286723 141.401283596
411.481365035 285.820852587
459.333775692 371.91902865
239.882099729 255.151170085
553.911952065 355.736457287
534.120780011 292.735631885
438.941295679 249.018478049
137.667285417 272.130521841
302.490409259 142.620297337
240.047304726 286.863789901
521.235121646 332.65284124
367.580435227 241.806423857
408.881094455 689.404018895
322.21180076 140.919430977
455.194709989 601.699184124
436.520780189 203.784472833
370.723896741 105.15784125
313.587174744 183.666783441
202.904393478 283.003141454
427.529941467 170.851071593
550.247487301 335.874070051
433.685793858 637.615297259
219.722878421 263.264644338
582.348515046 448.645755472
327.158530474 104.918110633
427.503840539 333.520881965
419.876529579 683.415996541
366.75619491 438.388131761
226.36476978 426.636297009
581.354406234 376.064187896
312.844231348 121.539927896
368.782121431 137.904131664
378.056285867 263.393831144
472.736357037 485.068637541
448.780476269 624.399412647
411.222479143 626.681376979
469.00494964 463.339320184
447.565349417 282.767070243
386.943744054 130.403997505
584.654646016 414.334211026
441.973793624 699.721156906
338.306999422 197.30474756
461.964991161 666.866801105
218.67058324 300.250230656
160.291219494 271.391611953
414.10976995 701.53250043
563.779869943 429.392458419
241.809173482 415.249186332
468.802352997 413.467124506
434.028968652 683.455450489
631.821752271 436.990322151
460.687324037 221.762748869
529.577303152 258.1792557
397.979450298 182.987292233
503.12632866 391.93753031
488.94330271 478.437857744
176.764534049 317.728717882
417.77539989 207.190660437
338.997075423 106.084292515
478.407749701 270.023021194
376.907072559 162.474438626
361.37738983 199.611793441
470.592435237 304.943567842
520.608491978 421.456050012
423.764585839 591.181671458
432.325990431 658.325147833
583.270866075 398.118134275
488.84041849 454.729360983
531.395071151 443.471305116
471.52937474 329.015764327
604.396686825 438.82440696
387.786592739 230.266307507
517.524617033 366.707502251
381.10220581 701.140527597
495.802548331 240.454443708
259.529432584 297.058641744
507.098025898 315.224558288
388.716528461 210.139848846
384.389007527 674.788003717
482.913929555 366.338431716
402.332703475 252.586481185
