383.375740249 762.260920633
240.065228846 375.181973915
225.070646931 348.532251311
17.7724036951 650.531099038
275.363340684 379.043259653
41.3559036153 402.548954067
401.827710064 198.474779589
457.963013927 259.37922009
370.592392109 729.493456122
93.4882324371 407.38134858
257.134926986 355.742844397
6.0727818723 660.470182093
517.539284176 389.194450591
23.4753216898 666.742047076
99.5486593755 100.540631807
496.622231445 415.945991583
25.2030307932 698.094618746
433.623575181 291.943743211
57.9819629266 373.094005065
342.537872598 198.306367728
37.2542451468 653.547557205
60.5477618627 444.195335108
43.4646282883 701.818315426
61.7823943162 168.728351284
457.724387886 199.036274488
415.535438732 766.65437189
52.6504902955 126.645239489
336.171914886 174.070394839
49.1654204827 107.066796403
104.19908661 201.085891201
82.9384277626 176.264795103
35.6036644411 388.554331145
60.8911205805 305.08424886
57.8628423913 420.9558655
506.535451586 341.452649465
11.0234893726 706.353668716
358.312293678 231.160093592
11.3741569488 676.228278642
78.325852069 133.477351808
72.4054551517 352.011902293
73.8497178453 691.343620225
196.444638792 382.618983134
368.460132017 199.126686314
56.7612701976 644.141315755
79.8945462608 405.510389942
90.7616222058 355.39317377
118.274017804 164.765495211
244.686648819 147.489676129
73.2530615239 83.0052211835
428.437199058 749.858282507
102.249085288 383.66347471
84.3867711648 297.536558845
54.4511703941 685.180378274
490.987359496 387.820115009
52.8246434741 659.471100213
429.337672859 192.243159266
182.511219079 360.661312881
504.777427249 371.31606855
87.6220421381 99.9228192106
98.8220109542 156.657680859
473.237764533 348.670907726
438.836633514 728.790384557
81.260577288 392.672166365
69.9061689547 95.85745215
324.839237654 718.381390941
18.0036698356 631.818794222
40.8130588728 630.239385197
68.446767942 718.351448682
388.026500454 307.362880906
57.0072060039 349.93807829
408.546041794 739.617771365
104.962114714 293.69928027
426.005089975 236.392683349
68.7019020848 260.169029286
418.622083906 717.568237789
527.665319934 407.268096645
380.978188213 258.030194754
438.546235194 340.183468966
68.9378813857 654.615071373
157.898667061 368.566794688
65.3627638251 397.539265257
164.057038507 394.869224323
35.6626650876 677.230954813
374.603670581 171.396041841
81.9609336513 434.443749996
84.0176470236 657.381555851
468.569837974 379.02009522
30.1204185193 717.812763977
406.589414922 162.773175025
411.748865278 315.797889923
397.632135183 278.415267553
385.771984255 230.300115362
16.4286667192 658.45848803
355.011874046 744.627002633
107.486491316 127.641120669
48.5201597977 719.389095592
49.7958733197 92.2682676129
95.642896445 225.998635602
83.7868479201 113.581382186
62.8991871578 143.134763307
