316.337078575 659.579218369
412.55988871 545.827917326
161.88164043 595.245640577
362.372747779 492.725867435
405.72265488 490.580950917
378.580989799 532.914725237
623.195066854 562.276637347
478.733273632 531.931180228
312.697072988 512.1359942
165.146968755 523.081230048
293.512103672 508.168459448
200.75071735 545.246489797
412.983177914 522.769515699
99.8831280944 576.104708259
205.909510877 516.436365722
315.514327154 397.972389084
306.996502512 452.697377907
292.285066819 418.199502342
538.443054469 594.454166886
290.858018551 608.258959113
597.997426812 554.298569959
126.716084753 579.314022171
667.732167179 563.343337381
262.411085377 452.394433646
129.769532839 611.606337641
186.12028913 497.696262631
650.938303402 574.109994509
292.313523748 626.996617109
517.879238071 553.589072935
506.824888842 535.313443575
492.757885278 573.306433436
342.043098294 501.886503646
630.763459453 582.580472101
244.111876392 559.1835679
414.674171652 583.164888099
329.937675283 674.531941876
352.279445399 361.717220186
295.077815796 664.20538723
678.251656953 585.747674217
465.144546123 586.331416523
157.373265888 631.313726639
700.172033774 623.355139137
390.624522145 460.709448232
330.765084248 539.941649468
431.373736091 507.564532516
188.538364001 639.747820178
267.078730034 482.353287221
620.883289966 611.335891311
160.514800025 578.510894858
277.901662387 547.301041916
417.963916037 445.392171666
688.731689278 575.518546272
555.455221198 578.27773288
332.850320199 377.46929724
355.667757312 530.360849533
376.76251538 447.356265322
138.281134661 558.372141176
393.259544878 553.240435914
260.48131829 521.87473076
441.014489434 530.798618883
169.687534913 553.458207075
328.12968748 621.307406649
518.252677583 598.791028635
595.149513805 586.428559767
219.455438185 478.908041408
319.317339518 634.851173455
459.394359711 534.667948784
356.723624617 639.850119397
437.69524013 573.125534103
341.456310167 648.553549731
237.190852008 523.096694272
375.803364563 420.72273505
699.082054135 602.898097152
146.459741194 515.733845106
388.851408147 507.297323248
325.97564884 566.471692408
295.962093584 384.63745795
651.737661122 602.425228619
702.821883152 583.911293205
428.782717784 475.865369463
673.4371441 650.159488876
349.73300212 460.988047597
486.062378104 555.5554347
358.573225849 411.969644728
396.88571865 403.319542821
341.295234598 418.396898672
254.737851436 432.387952932
281.334079534 628.784936244
122.362632049 556.930013637
372.819695036 386.66264805
115.570195089 635.937375341
302.471974332 644.352890352
212.367695498 567.725079035
454.68342702 566.132128658
258.921989473 576.714023022
143.812078107 656.164138638
674.014126418 612.266873304
317.985982401 482.822170617
206.415538767 593.034963359
326.55917405 357.315458365
