490.878010545 367.536516917
251.737833169 260.249466711
554.620614118 266.277049091
544.93806069 482.960747264
626.638908283 615.117788504
529.993293712 556.345957608
462.954565635 341.848689214
614.269776778 84.2511500886
600.72354973 109.891747847
110.015772611 274.387297176
684.368810663 339.439141293
612.723775614 546.436275651
93.4918394379 307.098494531
646.475358972 131.670789084
631.667795557 163.830279756
321.502858679 484.130165007
250.883301994 309.583244417
114.004149799 287.06878556
524.055393365 436.945232034
492.008134722 317.079141017
565.89717082 294.88867169
585.796989789 333.365491985
186.790746007 260.02618029
628.441293972 99.3717742542
578.954773783 170.100109988
589.005424184 145.998002854
87.8683209781 274.032939984
417.178318693 281.266597496
226.55410784 285.222511236
656.058943482 101.574900166
478.208838795 380.441275006
615.140587498 671.579862591
462.622238355 295.699130623
596.903309624 505.337657992
549.749044993 236.33919649
531.513203226 265.913201027
436.307077266 301.068014016
150.40615438 282.143941263
533.865889332 218.984607683
644.679182324 89.2377756551
566.015672053 571.416946196
135.519418693 257.797525397
646.269230732 341.936231649
463.214129061 265.390299275
561.115189984 316.262029655
632.359676839 652.151359171
355.283065248 421.412061577
235.242197048 414.734708983
639.743998851 115.086335353
442.15918698 270.50757323
529.010616488 286.623234951
543.434420191 323.234528522
497.901093292 530.150764222
592.122927512 540.337696598
548.038755025 589.045951711
486.621430652 489.938709539
611.415880158 163.799334173
515.08306405 231.556112009
646.278600839 144.18326155
647.53898621 686.582890612
447.893656388 358.103446677
644.462146872 583.38892798
182.124265944 294.254033644
102.064754402 246.314203259
632.637567685 697.794451418
666.920566595 328.280479989
264.323958515 394.137349826
581.797548366 354.994605712
660.390786955 661.993428253
675.339172309 122.118002481
574.794358091 204.628654045
561.281554995 176.826115303
584.163053616 225.284830124
636.002430444 311.875841542
517.837354114 496.217539101
125.091732411 308.956728381
585.754922443 187.047672546
487.255390322 248.73293208
598.216486076 127.893157352
589.608776795 244.571394848
495.732423578 334.519121004
619.864442989 180.382861357
604.32003948 315.358085553
563.581393526 533.586276493
609.727145529 584.315246971
629.034179783 121.170795489
511.48227495 454.820560648
619.433169953 345.021535833
672.784777932 282.226784581
696.655782273 305.515548606
591.486542313 271.527733489
624.623832427 140.811526644
598.738805566 681.291232974
549.869995957 193.329770288
261.326170073 280.907905045
608.458669821 96.0300642639
629.252190063 240.143293278
600.657985254 636.54264405
672.207401713 302.166986257
663.60171373 261.645549215
