58.4582817965 242.688678984
131.807400263 495.947220992
444.616985842 668.616356661
91.9568717537 660.784297575
316.945018036 617.033309857
72.0469689893 611.31934704
22.3256222597 286.868870221
98.4956077528 158.40807692
53.8618732738 145.746387803
456.00486633 689.627696145
143.463289422 530.0972138
68.1398163658 273.574847961
71.707461793 635.068130522
369.552487372 505.111102959
15.3062037412 237.458969303
366.32592269 677.613616633
394.356883299 606.476976002
39.2034446255 127.413786803
121.683251235 612.54326343
223.112133844 537.973737058
127.763652993 531.386211187
51.3180840668 99.270574705
210.076767932 450.802737658
12.7924372355 267.618824801
151.637602993 459.825506068
73.307063554 675.987811987
112.961640836 486.603870001
60.9071626118 196.40968165
21.0837624103 116.646315167
91.3799557109 558.604136522
26.3050278464 265.082446138
218.494762105 500.227588508
99.9768335648 675.558009129
136.577936693 607.928922165
100.483523228 514.312630798
96.8758750483 687.90533169
132.870586348 555.0663534
139.542705548 384.526800077
151.745262216 554.527566988
40.6225748149 262.529751249
77.7123586187 550.492988822
337.150875718 530.193614799
22.2734606996 226.268335766
402.746502434 638.840287499
351.835568173 614.073123468
246.579925648 518.678645679
105.142085817 583.01265357
124.455924137 514.552159861
111.234042299 703.460710426
139.011191454 578.375050913
162.493675595 408.265461984
106.317312735 619.79302771
110.779318858 603.537684387
428.44200937 654.68198273
40.5270506613 173.42036146
70.8536086035 163.344429688
434.599525192 631.588769839
133.210356592 630.48379756
11.9353891119 148.106433946
125.87889866 689.97074213
75.2993947805 655.134299864
116.882095978 182.914966366
94.7022641508 605.767162379
105.094063185 393.249814461
239.390345861 564.190836592
87.9030167607 698.381003575
14.9365393667 104.098637926
138.625540629 659.910952768
121.833192391 596.273570133
28.9651650411 99.7485048211
24.231196324 146.682044322
333.968551277 655.807441449
48.9655917664 290.725087747
124.898019059 669.080048952
121.79712347 556.507212291
30.0790505818 217.331754678
124.097849123 641.595319249
106.13960617 430.642363166
80.768558262 124.205846654
56.7498270292 117.326195566
87.5308370395 258.438956976
193.709203316 527.973787767
90.5624342681 580.151525783
113.030381756 467.17305303
24.4040898315 183.306865302
140.584331978 596.546931173
126.435041471 427.203354318
403.099583057 677.992341351
365.680436174 651.818381802
159.29253424 447.254957503
25.8746047589 129.476072248
112.730318657 651.98825643
102.901881626 638.755642298
71.8128689101 229.756545148
129.389344596 199.379114722
71.6258553364 101.413942332
131.547371804 482.937196901
86.0001994027 211.432486469
107.571321436 546.242049747
121.159410234 578.744561424
