276.996024592 576.748658118
226.929765673 550.928019412
323.903140959 452.208061513
283.168865721 622.423474131
330.576824518 642.341580016
250.486061434 652.007726606
259.470636811 561.925816096
314.856645784 96.0308982184
301.77926833 125.123972195
173.276210887 565.996223763
488.97894529 547.336124491
324.628724316 619.886064643
154.025201566 597.674359508
347.903903976 151.572454791
337.341388947 200.336215962
212.333898441 644.864901341
222.045400253 598.661963921
174.774450131 578.00455927
292.601693832 591.56770766
273.869882321 509.912130232
332.636422489 481.83682688
366.72647461 527.694554535
205.148853301 553.831279988
329.006474097 111.347664193
314.158059826 269.536778289
298.524714432 191.20022765
148.547948435 565.278424008
235.932653225 508.457922211
214.59196255 580.039722728
356.557111191 112.703612153
270.669501668 596.255865195
317.55852897 671.558124794
260.662965686 500.526145883
315.993036513 599.188694002
310.66088885 392.166394005
306.823214032 455.708972616
247.424075667 527.038949689
195.574979677 575.355233158
291.582221786 363.003748654
345.390452762 98.5344950745
280.002012194 657.751642743
184.866231903 550.059401815
445.548365689 546.853926775
270.275913578 476.703157044
337.089975433 511.513112782
334.915839881 656.476384648
232.546529142 609.681990516
189.048920759 628.032302252
340.508422836 130.08592373
247.020415946 479.012438666
316.954248723 497.246468452
332.25064105 533.288940674
232.272898647 660.008527805
306.166207761 620.411799776
263.355803103 670.775420242
231.288102347 637.27682392
326.60176419 226.491344846
288.563030506 401.357408773
349.155485075 170.776713219
349.118296533 679.426547001
254.291538206 579.675928921
350.057636319 635.792165878
201.587159434 589.816007828
159.129805415 539.324381365
333.82631077 685.847382223
468.967338044 536.320799207
210.069929635 616.521237284
360.579447141 548.197846316
362.264606678 655.467086003
376.233112325 139.25685763
323.360513892 332.126212866
305.471354046 298.318885045
331.706064464 362.119361618
435.094066065 517.787986204
251.781167752 628.639742421
176.049039873 600.083373417
329.612437064 300.445061243
280.200963998 447.473056193
301.963922972 152.974964147
336.157558259 384.71957576
276.547891132 530.936370019
344.520694615 267.6777282
396.990396533 521.571163494
284.427340596 635.148732172
316.95234333 640.037754935
330.490836945 139.075307406
266.328904611 613.879169848
402.504761041 539.493463693
472.634777006 487.509928924
498.5596471 511.477323031
336.831486652 422.80943993
329.121511427 170.793543815
300.882541447 678.290274387
302.691700261 328.528217168
232.606541545 567.058361175
308.965068296 104.85003247
364.150932512 358.109633967
304.662805048 657.156287966
474.697864948 509.581232812
402.79185543 360.927382667
