774.333292454 627.541079694
261.064628878 319.500390619
459.133432039 611.476292589
536.56888841 439.135072362
389.042847204 403.853677102
668.064263058 181.515783468
517.368932419 470.465225379
445.553396211 501.484660838
621.986578251 500.088594554
605.33497093 309.629900871
508.072648565 25.8144539981
480.470904498 443.548374735
185.207412286 720.060460985
516.961715968 449.002090801
148.257722935 594.927795996
760.865063481 248.786321365
207.311972348 592.430387541
154.644268419 422.82873776
495.950738096 212.284941914
365.407515611 399.173556794
740.31406544 596.728432757
387.499676597 346.311157846
421.766811994 364.667909966
332.099772226 221.083453236
769.315605228 376.454442332
523.116936634 575.219099386
26.1575037266 87.2211518932
771.321077411 187.059584569
428.032792177 170.225256128
246.477175395 302.377941477
73.3341629543 96.2303028834
698.744351366 131.76022752
32.7092427508 318.286607241
110.141092232 556.825894092
514.931977746 607.693736662
410.515676681 425.162243319
76.0959631584 258.221041012
253.160009688 403.610012836
160.50921744 145.366404653
204.318130743 628.387860978
481.890985262 386.152609763
112.981006571 366.943566938
324.663672886 101.683138242
535.614851064 615.972845364
598.314695145 283.772151653
765.99128734 228.433673799
418.098582855 36.2887595623
724.466169323 128.245275511
626.717062699 57.2203591244
775.550493463 772.485556203
699.599294081 278.444234205
692.879918847 257.121988629
751.49457481 381.729009317
147.766487513 723.872691642
548.206619019 310.844107699
586.553652965 226.385448258
299.668098919 25.2527444206
38.4431947576 660.628657083
436.221273707 68.8809109822
408.414509579 194.316281182
466.190937481 231.646210503
671.407495339 532.86618227
341.570264075 236.959303172
34.1157384525 645.097651078
610.232430099 473.448520297
412.971728861 553.921328121
662.618381514 601.409410061
673.266706807 386.934959776
303.808397122 491.087784852
661.217044285 98.802276385
682.532502749 578.224137407
136.806697497 169.603544211
435.820539614 117.261023188
106.933711679 255.843041342
666.56658027 504.930553457
489.870038562 670.841673489
390.52162905 370.674366843
624.645117841 274.80047483
524.885933948 381.421885907
47.1751864401 285.982996481
60.5728046124 341.661809313
53.7682526407 775.054876681
124.484248331 545.324857028
638.349068429 33.5653690843
168.076721877 497.724112912
400.795333307 388.158976519
126.074161047 616.435796281
470.604403278 404.371815906
31.5367134624 687.922686653
453.787215341 255.990994511
132.766012745 469.616821821
46.9157092726 436.966135122
435.777062835 586.399528395
590.391119104 722.217848001
492.515203561 72.2372870385
613.670020349 398.847823717
377.179432177 161.382900767
24.5133707193 205.073313577
203.328346516 63.8126450738
769.021562342 406.507508089
