182.258680341 162.409668888
623.099554824 422.537969613
572.539076251 346.788938797
499.169744383 273.968607199
611.244718198 377.174645699
162.106513523 166.760626136
638.634113087 222.919655707
563.083007488 416.145095324
136.466431809 145.958129397
642.463561515 175.646297693
589.608051237 352.121960171
325.946656281 105.115644836
536.283360754 370.653140258
640.358826043 90.9821840405
549.094058471 90.2751413701
594.547243475 438.952477438
676.186853686 135.421833528
334.340889414 127.074739643
642.222519541 196.524471719
656.4569784 146.331719585
659.7275817 100.020206922
641.876113151 153.132927158
383.885800873 144.270967943
587.22684921 229.354592453
651.661779349 115.025223778
424.467982267 101.162491187
534.627878338 186.005192062
606.319005054 243.239498464
628.719858672 136.446360737
575.479651851 259.165970438
565.5858244 227.609600022
134.922816152 157.929570758
503.479797398 349.951346904
208.621022115 137.510090479
339.007527618 67.5191430366
527.576666969 323.199117244
348.798686969 80.7268136069
185.357639327 179.325159222
549.586199686 187.27027793
536.307100927 251.24486123
571.043482468 562.064311938
601.852203766 266.183455356
621.063007158 161.872877355
539.722394348 271.163594997
664.548293618 182.556877899
599.6033701 401.995434719
566.361233915 151.278741933
570.774133928 173.080716952
511.976529697 108.172582613
517.751799659 292.458089627
554.712638713 309.82877333
500.862763171 310.994222894
569.46521536 527.534170065
559.701926279 461.412048859
538.423688066 388.7376909
588.977761239 296.778012882
606.17595117 464.334194476
555.356921709 273.70345926
531.627455491 109.521510593
545.280582994 356.523628791
598.670117982 174.603287988
205.346158641 157.84778723
587.998370824 191.770677161
526.631709721 135.997560006
592.574231571 511.901008959
100.96441347 165.807654043
607.3814339 204.67092105
539.506787791 501.524831918
116.938271069 171.856523892
508.590084916 220.81661668
162.886011095 140.315054436
392.140490873 100.540128706
411.142089748 127.409205153
436.984505323 132.202769794
186.2240679 127.458297546
584.529608267 546.966525626
368.879731544 79.2713042865
526.351799629 223.412264466
508.407496109 392.915714466
556.547297838 244.488374997
553.337385778 104.0128043
549.652810158 205.600492081
352.114611368 105.127782641
671.933709238 145.822586287
525.855588369 344.311320725
528.256344123 424.110412844
537.824486496 289.894518645
366.921299471 117.462113535
572.711185917 379.842946578
351.263841996 158.911230149
143.393755654 177.423651862
512.528203977 260.169243547
227.532824093 161.773671403
108.303804723 138.990401851
615.173806769 120.33211583
491.891925886 370.80782738
523.564403548 118.587317187
595.727696481 142.076065401
605.31471755 101.045705909
692.622514956 122.146406023
