215.374868437 328.550238599
452.93689838 279.014950639
241.567083698 401.047970201
379.748869813 259.650830571
293.858136477 378.437034585
35.4266554891 267.270771546
83.56889248 331.49021671
90.1334892553 171.638811761
306.799679657 363.86746788
308.019784695 243.687961968
83.3267395422 305.04275271
257.794809136 389.699362273
199.090767879 186.666140641
623.214433187 278.62268609
303.621519601 326.299873491
679.285360521 253.979932645
596.479605804 256.436050804
342.134778095 287.550707441
345.359574689 347.448249936
203.947937088 271.968527969
693.459872054 279.006280823
640.900763547 276.218021149
101.521592395 303.654207561
230.797743313 198.923925226
62.7145965372 132.416681694
159.668618332 180.324644731
267.476134523 234.074070051
143.884847728 208.066331069
491.986552226 294.415337406
99.2246951169 330.878889634
60.9170636043 302.261003847
178.758120613 217.871302599
61.2750460597 98.0487172762
280.418286052 272.127885315
223.650895389 357.616975646
92.5909608249 314.740243634
342.463574866 256.342518939
59.19606047 324.010928358
118.72902599 310.026685414
271.192722309 215.992988764
243.619091918 333.305004042
232.518348134 382.169930579
74.3716030496 101.439174747
654.87481398 263.048344418
697.271365731 267.15939017
160.697373098 144.94531675
458.722075393 244.782182453
651.674530596 300.649103494
56.9406373804 227.683848795
131.694796674 248.430574085
410.450165991 290.863941598
107.095349471 323.208672225
255.119009866 367.71050148
257.234372359 252.909054296
213.225892487 262.141866293
168.237786703 295.008575159
493.831906464 239.348775664
93.2232336359 283.520491219
248.724193661 277.926303696
483.258667123 274.63206405
147.286945816 255.899223113
58.730492326 277.945487551
672.188045507 243.305886326
367.703712638 323.328363707
140.376008441 109.890637086
205.307266407 304.323993912
198.30697462 382.570568817
519.977200975 289.56217946
121.849744198 129.588426395
368.136594859 289.639366812
268.544520839 324.026685955
692.047249049 248.401174132
85.3177728645 120.813199962
202.168145323 232.109161598
289.934962674 305.394955695
97.7242825246 100.12785088
177.353751877 376.513604523
673.368942529 277.487981957
76.4843703182 222.041599219
280.157366441 358.290888335
235.927383266 307.329304962
71.862194272 312.633167166
421.427862945 259.021974136
73.935031225 275.762288354
626.706489803 250.100249685
320.198983729 317.277429054
131.289518938 156.672771516
164.724520808 241.54272766
305.522306703 278.663865573
33.906103946 204.988965208
73.1388260539 146.434395419
106.636767163 215.041703971
52.4045226361 192.002199816
665.070542025 296.38682874
211.033154228 411.604326362
108.081830235 181.365176551
322.03602912 349.693225245
326.605784938 305.934184547
43.3931260522 291.637560579
347.310471949 241.261150069
