138.217913491 264.361725321
576.926662873 156.216412665
576.504755545 63.2176496414
98.5306471844 249.659497566
598.40914623 266.37111694
509.709472422 125.929199926
603.352303387 74.1861366046
678.382574125 89.3860526952
122.514594817 227.181905739
614.251310403 352.596942497
576.422148551 103.56474025
89.9488943599 272.536623696
678.020775144 147.38984084
107.276267716 272.509675508
545.975334257 79.6785620911
673.964800763 178.957835321
94.8139170987 291.360605372
632.714817295 154.412061354
518.221413739 119.519999951
592.761993497 179.187138436
126.183090906 278.786608507
584.910817248 385.302812843
565.456819237 677.553035726
447.294689174 77.3527811973
680.872295826 66.6303115247
154.397001804 280.270964809
496.3527339 89.148319856
576.606753877 116.876232958
503.305073601 89.4244373401
541.124560434 143.686899714
499.040634671 98.828883422
479.47403455 115.213102869
403.983561559 102.301772666
574.746944513 353.599944484
691.44302257 87.4269432195
544.305985312 687.378145399
578.166203287 76.259617834
534.061925446 662.321194208
515.919643259 96.7913515977
502.685819109 107.71748872
577.379029044 637.048147046
558.104274975 167.600160627
589.575162007 97.3419114784
110.300317114 256.21128354
592.615963397 343.275682528
529.064160226 109.540052561
555.10765493 104.529806159
559.171393917 89.5768473239
515.542692822 77.3619622693
161.125906112 265.126663475
606.01794553 310.132463985
466.907566547 105.663541775
573.213046763 657.721464396
676.601239015 206.024589108
549.442977031 607.870613874
634.868318209 58.5208943388
574.216382765 87.1462138562
673.146920251 114.469335218
536.771346063 67.9724077169
544.827813054 113.656823755
657.950371823 117.916520448
166.990716528 246.404572011
581.035859219 314.205287613
474.571871289 82.5290627398
109.502627553 213.421908929
88.2780932011 241.925091335
104.457595319 235.848191484
584.866541421 679.812780404
613.862609716 221.096892082
425.752377119 98.5221721713
145.188383364 250.591655101
527.00414965 96.3405529333
624.642277305 72.7304443711
415.578992586 81.4230790577
147.185537748 233.005268779
688.62457524 115.02544548
632.141492696 214.559418339
656.148427432 184.195266503
565.994443945 610.652478571
565.32979375 129.144618398
518.534020902 146.890328253
549.032707368 179.010129334
547.498925521 647.335620758
608.803760361 98.4467581419
596.023826867 370.134505208
531.228675477 592.142752758
630.420313109 96.2171264747
556.704682437 699.567061866
631.610146371 108.216265326
657.781245161 216.167091073
645.236314702 202.861696247
634.076700767 179.53945087
110.297340889 291.358683681
124.893154089 256.844632994
552.219069009 96.044893474
570.891384302 700.169613184
494.162035535 72.9141573047
509.822185906 102.256063334
530.412743644 88.7385744068
473.397694877 100.52805889
