158.31178804 621.175477765
681.339458155 598.356294848
635.615997134 551.948520153
253.512833766 565.911473656
685.980955851 574.34145493
152.327142477 651.371517655
291.388185921 215.565416012
606.319073247 570.120025849
145.820801281 604.280622928
252.464202234 289.137771449
665.394095325 549.919992562
199.025691305 635.028129376
260.120599629 678.784093298
276.93789273 160.823741981
258.869678682 129.887606562
265.047117294 692.117669526
261.372152021 187.62553548
178.984721603 725.524394244
268.844524429 212.004486856
244.624843358 208.154296403
257.34662815 173.394040324
255.11807363 230.549858453
200.513060122 744.604919329
324.895979383 514.429058819
506.76905767 166.704229934
235.219208241 584.34246932
180.862710158 422.88829589
345.231205297 535.583909139
233.208862711 228.644781006
324.11421999 539.489898615
302.335431511 515.825442752
121.862866141 654.760798652
252.684194758 622.23540757
197.743718131 569.017735815
222.028512437 498.122739033
282.262576169 601.878994076
195.510014065 517.828801984
158.678189602 683.459414978
211.435412362 404.073414025
277.974615798 521.773410936
237.78018445 732.165600949
369.504480426 542.9556516
238.979179099 308.488755986
290.623423503 567.248570238
521.589368367 184.852846388
664.743477709 576.052374732
202.516950599 276.46824362
221.032567269 305.848186771
231.172228963 141.484202894
266.613022675 591.679409464
334.418802302 559.158708643
240.846066513 652.593294497
241.437014522 717.295307101
247.300114592 684.601419211
282.521953927 652.053020457
353.936649517 557.400801989
643.926350959 585.875890999
314.40800724 567.46723292
250.32931816 143.213651286
600.942963932 556.2405732
247.700045957 371.782564668
192.014089696 598.182272517
247.816595775 409.483707415
241.418084129 178.138325725
270.031691052 699.715288652
113.361128021 684.251595818
265.357242221 327.621672923
228.201589143 751.204367128
135.148489259 707.199336526
261.965201424 502.58283419
152.328545344 589.670701524
204.523857956 691.117269447
202.721220113 718.251084558
209.930309159 675.0621862
168.015514442 568.559677399
272.349379355 714.664761819
228.691467202 548.923064172
276.004197741 545.348623684
240.011670561 689.289784795
307.397144994 552.301558389
271.233436674 150.981635202
221.969545463 437.94326656
195.214101738 709.242595827
540.949051732 155.644006964
293.138491004 629.068108605
237.179698023 705.969124183
310.082162651 598.664259828
202.713500576 735.4191888
623.368802162 568.018670224
171.420155456 747.604601769
134.765692948 730.05153177
273.434453306 566.345013662
187.697333486 662.06699126
122.462100845 635.065541817
230.383075489 201.701236035
223.684430395 737.166208406
246.261554251 164.819998888
240.187316622 268.725882171
231.844351875 176.907494558
519.149193768 146.062033372
