693.133936878 311.1514837
739.904547331 550.110741108
333.528822795 322.639115061
752.174664473 701.035354862
665.671234505 234.261985096
744.032339464 464.16366423
239.084661009 624.495162708
750.635952611 329.298291542
578.440316626 205.406776449
709.134757967 519.726002632
600.934510762 267.244879778
767.973581329 213.747857914
647.444164206 371.406326357
316.710671366 214.616742588
293.80941893 231.586641132
725.4813677 694.871554194
318.24835514 268.949000039
543.702829789 175.434424853
759.895692672 618.881550603
559.276442975 248.218802175
302.312987893 292.121025753
784.052789926 152.95906455
320.519280031 244.481650569
263.622096266 655.056955222
739.963099727 197.320788326
691.729494675 386.816931278
264.472382643 228.13339607
701.489603004 279.490153568
473.54462886 186.609661894
446.576176762 551.368062584
260.496548073 607.900550693
690.854179069 338.022922495
749.512333594 482.010133277
644.103998505 278.83380241
739.73281078 676.737982965
764.246723012 700.470927793
689.797079623 517.827019761
734.551162013 343.451118213
669.515207544 310.656062723
751.6127701 159.240594487
450.797806617 526.247800039
572.207351598 222.043644885
643.886101911 234.800590554
696.816520521 215.396668731
730.486411012 246.57918678
707.640737104 352.997012072
708.904198393 606.518084282
735.487533734 699.748295642
728.703944175 390.858009393
684.479602532 492.818990013
738.950353709 218.505327512
725.163326544 648.282157983
706.877558355 673.095977284
295.478659094 255.061459201
381.821209175 198.499198079
735.129860374 304.945577109
715.118513232 453.505884665
767.405210597 643.524577784
446.715312581 192.325652545
651.019493507 330.328053371
733.793419208 412.291285803
764.944082554 346.400202286
734.56390689 486.376423045
528.01995178 211.823348885
283.03881743 621.985382064
703.647356948 414.918493722
240.081975292 646.809146289
718.950455886 484.724075766
737.051850432 572.424441373
500.491975896 169.10575061
517.794429352 185.30957292
272.117497828 263.891542134
421.588487798 171.989969877
767.999887478 678.750676911
702.699238821 558.469149695
489.466638907 205.371339405
741.105579527 596.990233612
262.895095146 630.291524517
764.11280765 185.662470807
792.019288825 205.118374623
776.373610131 228.209810091
450.23931731 207.737691712
714.901840686 575.015693066
286.399279677 644.13679571
675.420049307 267.410746856
333.196803841 285.296690356
762.132142755 245.907658554
693.35686918 625.324479516
281.206087155 209.350670173
720.178016337 370.614665099
519.427827735 244.765704191
748.691297183 663.599286622
682.964521496 361.488463584
772.451748304 156.373339099
714.787689289 527.096661197
787.93315209 171.852121372
612.463714398 235.391821473
766.980154145 366.133942099
250.318789992 242.046376961
716.996690484 600.671360306
