345.424363405 686.387414014
453.940339754 418.284014209
658.568383498 727.48369781
501.281146829 718.246390225
410.443577966 638.860464029
382.087798442 651.009678495
704.354324237 705.596082718
684.116370517 698.335227689
385.392534939 717.66833799
336.488746272 697.284106306
386.190519432 697.882663436
369.056048779 567.638448321
393.637595483 676.829663887
366.07034642 664.143867724
617.851660758 735.741821625
366.08935061 646.633701499
378.771132267 670.518514441
678.793016804 673.920737884
438.47738911 218.329419292
431.51536789 677.481051258
437.651731727 201.263836286
635.421165323 701.865285066
701.604876738 724.043095463
446.486862389 658.326479019
405.796385467 437.228276132
426.045624131 247.687715126
615.684353675 707.892237358
701.242889639 683.659324548
512.419464931 694.435410285
357.484857405 590.143434281
414.383655944 610.734472311
488.869895431 729.765103971
457.721314826 675.266763247
401.195687102 661.3838856
364.096332676 700.868433014
445.136006108 492.997880067
467.809573122 652.231511387
409.895168899 704.192569181
478.071565819 701.870719417
248.840152088 355.336173919
678.951172893 715.529576134
459.251955802 275.110042985
667.328021094 701.423177317
415.311273186 505.394619899
454.999424695 257.494509225
409.992001522 686.297692655
598.488441643 715.540687159
539.582612167 693.271090234
442.085391636 686.038984228
562.848858616 731.082120506
433.308581519 457.930792143
432.41689203 418.160174778
435.07730132 642.303211365
364.925541756 684.376901186
585.942589096 721.95345447
417.432261986 670.016026688
333.29724782 669.741428017
452.958833583 639.96823535
639.915591435 724.320773613
466.849170962 191.432831441
459.654662427 693.78858692
327.224831503 683.93807219
601.496084731 735.429260179
416.947505006 470.623795874
406.571915484 582.372925063
368.878541917 623.05384698
691.485075886 711.904081271
385.899822775 515.445711263
431.608627732 590.302178436
424.15528889 654.731756387
432.963175474 708.906280661
380.915400583 685.797572332
626.580560077 677.305496777
448.226543442 438.81929
497.641053463 683.99285068
473.219451657 714.700399012
399.481804482 544.285974339
486.403163113 660.643655121
564.168618333 696.247940107
406.74439793 624.925142184
655.566750446 701.095216352
399.135052411 651.649483164
540.727465416 666.156271782
537.400800757 707.952373803
318.099235432 698.041581072
457.634893523 711.725408194
363.869333716 532.571451215
442.023966835 279.074416846
438.04438185 548.448358383
422.943711998 644.960441307
527.62676337 724.648804349
384.144047605 490.47617881
654.247639314 679.956983802
399.839305609 608.766852867
443.99305498 174.301588753
517.251025844 667.960289016
475.618499233 223.429144863
584.625240246 689.84793149
604.994625984 681.882905703
449.551871486 235.139268927
