420.198094859 666.457505694
375.112921419 441.401928108
410.475362216 637.842365027
412.73008284 621.247974103
425.591406524 275.686177048
477.347244264 663.610699988
681.919517391 704.578047795
650.172001779 705.981249214
478.475784992 701.357052958
362.937862017 692.62826397
427.952512885 709.411299763
127.855798387 749.10477235
427.660601001 694.82999585
389.3371574 670.359040431
577.601470044 717.385909113
369.614980061 668.059882115
390.399126844 706.413710191
632.443106723 487.531186074
365.812638169 473.590116267
322.714514709 695.937624661
448.135510485 125.839678733
633.634964818 466.926846782
602.347818025 722.060911251
385.527940215 619.089207333
145.82686536 722.208135665
355.988302637 590.764583769
445.635906382 515.0105393
467.642407443 538.722763819
579.55877139 695.023187414
105.107658873 746.639809031
439.950294495 658.571723585
410.633222087 573.225364372
477.065120839 130.155972197
376.848886375 537.211113872
385.824314264 714.416550958
290.337114155 715.267108719
450.472371234 256.149353963
466.019549899 695.119688621
394.999206386 411.53198307
443.805259253 241.198783272
441.602402292 637.252282975
472.619310556 108.852099112
584.372051456 732.343982632
223.451709225 706.594420613
386.507154366 603.770971464
505.45520597 695.864575793
641.282439315 683.021095695
433.901798368 437.672952029
411.360112558 515.653043718
445.720226481 546.092352862
259.955917188 712.127774679
302.589228015 694.563317841
391.600516859 374.115348943
468.277079248 676.301217062
618.082111025 703.08399353
314.777651562 718.693794878
354.548270983 672.361752485
403.564754496 471.106333558
656.383907375 724.830188713
458.365937043 97.4261210444
413.243648616 338.789490123
383.085699429 681.230750589
444.59275958 613.489598337
266.144690024 694.083797271
351.018307853 646.328893064
131.062237472 761.187106837
679.508749366 715.588570739
117.288960419 710.203942398
406.390188917 650.471308199
450.618911405 691.95780655
425.116212862 602.278272004
414.723596267 704.655350481
444.874328635 310.929049832
353.063119764 608.47336906
424.557979729 548.556276906
379.629883946 627.381064998
147.373558564 746.434629144
427.609075129 313.272964734
419.255627505 393.39890226
525.634175098 686.154988683
672.319022103 691.794682427
391.262950574 696.553907983
460.606072602 272.952546872
435.310788002 503.142751957
415.057538255 685.000680276
395.708272801 574.835457322
99.5119346741 729.963930365
461.80303332 143.349068454
371.320399084 644.552532111
415.163343871 302.584349092
556.560950578 698.467292533
122.115717625 720.743767974
478.420995136 316.389486276
391.437482834 653.525653086
454.968013252 106.236336366
457.5652133 287.852944205
370.40495474 403.710825239
455.774456488 451.327567614
435.752341578 357.962514509
374.099036088 506.145834859
