296.108048773 515.084493178
101.182238205 325.838908266
458.170090482 616.694283954
489.945106634 649.857277071
95.9992105167 648.975698381
36.4171820955 655.866876622
72.8821703405 463.275526931
698.963111536 690.569654402
667.856109155 684.73863016
39.7888913771 395.795406918
199.905637558 518.094641385
600.946686424 503.822027877
56.0926464162 625.883901075
165.702678994 449.338040896
54.655220162 672.329932826
635.932359484 676.595147897
657.980897049 659.379505487
118.677793674 610.095105561
100.469212062 654.456034416
87.8906647601 89.9075093587
54.5082854881 381.800844724
646.741057107 650.642762526
68.7618200447 672.22710309
68.2580546332 442.041280388
128.273598156 532.155070681
71.4024233217 655.406913523
35.1159001977 597.559349598
466.364423507 694.517186892
187.386792164 443.313748139
481.068767386 678.15945801
652.809144166 699.373581337
78.3562028929 240.414036163
409.035923902 670.245116069
168.271582321 553.018371287
69.3846901191 413.991231008
103.719992457 292.647897062
382.459372846 680.875270173
489.577499995 718.954115495
663.823921163 624.160430457
95.1188522607 222.689900557
51.1343736356 608.054344237
94.4950134618 612.531315648
232.485095211 550.80655735
87.1247377333 480.64084414
146.750465318 598.205188573
66.0281127399 116.091085704
75.6563480858 634.489127167
118.545451815 550.757663317
74.0567080041 611.960428371
373.763653131 645.81068173
172.172913771 483.724258746
138.266862975 536.555158925
398.065060273 646.895277395
521.94836921 668.124718521
96.7733951774 686.087851458
142.513118741 557.151842701
79.3374764941 340.523422502
90.3773399814 385.631457492
107.435780024 95.4689776508
677.323819243 667.201688973
55.9616296127 588.521496506
696.72389403 669.132687227
72.707302105 387.720434608
83.6216692901 591.450514205
111.416875982 584.806004072
56.1248280114 356.981921718
673.603855556 653.889047855
107.452439174 567.618587074
121.403983249 640.354829994
264.896609911 545.30439154
687.427788607 640.413536718
173.046738508 539.708437365
698.453439485 655.711141969
49.8330119655 429.611069728
91.8078368295 420.381232396
86.4985986397 673.812795452
427.989243213 600.221971131
100.589146726 491.610615663
205.314178496 461.505469416
85.9987535557 116.025732729
537.18960733 357.60543944
132.270309628 138.358214395
424.994429653 638.857852041
86.3231013402 651.285526792
136.0490432 580.801572348
516.87030543 700.954012272
102.23970354 268.446036513
398.435893988 616.839432395
685.041227672 683.126203964
110.230272257 117.816310477
60.9348196243 570.948279998
126.07174004 492.722397061
61.3027844429 648.169911958
85.4967270039 75.8852437813
119.94941213 517.606421743
73.5037375907 92.8086645615
255.036195111 526.885629631
39.8910994932 642.705361277
152.878792316 513.600294096
65.7363283007 589.876334779
