638.582958426 333.153947882
587.521589948 305.994583726
649.605626385 368.255805707
712.854675723 454.754332678
100.425509441 284.90301759
657.682104668 452.308635635
637.015394417 438.162839252
631.461926133 298.27254122
199.150500286 336.040321549
179.61813165 306.563964455
631.513604665 603.051970741
652.581882092 401.771622893
177.089159483 338.862760062
643.683683525 617.415428891
131.854986051 290.714454636
647.403185049 462.240291641
651.219009729 379.513224508
150.130699203 272.283099312
665.089496612 432.214647414
535.606093535 210.845738128
603.971607303 380.619921257
664.942727266 364.623356619
659.691744495 392.062458372
686.497545898 541.911817229
658.391849992 321.711889513
605.297167091 473.012061189
656.026765936 168.546643284
590.599930552 348.585056276
697.241915457 365.306556847
476.736479478 465.510461984
622.103186046 409.332358414
669.061866301 566.901948106
703.538370699 479.676858018
649.046477073 540.308479921
690.953491321 402.852193705
684.803470331 509.89113889
609.128981103 298.297334105
416.96250747 449.786159499
661.162473957 512.517139622
712.225879619 394.344977931
406.487796708 101.455769618
651.342954353 409.361082083
504.442999855 460.339535108
683.013942328 476.503600968
646.837778323 275.625881547
653.044761567 634.167594998
208.998303129 614.922558223
684.938094058 384.527169895
662.756736749 608.354012038
716.105231912 413.977253955
441.651493939 438.633839893
485.180429594 426.935851285
474.167186546 440.565422351
142.465053189 341.934562101
686.217043265 443.098274356
148.692069194 312.074967288
628.229500229 558.502122708
615.697051496 341.765708542
648.326800595 573.872325806
591.581073109 281.684469081
680.762645418 404.646454519
629.428812237 494.513862653
694.56118224 385.802324808
565.201433256 329.048084178
656.344415411 294.482800239
628.502027788 457.618397288
586.530091945 320.358743026
469.733918054 400.23793458
528.092434317 411.529541177
645.073036564 420.266136313
642.050527246 500.894143738
671.920655791 445.98220736
608.66071783 311.954397915
655.102604035 484.325649148
421.394672603 409.364907244
688.566074575 422.995479653
101.69639719 334.878028494
678.552691937 353.300053578
622.323845604 354.965968355
281.781578351 236.539254669
621.131728211 383.007078965
667.225448263 411.803845214
458.409645723 425.512799411
139.970587239 234.597351455
120.250409857 328.968349851
700.503474127 424.153790881
689.649817464 459.029116672
510.706948131 428.143314456
675.539880395 489.39983296
448.092555438 468.113095749
672.216818413 388.070876382
446.045460458 398.175745915
631.8507104 587.997973306
226.125517707 623.1752388
574.347187187 474.093267989
660.125589262 461.554632712
616.481139924 266.004533924
637.823398826 520.419556677
121.930235752 307.198256672
99.6771471587 304.802703774
