567.974596237 702.540413552
651.979987399 695.488735951
255.45650358 738.418931036
347.711730729 707.54173901
406.060091209 690.470334563
466.668626877 707.380326064
660.683510626 663.259699242
640.14423721 653.31976267
291.5217661 710.677771997
114.612277406 669.238555971
254.613298501 711.273540299
145.05323545 732.173297719
493.784946338 691.555067186
97.0614508081 744.353433133
147.02210633 671.18212078
199.267911036 709.184056168
191.685226694 725.470817532
173.67176587 706.138399081
700.66370214 701.6955101
508.022302005 715.994458795
652.159870618 670.682885525
118.843433139 745.088825996
687.065723265 662.534859178
147.860764418 688.23306061
238.104437756 745.3505146
115.001946293 681.923874506
699.108804974 645.880094684
478.463807467 731.949490367
652.898186055 679.341505747
658.618242945 648.688714187
542.44453505 658.309876683
321.587630977 710.424333444
671.149740517 667.382606282
235.210598104 720.092334984
526.423938232 690.598368799
604.182035685 703.564024299
243.662696769 668.700803624
450.239642266 742.841537274
698.265188678 665.166867804
620.62152489 683.469313771
443.231427229 716.575643496
711.214038709 682.31677739
369.692801122 684.123664262
336.342535137 726.251628358
457.693378601 673.976587012
559.451549812 680.206003777
164.003456987 718.887920721
687.526443323 686.580843484
140.592454481 749.238140778
298.914750481 727.292542791
354.008380906 674.194883325
709.110435652 646.172137028
587.328230754 671.839800375
217.882753735 687.971799963
377.367776886 701.319264083
338.295709658 683.987518259
112.026709011 722.992470881
598.715662721 684.204626967
196.439235254 746.133629826
590.173443347 656.660081568
133.333913732 716.704560557
638.485627924 698.805949167
640.294015489 683.840063402
672.820943029 681.375349053
115.295030292 693.789893328
591.132304173 688.36143139
620.450079028 642.771388696
678.644849864 707.610381717
526.818664543 672.642291215
664.64663386 701.651952095
177.878226391 734.897338453
302.027459558 682.324519506
725.409579572 669.497839844
104.285122982 699.695327252
438.380878643 691.659743076
410.09965388 712.834528855
173.927405801 680.843634122
684.184780662 674.150484326
729.026609313 652.57497448
391.484321145 668.368285615
725.493977084 684.190236047
278.77196854 697.045933932
639.784177517 665.628131981
260.419909404 686.068482479
324.640727386 666.507293501
232.266771492 697.304885166
137.99544999 697.396686702
422.897882973 742.605110693
97.891122667 711.526758519
300.02883048 539.575462062
388.796809255 725.011055062
546.895911959 696.004393012
170.462693263 751.32145684
616.504391462 662.629122124
362.831727556 719.918554271
360.497794655 737.868441859
702.902230967 674.54291229
220.253772727 724.099318719
277.582588356 726.588894281
200.330861239 672.840639174
