191.926207989 360.95181408
446.281002528 318.442385964
224.672711957 437.285766642
366.833863547 297.498656128
279.411130853 415.732679624
40.9772914622 306.048956241
91.8945468239 370.402955154
55.6985116845 168.985228169
295.178043358 402.134093543
283.290773792 275.101751749
97.6595512933 341.913577127
245.599236628 427.79151041
160.887483607 198.47327403
620.303291957 318.506170055
286.62882004 362.507164647
676.136820435 293.841568154
601.394382407 296.073181619
327.510782753 324.768323407
332.930465842 385.455209593
173.141179916 297.462254375
690.382393837 318.874248252
636.922370852 316.008428851
115.779891213 340.729630562
196.451358398 217.638302849
27.7254370844 117.624662825
119.82674046 183.762898933
241.311056013 264.314068557
105.531858787 219.375794033
483.657514637 333.531094703
107.318826675 369.957910029
72.221072777 340.301079715
140.323707881 228.925609771
25.4132112125 92.8750424713
255.255075532 303.189474058
206.581448142 393.777898672
110.55312988 350.256408555
327.533385118 293.426968504
69.339182741 362.569327992
133.239345483 346.910870296
245.2542808 246.391105001
221.994444706 366.937718744
217.791152434 419.35784434
41.3407201407 91.7821881067
649.166493842 302.63806939
697.842131703 307.149869814
121.339362132 138.073889121
452.494282115 284.280217223
647.955173392 340.472143002
39.1589484424 249.569046539
92.875591128 258.014338357
401.60793209 329.762242475
123.19281902 359.362824325
240.440901864 404.917935654
231.100625941 283.172558452
184.773560896 290.215191764
143.674678354 325.610750015
484.57824472 277.806546274
104.865974691 321.581256994
222.433306557 308.065861887
477.223019543 314.160305768
108.832684806 266.604954377
70.9896943114 315.170802986
666.475554068 282.857358791
354.462811482 361.041248435
101.558857194 100.614509869
178.575573116 334.070187122
183.0409253 419.52082699
508.14083428 327.44595854
83.8009633693 118.24968999
355.552201737 327.606238851
245.290810886 356.569772422
690.186292942 288.34756407
50.1210397315 104.377858039
165.412484804 247.777616873
270.620418689 340.405007613
64.0702858954 89.2896030766
163.463746563 414.023220737
669.596488502 317.296465269
50.6437027825 238.146365875
264.872723784 395.251436041
211.503925583 338.942786124
89.4141513311 348.220678938
413.270184448 298.170085951
88.966975071 312.54990277
626.328885374 290.089857552
307.398078312 355.170970216
91.7185147505 150.895252397
127.330513253 255.460973818
288.026343471 314.632698873
16.8973462069 226.111333841
38.4510568887 132.850280626
71.4929827665 225.622467907
32.8165837415 208.326947154
660.440837354 336.071605867
197.368544081 449.19044051
72.4905042692 186.783973054
308.897693857 387.472856267
309.918243017 342.269523858
57.5085691334 328.810472718
329.675045819 276.85722883
