537.045877984 159.25348864
438.147443839 266.654328133
589.872189983 131.886216621
600.559674937 388.712871001
133.896244096 265.288801969
117.868542001 227.563891433
716.406275406 155.710444536
532.929322429 234.642661974
587.100049186 301.593704123
114.932845656 179.177526989
668.015069492 364.887677149
578.174591768 462.929932411
109.82286203 209.509500986
674.069389492 288.304388932
601.237101424 270.364624938
323.272832841 173.465055882
568.881844283 410.112857494
157.768361808 212.863104733
138.681011912 158.408116631
707.800713938 131.950200637
506.053382185 219.155490087
629.664839063 398.402784683
229.524531001 256.813353901
587.971644113 213.079107553
573.485621432 240.043172208
684.353099389 204.169862379
100.889922788 187.93381504
695.137261359 151.946448106
422.86517076 272.72936027
613.966065452 307.729662368
364.862595707 161.502753613
115.91520265 241.446951897
687.109405376 133.360984381
421.149445043 307.9399187
621.758101171 206.599799375
725.704727018 99.1547445278
696.478313846 168.721153098
301.908860477 229.464123106
615.558011033 169.120620077
635.782772218 304.019032859
269.507974577 268.581568925
152.906984394 176.084198235
658.488206432 382.704117971
691.701739165 100.642271467
415.520707287 201.094749864
113.953722781 274.593743661
349.143735053 187.57443975
242.36782652 271.285303749
620.878778011 258.222733398
709.009365666 116.336825462
734.015088592 115.904384887
386.196144535 173.392923732
560.246393454 390.134247253
536.255837516 415.059107197
139.5509602 236.340428994
330.508510052 205.506483071
534.674387039 174.737878499
747.232514433 101.887875173
661.521961216 318.055277162
532.174181667 443.583988382
715.356399903 183.751982421
561.884672065 450.31193181
402.81206887 283.46729587
131.597133269 186.720173716
259.915154796 291.819340964
632.563958456 327.211439389
571.43546036 426.336195613
174.862774268 172.428726774
280.367524612 301.859207906
688.027243254 322.272867532
578.843104127 106.036806144
706.069331546 240.94585521
578.014527264 145.938870559
669.908265011 337.818766753
615.324909275 418.12530756
135.668789617 204.733155881
587.180509537 167.603152543
711.140968914 99.9726587717
490.450477037 188.624663762
741.723075948 135.531075822
557.690370002 145.178715377
485.416431731 224.840487303
507.92972138 695.582977019
294.761376997 257.806467762
294.574558142 278.727501995
656.450172734 274.678072027
460.972737294 247.956348462
521.118960168 684.97091404
559.413142932 291.090137295
690.820891114 356.431086373
410.544382329 154.55375613
651.123265694 357.691966111
100.090181986 250.03820716
702.932114813 219.191793113
453.885236832 277.612935492
575.025992832 256.84108185
568.961810941 179.112154979
99.8797178732 216.502239081
636.473437863 356.702959966
444.873782125 168.663196391
