452.315067936 296.245418783
485.346247483 181.824049783
533.645786145 593.364063242
502.591988413 99.2802117044
402.170856111 152.347946061
350.690768167 191.06157564
374.946439296 184.772982951
530.873398166 195.65295934
470.162708494 658.031461124
362.138754259 354.898819744
485.120402283 699.263339026
488.676852795 352.036152783
416.300939646 127.291587908
504.637151411 699.202971072
421.971877607 146.511221103
409.808167101 202.760992648
490.278956198 264.911311778
459.007069164 113.704447009
609.695817545 153.849198962
508.40325155 125.15396506
476.443118539 227.274352164
499.340849557 308.521432227
513.747389217 57.6181432889
395.480979333 360.796413396
476.425548412 288.402111953
379.464332417 215.850481116
568.841865229 187.644799952
457.12981979 195.209416865
666.633663412 165.426042052
434.506912705 70.714805466
350.364909659 411.192283432
520.492351327 618.508333736
409.69379689 298.828559894
502.63225331 597.329476781
577.508371797 295.608559854
400.674202917 375.472479005
420.081295623 332.248387539
535.35390873 78.5172664583
565.554376415 158.48142375
603.133187755 216.768878115
556.238800628 26.5788432178
690.269289216 109.149081099
421.292829527 81.7501808089
468.824830626 152.717267655
517.157795964 242.614206274
529.014624789 699.808931252
363.088543072 386.68573384
555.142148152 225.472831737
518.062023881 663.287088583
539.397949846 300.703166567
560.8853374 68.0459818399
457.806039169 70.6129497917
564.959728949 83.8505141144
403.451326763 176.122506195
480.873246071 96.7854063939
404.847149246 96.5533695809
447.536244334 390.391559383
522.518881752 157.818690166
525.435602138 650.116102336
546.267336385 122.308602707
469.166650156 322.087775483
317.970599729 434.147736939
634.423829163 186.564730356
596.629633056 47.1064334738
435.750704838 356.775066475
400.830034795 233.390298834
375.832652528 314.656678934
598.291834591 71.9657453717
327.90216567 420.108556327
675.714801335 120.106900537
494.946614091 642.667820227
442.674820858 118.578523203
602.591992436 118.976975601
398.765895971 406.237249822
531.844514711 52.4000738644
501.064527525 72.3554761541
334.771673111 165.116670035
600.980036352 175.0520941
654.282935775 87.2567191439
346.403144827 329.135245728
644.405330304 108.539298207
511.816777601 373.178646496
579.795537975 55.9721905146
438.920478079 145.891565186
359.108722122 158.614910269
515.754821643 292.094724813
415.699265078 389.986322995
486.31449466 134.828651149
467.831708768 379.371203679
436.248052386 49.5177866317
523.531941843 329.955687392
550.895547024 46.9398059321
479.004283188 674.043531234
526.127102981 681.888185794
430.074883597 211.115076486
453.072853844 150.112244183
649.817102506 145.359883248
498.581971085 682.547611868
434.933182468 170.724886925
379.063573383 151.583684284
