394.684670515 649.937207265
466.057697654 605.244123147
159.4175723 675.196237892
425.711314643 541.560939822
476.466166425 527.78649158
437.858498327 586.470321986
634.776804113 641.417978375
525.000869004 596.204200719
366.226151692 571.333600752
178.616853968 601.931752423
342.199355344 571.563652787
215.10293255 623.902914288
473.45542823 574.847577009
99.9280554338 655.981327402
224.107474717 594.33055723
394.185724248 411.899238887
371.890608778 499.08148507
367.299635362 436.427753528
559.699442147 671.276299213
369.03001354 606.168622029
611.024183403 633.180475172
124.903609387 659.264204438
672.512515803 643.137105333
305.932269093 499.802565884
125.163003804 691.441920971
197.352082504 576.780348431
656.039872054 653.904840156
370.471995126 621.505441385
547.525352091 627.460286928
546.288463712 604.138669144
522.163179624 647.480253122
395.795747412 561.083020658
640.060804604 662.011908488
275.033201758 632.935710908
457.934412083 649.931815057
408.8474283 668.754556811
431.36887295 373.529345283
374.10973973 661.469933027
677.96259994 665.730565564
495.366115331 660.247339622
147.521810176 710.141608354
699.569803342 703.276350938
464.090971218 491.893331884
388.793846442 592.916992187
497.539659924 552.497074423
174.683116299 717.646364343
309.297732653 548.994248102
629.676401929 690.772876972
163.633000138 658.372913463
320.384458438 614.919501339
494.984138448 466.927604574
690.371797661 655.331712677
575.641761629 655.431526348
411.582528755 391.437478011
412.04859297 586.364237929
454.745715497 464.63820793
143.983812127 638.150850808
445.396670395 613.53558771
300.072476496 591.364435149
491.166467961 592.990370099
182.299244133 632.393498136
406.199607293 612.263638569
543.017231959 674.793804621
608.603291349 665.233793736
234.3236875 557.32778616
397.259834708 626.464841945
515.744942981 591.176220637
435.529775436 638.452930135
478.048962194 641.967673478
420.111934037 642.690539167
262.997392177 598.71367429
454.634841853 433.69254329
701.385892609 682.771078784
156.436328841 591.670072437
453.548213594 554.272688791
390.29393393 609.218861285
374.766837301 397.848058081
660.565040453 681.918888406
703.064728782 663.557785151
502.412036663 506.898579144
680.700462321 728.885198048
416.664823762 503.0283078
520.831366719 627.201085489
437.961880671 420.649740846
475.891062782 414.40808343
419.820650259 432.460079958
296.109078003 467.834702875
359.099251757 635.86076251
119.54180722 636.844840119
452.109785376 396.491204356
103.711299341 714.955675239
381.423791844 642.318224295
238.010021752 643.463363808
495.478000616 634.626460757
295.306896476 647.888308967
132.338276821 733.415498118
676.766906968 692.158749085
371.663000194 542.03915842
210.62095685 672.830832146
405.633191079 368.909011499
