107.164126022 438.673029813
683.699165166 408.689554631
646.869071176 362.495097515
140.189505987 413.577060256
693.420662413 384.634305403
120.47297963 464.65957086
145.787678474 214.538359541
614.049617421 380.520522989
100.228505153 420.237583907
71.4463024083 252.769396779
672.807924173 360.192416099
133.21465352 456.971364714
107.868413329 606.830642623
99.7182809946 109.833111054
82.7988687515 69.8156935369
89.7975565469 712.226500627
83.282139389 147.315965207
80.0474093154 574.978020534
81.6110537683 210.629950837
55.7301667888 199.178151439
77.0377003969 133.042415403
66.6424613662 218.275296414
62.2209004153 623.342658664
282.569928429 335.605423104
463.937214769 184.023968948
127.747337704 427.903634925
30.2213035942 326.627073838
291.734719498 361.220920798
44.1482389163 222.987304974
258.922925143 368.890277835
242.707744611 341.719286385
105.311593491 465.672282363
154.099073972 460.007270478
109.290216272 401.008528319
102.399086222 356.587291414
168.788298408 449.702510079
84.2789318067 365.10547357
120.737959328 497.384545556
47.0620762407 321.170160937
214.250842473 346.564237005
66.4745368515 739.365321609
316.714798423 368.917045618
57.4180902651 267.541822413
180.526930101 412.515434366
473.940818228 218.189154441
671.0982769 386.271912074
23.9955023492 249.929713827
37.154073811 269.775475046
59.3082037843 76.8333281726
156.898687379 436.864032472
278.761454436 384.612774447
158.071724411 482.042540666
68.4409814325 724.777544795
117.343806415 565.494738392
178.513919178 493.524885453
297.581718583 383.532880506
649.58305072 396.092977565
199.026676791 416.629333362
72.5796872046 87.9009459564
604.438931522 367.566671714
79.6507431873 301.023608007
120.816613174 422.933246191
100.722048257 312.828043593
69.817168045 118.546377402
94.9846166915 740.563378651
103.731162686 494.590288307
88.2510475911 271.314509049
72.7970166424 767.403883763
100.243421819 520.863663239
196.878273994 328.697191078
94.8205480047 409.422553983
132.493117386 515.876488662
107.262204151 557.406725009
142.649790564 497.924034941
88.3713522333 397.117241556
98.5635248733 763.533709436
122.639980882 391.515129926
216.897742655 369.369993887
92.254920764 597.576901947
235.567324739 380.196245297
92.4457791925 95.2679576489
69.4922112701 336.130998598
119.38321711 536.77202072
499.31262534 172.031719789
189.015850567 470.453900385
85.7801940616 619.316564643
193.322509115 448.887576706
84.8025606541 646.573146429
630.329918593 378.237407158
63.694377389 604.860959258
91.802898417 546.682277889
160.906209187 413.606824955
136.012243803 479.390017083
94.8337353521 447.602870857
42.4613299791 186.566105022
53.7128450138 753.333834228
72.8320759669 99.8170655598
52.5192580756 244.525973677
48.3539678946 153.396000973
479.513997087 168.212265959
