347.504525425 573.118499889
572.30216009 677.233346321
263.859477737 648.13866187
396.095819453 753.710986598
381.691996822 598.463189465
103.344117115 631.321867305
141.874891152 698.255787563
533.344997591 495.00686783
101.541584554 746.551975796
334.656649019 518.741669593
181.375939695 649.530720732
326.57079301 641.181504253
433.768332212 725.726824087
629.596372038 643.010659215
113.669297377 725.809940115
700.5576453 623.255240577
658.822231712 596.69330222
256.91886163 690.406164794
181.019743156 724.56400854
238.259762277 568.284033891
676.781470635 662.155182249
656.620255325 637.000624491
453.101492744 419.295876484
519.622527916 647.779927894
543.731121881 419.594028626
557.351729236 477.157636243
220.117858534 613.350879558
399.561247446 670.809861632
489.406957821 747.652676322
247.671495222 644.588305673
89.0046600342 664.718718587
409.228091911 729.450467003
524.813706634 392.515578004
492.347388134 395.388128021
305.453179257 602.198211157
285.151335419 578.407627701
437.100352521 583.029646022
99.9693685098 686.380161021
491.945487958 447.663030603
131.275361568 625.862011285
459.155826143 454.26626021
294.085113114 653.657355979
518.238724765 364.836066174
683.116963597 628.625218471
709.932884298 650.074488495
515.048165539 570.894076789
466.915376936 734.090110185
525.887392785 286.935566891
491.788421464 722.848362677
553.468085092 669.133370519
378.434842044 681.825527913
389.022589352 552.130493699
287.939454356 636.721333934
196.058771227 605.47635581
119.343703557 652.86588895
333.910939546 567.146892302
631.418195465 619.229303519
141.104808566 679.954445304
356.514625416 541.414037826
584.029934805 654.007489933
579.549303743 623.040143829
216.636342547 642.171015052
678.145643718 612.38212119
285.683546523 701.186095897
555.803293462 455.480069381
482.350032902 379.6992749
172.446951936 685.876742032
609.517162569 624.929897422
527.282539247 616.123344487
381.974896784 646.284161818
490.741154327 419.385674593
695.244947035 603.697944516
535.840735993 345.697846772
556.418219177 620.811711807
101.190418846 715.984760737
547.449555143 378.128313074
115.875793941 692.521327108
697.411853811 647.493984992
494.325323423 701.522645714
349.769055359 608.599086252
364.789871162 638.40697857
146.38998184 651.444527164
406.908745254 774.210810931
259.96097235 616.528466983
652.200142059 620.355880673
144.176921848 722.485299092
461.852915002 706.579058479
560.305613253 648.42472941
403.814391754 578.141542697
431.979152039 753.364242971
521.975242712 452.034898438
463.707927018 758.056541506
386.885474425 726.787557868
616.068153243 666.281191615
163.048745364 710.328247067
508.79076963 528.8232655
130.400827968 746.002526825
405.88339863 613.853568424
99.230345595 658.107190472
475.859827335 509.413350465
