226.640309867 656.655002715
594.936605699 700.897472895
200.625242427 672.73337434
554.109733282 663.290209368
347.736797874 699.34542613
89.6479230827 690.904545362
141.109310425 735.73541375
479.128490529 155.49158481
462.033394788 723.332154052
205.597653335 621.902230733
146.224692075 691.549919336
285.812539574 695.380110184
483.69029593 306.117781266
662.489430235 735.719797426
476.599043182 702.578044514
713.953645367 722.663873151
663.236697806 700.326324773
538.062401373 682.580498542
524.4605634 716.983330046
148.755220561 666.111484404
716.836624434 751.941963692
683.735986645 730.533000588
294.095855714 650.813351864
502.371183008 324.695347304
499.238476634 128.617673793
502.273107063 179.470370584
145.753221244 645.97909025
464.885901124 322.3524302
612.381763674 713.097303981
171.865531191 673.536211902
96.0048441165 721.342233934
476.212688178 344.139184856
494.006282381 118.164894967
385.016529621 648.911482867
203.914717128 647.115170574
177.806512573 636.640391825
531.153629974 664.074418841
99.704678622 727.855519585
406.929949785 670.764464799
122.867674995 640.651638031
316.794849313 672.111466624
243.59984818 675.938521939
499.488744259 99.1768424838
699.640789756 714.633346977
726.780210478 734.82851331
546.947619472 138.797339849
599.448014012 672.230998174
682.706923731 744.280098874
432.115633241 431.506288633
448.955293135 420.593027862
577.150594418 695.137428373
265.969197185 652.254810131
276.851502548 665.820245491
118.454638486 666.620370202
100.629739458 668.611645882
225.107839459 628.936999275
612.188175038 655.886666469
134.595762904 706.572360457
252.076269627 627.626718107
616.532271252 682.378726468
470.071996356 401.29984491
105.286066666 693.364725026
708.834710791 697.265878651
548.181762505 701.129100896
544.836342977 109.968987945
355.644088141 653.178839863
173.53106915 698.436326269
642.216432276 693.865361121
529.544615999 133.907060329
560.506875437 679.624874699
372.694010825 669.693065005
721.900582005 704.295902743
519.243187403 113.313468089
499.026509751 345.380487907
470.072824448 683.450905923
532.323312606 100.205516293
118.978172648 727.279990926
708.649275104 735.759415353
453.922924259 402.904020279
373.435043371 685.768340016
453.781363337 667.124956498
112.912088762 704.991766162
583.870941079 669.012160038
124.733365035 682.186032226
682.853055735 693.566140315
520.489354662 691.366749207
522.716227187 154.092504925
485.638873062 378.783908553
492.169759339 657.836254226
440.439144741 396.659083602
499.77571681 144.025314363
467.888133955 364.315860022
448.442085734 360.742260694
703.414215672 745.087423283
154.194001987 712.484986868
468.171110653 178.628918641
502.552631381 710.083035387
514.05145188 671.712259557
87.5888485013 701.927837917
523.951934824 646.591302637
