414.505829655 646.234031478
530.108798021 394.432857279
681.153536203 651.5264011
557.494920135 662.983514978
467.965527662 583.430767001
436.222177282 592.567177649
713.812439121 626.61979651
696.342407121 619.493627651
454.376762491 683.041272215
410.236735886 666.344069524
458.860627122 665.06622945
437.912645797 531.723664289
459.087949089 630.944875165
422.63844085 607.994559391
654.190565738 665.017797671
412.918158821 582.885567534
443.192399859 623.173961252
686.202811262 594.535667413
518.419851667 216.316447107
500.365947607 636.992806574
517.610375172 199.536275654
656.28925382 624.738111909
704.784381391 645.131957382
510.964457522 611.035898297
481.996953612 413.410546243
506.009187615 246.371144743
644.445689306 633.433111449
705.122369326 604.110168383
570.203693453 641.147540344
419.952481508 546.274065563
475.930783802 560.284192301
549.00367377 682.457136502
524.654536359 631.609830093
463.662175916 611.444376056
438.391370286 673.19434751
521.236511081 469.478131428
533.260104282 606.378868927
483.256295316 675.356016695
538.838669192 652.147712102
248.310489049 355.277396578
694.142623614 638.045254034
539.173897371 275.862450286
682.520269321 623.151513025
492.527964689 486.898487145
534.900052438 254.226202634
480.909088038 650.029080182
635.886930949 644.99310461
589.143474142 630.696038293
512.255559643 648.788841378
604.055194109 663.047290941
509.177834159 433.426884429
508.010987653 392.420942488
498.689796662 593.823930336
434.122401012 644.43310908
625.571313063 652.723823967
485.628066572 628.309221161
399.003318508 624.669511945
517.005927614 592.097487645
669.898830872 650.754458092
546.747229777 188.937219475
528.156548833 655.047425436
394.062209782 640.574975944
635.402290276 663.405473549
493.173861408 447.010976349
469.886034507 535.647772788
418.136585538 562.032578614
701.553199286 635.449084049
462.496707003 495.846773279
498.694246125 547.621615076
489.714875699 608.959173445
503.521240722 676.879517881
452.255736517 649.977113819
648.896118169 600.56194593
523.184680238 411.312067419
559.119676685 633.387036023
539.623125188 674.312214604
472.378365231 513.762275178
551.87077133 614.783633913
609.355562544 630.378418258
457.590755894 563.726064224
672.394576604 623.410944146
454.774559124 594.447664801
591.793180543 604.635013699
589.918480731 648.431017202
386.981209777 657.816552134
524.91383278 673.036864058
437.540308869 506.418612818
521.84604491 274.723164561
510.193789087 516.489322213
482.569033753 591.81059396
583.066967848 668.967964239
461.123234289 471.401063366
666.857998045 601.135393164
448.421743167 547.176962253
523.902787198 177.429312604
571.424486629 609.172294617
555.492600718 219.592969794
626.16190471 621.608211186
641.304409449 610.642905036
529.508274993 234.945009781
