208.814589282 528.877133337
56.6773872502 357.347299027
402.501465753 398.132811102
17.2733176852 300.685304562
426.164977832 430.64049786
65.5483723926 404.582260774
22.6736103817 534.663040242
63.320937994 568.915992352
433.057051308 386.791015833
15.4183803077 147.435736953
128.329718321 446.291751743
613.316760009 334.085484012
26.6656081782 111.111446264
72.2239818829 307.899726123
628.0185172 245.490347295
92.280864989 266.943764723
45.4531401884 293.25231505
611.751031695 320.959028399
443.920438247 409.483849036
269.591343431 496.457491769
284.651496999 359.899576023
57.6869056745 277.24779852
62.0228021394 494.449633262
42.3138672404 106.041524265
197.615581292 457.584315536
16.1518926133 126.31386251
498.560265442 158.994590947
571.557862107 294.940854344
649.804747752 315.273778994
31.6952274112 501.185475682
100.003275665 432.368962249
28.0870247197 143.803243501
262.29707052 391.799824921
12.4152296001 175.232322929
251.338717623 555.296756064
77.777283663 479.750105471
90.949885988 145.584842288
47.0422961517 482.774552941
31.6532817743 569.623449232
524.484064361 145.710474291
262.597515547 582.746973853
332.757880364 377.508351691
259.889128222 418.363827291
518.638175557 218.195485549
114.727576991 283.072852942
17.4996096336 99.7871734023
74.931931969 210.412069016
648.82962677 292.024898078
221.347810208 414.552037961
80.2148691986 557.639399875
357.85467342 347.334743565
45.756886093 524.437679413
286.813035843 535.629520053
58.4083378537 118.578065151
598.191178764 268.123750008
93.3052273451 531.56275021
71.0528375465 174.067158527
153.538377387 449.391533603
43.8533656985 148.801237086
40.5629405817 322.302669791
208.60763069 665.611621041
102.804640429 412.965944495
556.948859624 208.592106402
440.665974354 370.881547957
574.741688086 247.524736691
242.818928585 537.165286688
379.787035795 380.743332117
628.053549966 297.433535655
264.509307753 477.39127492
294.223236529 515.282987009
605.944799848 304.235642092
101.864236111 238.603840241
255.465634268 444.21935898
18.1311786061 132.313944966
22.515467726 213.989183197
232.98643433 513.730852263
350.119346961 403.532667279
88.2428509416 308.868118351
50.9195339785 558.715779674
371.128481278 370.830325661
590.099715478 290.899012664
109.008661267 462.005195019
30.854415348 264.244225473
184.341283325 427.719586757
100.701766073 191.943769229
637.961966143 337.335731203
595.968176337 248.919192597
261.331841105 524.022476417
49.7530703543 206.230696983
196.75214869 394.420741927
226.334279993 445.232881947
168.982828999 501.597156233
64.9201383454 535.384022663
79.583849363 354.334895679
370.411688435 418.193796562
220.703228575 494.74121194
405.025617749 372.06550384
620.703360843 280.824734432
10.6527424426 260.340421468
69.7366114541 133.330087543
