448.916322649 674.797888539
511.464282167 644.038460781
154.129326531 732.862971566
474.636876605 576.194567309
532.616374886 548.603139602
490.181974531 615.594735841
648.063112774 699.869975097
567.394591568 638.658778042
416.518895961 603.998070454
193.455419288 660.039491243
382.620374068 615.575056863
223.233107757 683.337095859
523.70877166 607.566022396
101.622889393 714.922325641
234.797030934 653.366105176
454.05282985 412.818149765
414.533012131 539.276651931
424.629639162 434.521075073
587.271077898 724.391922526
424.030335788 629.922979724
627.992817275 690.689855117
124.822163835 718.51476647
684.460783285 701.64006637
313.85018891 514.957309065
118.372599608 746.150817759
207.165938477 635.946998984
669.18903753 711.839986856
421.319880543 652.682325628
585.045038443 674.085536551
591.844842324 642.891790672
555.39292227 697.191264518
446.650583527 592.44523007
650.547431748 721.077841029
292.986809434 690.004927601
499.798997199 692.905656052
461.147303425 696.18095998
491.237710247 375.257810151
426.733771502 689.004983343
686.898843866 724.81560935
532.138968327 707.251009226
136.410284267 758.942816351
700.829060391 760.415259916
522.349501697 506.171488994
444.279348943 615.524431765
548.308572494 584.456523517
161.904354839 759.901180087
328.571165141 590.629710583
639.864867099 749.338172999
166.994912227 717.300914235
354.536702561 663.666326207
553.35936353 480.282847405
701.834466601 712.887065358
600.800938002 709.432194373
471.538407447 392.546866467
467.118710552 609.888829764
514.411392892 468.968461639
148.126152745 697.983506552
495.897482283 645.755008551
323.978812218 644.669393614
536.9998744 631.472949699
188.395368831 692.047274443
462.043006876 633.625796064
571.664268084 726.515614515
623.692210958 723.112625648
239.230889178 616.374475397
450.840679957 653.095835029
564.920428207 625.288284816
488.596224269 666.109815115
518.424523986 686.269963899
473.286558029 670.007589937
277.015249267 656.988585683
514.593925717 435.446790582
703.562537605 742.485903158
170.088338248 645.481350787
506.090123319 582.952674949
444.687905787 634.498335747
434.691433076 398.255547027
665.569339633 741.680219349
715.442930396 719.255005304
560.952256055 519.844219744
685.32219922 778.515785458
456.852004387 541.811595163
561.816348499 670.825346674
497.833635592 417.246798211
535.861072304 413.247745382
479.684124768 429.868607627
302.102871627 483.817181015
408.90581813 668.894164586
121.413509029 695.674688736
512.065020481 395.240115692
99.6239358102 758.274040182
435.423935568 667.897207243
252.832479139 701.541670454
539.071907246 675.744726796
323.513895726 700.761366982
120.993697698 777.086055754
687.421440544 750.62714213
416.284989305 581.841899581
219.41858175 729.657367016
465.524162949 371.954896956
