260.904863978 289.017926484
235.061279712 728.723022108
332.228682098 671.999940036
296.871444299 773.40582344
250.816126082 542.727135341
403.852932592 692.603096441
221.946379477 389.407693827
283.449201902 120.905530515
244.561030056 173.075654295
346.880036634 694.63460378
387.672829044 662.216527783
257.709736592 257.479213902
437.991295472 722.484928997
348.806578558 640.189617498
252.455177754 693.305983328
261.81357895 763.32389437
319.457891585 664.929796651
236.747774204 117.577420056
335.926806086 704.456222969
250.697604738 367.649721838
308.995343697 690.07261424
239.67326866 100.401051975
336.711166738 647.177213541
228.982746577 467.801920158
248.061733316 343.935442294
461.478118888 717.303399124
222.24281384 698.964853804
255.14921484 213.608899986
219.138130958 155.207353019
192.271218375 750.047745816
235.480246658 354.916779701
275.146117525 354.725736482
394.360597361 694.50463942
405.22868824 666.515993634
224.431541698 757.102880736
315.829250746 762.200203953
331.825169444 685.987667273
277.052701352 186.064383839
405.993243048 642.957412005
241.628096506 258.302250179
153.009144307 738.068276149
255.132256924 403.820441209
237.646177739 582.02614936
268.699345209 464.925947665
264.526434631 508.566953534
292.420922597 339.571821455
163.855919377 765.915244026
248.128319498 757.055515163
462.553827781 693.449723982
355.391983899 678.446231486
272.045463496 382.901822144
294.707946413 731.082971819
282.845582787 756.032377495
303.864472492 678.899904605
248.184200928 235.105388258
280.55115912 100.310868609
366.689825123 657.523550857
340.574749466 719.985913505
215.282097133 234.699924728
423.744787947 686.552266089
484.832637872 725.117553981
289.962610777 158.873278614
382.140357058 714.62290034
249.663439613 305.909600832
245.055998645 445.304191208
463.864488331 738.222133337
218.840594073 429.834254378
374.222300525 694.990808126
316.996194182 699.599816731
222.151003542 124.961427308
227.581241595 193.402161815
265.745863748 715.662829903
233.341842417 314.75005389
340.222100337 739.036141233
276.77812874 694.494825475
229.117718948 277.929114794
317.628328521 719.147368118
243.784496807 416.497169661
262.001896655 157.194804816
262.6975599 117.322475256
274.104605159 138.939848955
245.355862684 386.258057857
135.351886029 752.360855677
216.292198829 569.385858473
251.932194715 567.794318804
384.591678943 677.754121875
267.710736007 330.248681362
274.999859654 731.470452588
277.79379517 674.12253557
286.929996561 307.844909357
239.258956931 510.77793732
312.611154249 741.074713451
445.620461861 690.542743298
252.341612055 142.092561197
560.257282857 422.318907923
269.764885649 100.128060101
231.256902855 551.793388105
288.607303167 241.462077534
181.827255976 720.277027189
302.007067799 703.177505718
