515.446987746 621.565817599
421.321960434 356.036977069
162.463192477 224.763550827
388.760336807 357.120051029
457.063574911 240.545090579
387.140795501 389.290176276
589.940697291 245.323107089
480.368569283 273.357334358
494.948262831 423.380128774
323.926101921 269.288656034
483.022242722 533.591739762
346.162422892 278.95225638
448.489776857 275.41794253
101.819551694 198.195714106
354.286895667 256.833563898
502.258633194 86.0178796376
401.239842217 430.986116512
484.886796257 100.822491673
459.351310051 365.184621285
506.566822391 524.225087288
541.91351586 257.228204177
143.275708858 210.304742098
626.220309961 215.632949613
365.814219621 203.268878992
127.079666443 218.141242518
317.091431988 238.102349263
554.742987671 263.713379384
503.843547975 557.658895625
516.827593481 253.610430581
585.108961981 206.939446263
418.758722026 379.221651188
421.357304415 405.772958462
534.535860045 302.198838611
408.863999778 261.964835157
533.807246263 627.002259989
518.092933942 649.527629723
523.637750613 45.3542251704
489.639019486 640.404195057
605.030880979 275.402203953
520.215447478 387.927591242
125.244685794 242.803451936
534.313265523 324.401026865
519.442983663 161.695976584
448.830425334 426.08427001
527.254101196 204.474438374
150.027501794 239.674179993
409.345151014 212.057895086
571.692031181 480.797016541
184.989367271 216.386906698
435.111081693 237.071901097
550.001524505 139.047987544
618.73951064 234.169330466
501.936716869 283.015643005
509.945201341 62.4752407172
451.903326022 397.064793257
511.932916871 128.984593085
167.580223559 192.682963355
481.132299447 359.595909983
426.899376631 213.672531894
424.588570246 313.597452397
293.367145362 256.655271838
546.438283806 494.217769302
560.511140165 506.674715049
496.480602604 319.076587196
346.945322943 226.127497466
517.102302102 587.8562451
545.835398203 209.425416414
540.430313653 533.973454033
472.701573081 396.78405853
533.596331869 601.68359502
374.853724984 243.495037657
541.102854256 95.8189700818
554.297072974 354.598689452
291.044939837 224.149089008
411.443333802 284.93104542
523.915251498 508.054617851
479.865555433 74.693002624
497.238790209 357.063343122
627.44654414 250.480366814
545.738126432 160.269240076
532.736009886 567.318408831
365.594240528 414.043690585
437.406863726 323.988468064
514.874736535 83.4577513404
548.474365217 73.7927874884
509.770269214 98.8309543654
338.926256509 187.490766084
479.454780796 585.719301095
133.799591025 177.665962335
523.287696383 71.9052979132
92.5473738176 224.084062051
493.082678941 606.946121215
368.652455512 273.057400379
462.394067082 315.902297782
418.722318472 241.83975746
105.573673771 227.088336151
567.576474829 283.294100326
433.037942179 446.917271502
334.411530513 301.825960673
483.58296897 54.1453790583
