618.033482662 130.989281528
200.359620801 24.3782552235
627.568875184 95.7171330754
764.452651318 449.675119184
690.928633466 642.770853895
684.461133068 573.70292383
597.827390193 110.242282854
692.668887203 104.369027071
681.370241864 141.166582957
125.683446212 11.2826760527
703.691880349 204.795779429
737.070683833 594.595226737
110.930665159 54.6292697132
712.933964089 168.970820509
682.120109117 171.083428431
312.186521844 507.413904757
203.978053926 75.1345423957
130.005028637 31.2493502306
724.217309359 429.322014896
603.642767884 84.4953188204
636.087629388 140.77848041
646.638885864 186.965984372
170.642754617 14.3465798471
695.697146925 141.074456606
701.802803518 84.8033105567
667.184194121 109.886415614
105.816208654 22.1333640265
488.051685876 42.7211817756
186.662158741 42.3728483777
687.67678773 129.230826918
608.008472581 145.149792174
678.489605281 679.382349818
522.111947348 57.107264867
720.972940728 558.664028238
674.325513124 76.9812774526
632.891480338 71.80316275
499.051596441 62.500180874
149.95771607 35.0080422171
672.003207084 58.8739772793
704.488918196 128.661609406
700.31327011 598.243040332
151.808512281 10.8208946351
678.843543311 204.374809613
527.247061959 27.2051274733
631.402281821 167.298235886
688.826202319 663.076538657
365.111248041 433.78567382
230.423423126 423.506084898
702.615730201 149.904308729
511.135769228 35.1012891491
613.75376053 101.679767652
619.090061541 151.160870713
720.042493638 487.406300407
715.187466248 583.267220566
678.531466927 594.458433766
721.482191202 458.104585984
657.29513108 120.815061773
645.029315377 60.4496356295
697.239306481 179.331573621
711.348326104 698.347816617
587.199442012 128.100887386
727.297819459 620.066311921
162.484503567 51.3388611877
123.829729467 11.2626238636
683.69360125 699.494424987
683.591177034 193.674551912
250.034317749 412.397463885
639.296959027 209.913639944
703.509686122 675.10723036
720.706453988 193.613959412
683.877822968 70.2613489017
705.800097736 54.3149801444
650.591070595 91.6479782233
663.22326136 178.558856945
744.532261771 469.986515497
136.178955389 63.4366646088
663.920912018 100.006327007
547.538773747 31.2126729066
679.550508854 95.0055591639
632.642553704 88.8634437464
609.687030239 104.942474598
663.537549568 125.007464296
658.721833237 193.891475515
691.775142861 562.741613017
699.149383349 619.82087011
695.246512877 164.849689341
742.6185862 442.178158447
659.749984639 210.760337852
661.221513886 147.845131506
698.328725949 193.647988827
627.735688419 116.287953796
674.362575764 156.15478817
650.470040384 690.828639157
688.035450275 51.4046767403
216.470330093 49.5426509162
682.200034999 116.623068601
633.820588255 101.894764263
653.971704865 661.699378267
662.733340953 168.653116843
636.523202967 126.333129503
