193.796860617 187.488515058
118.395724342 365.279620673
452.994253253 519.007236499
74.0099648809 680.614839135
335.598302526 469.449902237
25.6162361225 645.227373713
131.968258689 240.095468687
246.825378874 142.001869967
194.470438163 134.084033303
455.66081889 606.73160561
148.324760294 413.655302991
207.254642893 226.935858379
10.3169505062 668.778783682
392.996357469 414.416453766
129.667472281 177.494765101
385.298487553 528.98185618
414.197450997 457.877871272
175.7179545 115.640515916
128.746638238 494.50724645
299.283652963 408.862462381
121.259005209 401.963956908
190.243761328 97.4082008101
303.980907919 335.564611966
113.522103404 213.959124245
244.005267787 357.977838923
43.1140065777 696.437675268
86.5748166015 353.321427568
196.565094137 162.46200229
159.300590966 105.261885519
88.2523125296 423.152703983
150.656896945 204.111866431
290.022657519 368.520720812
81.3597694504 697.113578612
158.7068285 494.863719032
83.47966764 383.227148996
60.6109755562 696.0146231
126.629893701 431.955515219
241.572956306 275.212125547
151.358222311 439.092484995
169.602826651 200.195095181
66.990490755 416.563120735
351.702741112 431.272447622
104.795376807 175.971778324
414.426221498 489.424166333
377.531878062 466.49616167
328.21128257 397.795467557
91.6452145629 447.285447685
97.0359505792 382.778701945
74.8865568808 709.32376997
131.933121295 458.959928211
270.160495218 304.166525603
97.7711399507 643.615240106
94.6589860441 623.449086478
439.351450244 505.127995559
170.263755951 149.454072475
214.740794578 145.988979391
451.414149896 482.599178721
122.45831118 641.878371734
137.401210931 134.37575732
100.054938485 698.937214348
26.6765235823 675.635297943
264.100436601 158.589607804
44.4178266755 632.593374694
204.235577642 282.08177964
300.140898293 446.708922831
18.4745218482 698.413893584
126.908659205 101.721407149
122.739701907 676.744829378
114.348128301 476.358403771
156.533762913 95.7827302878
156.233323152 129.263934456
354.967340305 507.482324171
166.88100341 227.611587279
94.9051488956 685.977689021
96.9382260433 427.839906814
144.493482318 166.462079414
101.094705999 659.995929128
195.96000484 331.4777689
226.395977913 118.114763145
196.80825228 110.487813871
231.345421724 226.847170677
263.194030363 402.513197449
77.2036795877 442.928210268
89.5781437772 336.197126974
114.029440934 141.882199112
143.255799846 473.760178139
229.436914347 318.873473747
415.865409536 528.612307479
381.259835998 502.674340095
259.948396671 336.296490141
94.5838953305 110.086874984
81.8076054591 668.843996902
42.3896195416 658.947217643
210.027433995 185.629475329
274.759717037 191.209484772
210.735811832 100.033158842
107.825578906 348.339118217
231.674915971 183.839957466
76.8239064637 412.639107359
103.911632462 445.613224999
