500.535538295 705.339459765
487.584736874 649.56916836
394.769541686 568.370925981
699.445880624 649.634180599
123.262731471 648.299212721
298.659590983 458.276196388
322.411320488 511.375569582
428.062924432 323.237235805
211.153968143 633.3390761
184.548164008 630.21719698
342.152578726 630.77687185
368.028505682 398.829868361
200.613118808 665.032633672
386.198018001 654.729305996
147.587619617 639.540200178
316.659116759 572.943012451
393.24129215 434.647685668
152.873308509 613.65236853
333.728444461 406.193497447
561.569222142 239.822570964
350.583929541 342.330969594
420.497269088 568.136113645
378.559738211 573.990276615
414.951609757 665.340977012
465.678894569 350.280387431
293.17429361 503.05966258
646.956368676 214.42451323
379.18238162 342.441100538
699.177271838 611.738707523
258.212007722 582.670221217
330.235564427 384.572182587
657.260071059 651.809500171
410.200504708 637.814715098
349.297802544 616.83455009
422.431039946 605.665736968
397.771264735 624.426873067
420.44264979 352.558290877
249.654091759 641.902564554
336.603503601 586.617925759
699.375076265 635.233271101
427.938818417 109.956243587
299.298358149 411.078512482
255.583684883 557.807592679
337.942466736 461.48682003
457.581469686 303.258676297
412.404215075 689.527543979
249.519827713 667.489421181
415.500728016 586.439939011
410.563058507 660.528501915
676.247600026 640.916882197
214.640846846 576.95302079
249.281821038 524.191214328
251.344666966 546.161471566
168.531853566 694.101890782
363.931203933 585.884533102
169.07243693 663.212019723
322.985557429 624.754063174
475.380918489 691.801976223
383.408388017 637.062976829
396.956189119 325.950703747
389.636154894 597.055508668
296.790994942 567.195036701
659.40489345 625.453868336
472.635917124 672.821280739
461.760848 331.936486678
294.713196963 543.212610834
503.422701563 679.527543972
257.628248143 495.09189839
278.342178615 496.217565581
282.939172368 442.147529133
312.29329089 607.435415822
325.17681901 441.624907168
436.75411991 365.751659752
330.481367338 545.125918956
212.203749965 544.20205274
411.87131293 616.940278685
107.845873321 708.145663373
678.422319581 613.423905571
413.679423782 400.724775964
273.987463982 271.79615367
369.28425812 379.728782671
362.644583025 423.624016949
235.022443638 551.588996973
132.589895728 271.782379815
146.559318354 714.948201406
685.745970375 680.850961815
355.444795681 445.317649814
272.540906241 524.427239625
384.362843392 610.356740525
266.63632106 611.755951796
403.043695007 591.888928915
227.81661621 509.271073605
377.136649053 618.985958121
217.766992834 609.410189218
289.236605189 484.693217119
317.935824771 471.390301251
427.438690708 300.106471661
345.125481594 603.854848178
130.065280007 677.704385644
116.622266957 697.794235011
