512.052202734 243.088360713
780.861580103 465.951642903
765.020142421 421.82234306
345.31435776 446.916689851
786.074926499 436.922045037
318.805651715 436.075674922
536.41343739 425.601135834
728.524690223 441.946916891
498.310029673 209.48199259
706.471730098 496.369484354
783.556416035 406.711782079
315.486754393 452.051279943
779.970802199 579.742502287
500.676918275 470.154395525
761.184020638 100.469570595
766.942695335 597.905626169
499.904968505 486.682162274
302.800427361 734.589074527
525.030487516 437.290779108
263.015111879 680.237586904
468.1644048 470.989293605
662.724359344 494.925419614
694.11381886 572.915205763
605.039783275 428.635298472
710.905468701 468.279778485
525.860108956 238.067688011
697.880454236 170.768135219
672.245615609 452.728133322
707.373051644 139.01955225
637.590726754 453.07618087
589.765783437 430.910288067
308.511833122 411.20003267
244.910156507 736.530780015
450.950490696 444.97288649
789.687638689 506.381934688
364.176058031 470.931897812
240.828513067 704.804169012
307.84340202 464.128873835
710.903126331 188.714531834
576.883270382 446.753432536
743.830867622 594.215354278
765.444419408 471.437373095
294.503365452 682.585511386
703.144717078 517.663066754
612.422438157 492.420898428
752.709019591 441.890987825
727.187221692 209.257537767
737.714634744 183.630107178
728.852821054 101.082608151
539.980775007 211.755080832
733.17044318 477.474362215
272.267215342 727.794751226
724.448487968 584.642786097
751.937200479 547.387805081
694.735702534 537.131099962
675.720249628 474.516059458
731.632944928 454.067467042
783.625787347 542.938814533
752.560655934 123.884011374
701.7117014 423.319984298
765.903412565 500.539778624
536.192506003 179.144247496
599.029077327 459.119881057
724.254123443 124.177688757
793.89907742 604.218339029
285.974806487 438.7781049
541.623926783 460.745383219
745.18087234 619.342344743
263.408032479 753.53295005
561.948900636 426.942263448
514.779738297 203.879025139
299.696684442 712.077575704
315.460555313 689.234608949
103.804967165 251.996172151
508.229594979 170.793039352
779.711422689 618.239359689
264.073946978 715.412450003
624.610580867 452.125994412
730.317890168 545.800749735
645.848961217 471.295081973
491.531484587 431.858176235
735.601072408 495.022335443
655.461418554 533.471500349
704.106019509 447.405126169
673.839633146 515.716125096
748.761432449 569.981097206
748.376867053 513.037252357
639.148595045 565.628383651
718.574689008 427.367890519
295.057489215 752.074820714
279.141829763 737.52693089
279.730812126 698.704480937
336.72725533 464.363321218
489.089822079 245.807991037
743.656005286 144.192469174
721.777941882 610.442803646
704.875884718 104.520239043
267.201374155 691.700871459
719.617433223 156.569470371
679.538765145 425.774873179
