342.285856753 199.261778719
426.266759564 546.468926862
397.740425463 265.064634089
282.663966638 221.391733644
471.543577754 612.314281313
403.334801118 508.660447536
413.502249335 270.472380963
509.491917398 438.609364065
338.117449737 141.59890045
603.843506153 572.274878563
699.352498314 102.182987605
270.243743466 239.886355126
537.651338039 479.980911934
302.540419484 241.027087961
410.998923323 296.973329516
554.995213785 497.161820056
263.398274843 253.503467879
474.807195014 521.792465128
425.863141329 495.572771067
439.757952003 565.135632718
326.097831479 223.471769298
526.545591839 610.402232544
587.935964212 658.541429025
430.759160424 403.058753856
529.93520216 416.439119089
366.601710064 214.956317334
605.914331721 101.386304544
461.300186568 489.891224185
443.164207743 374.767421738
402.152354107 535.404877115
608.622504506 121.208507307
430.011850394 456.449421572
393.475729953 424.539380703
519.955040704 583.845607623
538.901517839 437.163665101
573.17185845 663.577479434
439.760156129 330.941905438
560.990103034 635.978323722
628.551139728 101.58335762
497.893623778 413.773571695
610.360498804 631.115710782
405.390158595 557.226422483
672.100945795 126.866054855
303.690141575 198.580499707
563.454470753 567.870985086
473.879572998 464.237173677
663.707844082 148.160288048
496.622287196 390.475595103
464.760215407 388.460303706
368.305882606 183.39256906
593.968614357 543.497774233
448.910800518 443.210118933
646.976857297 629.327789937
587.138279331 514.243369331
583.373976916 600.958447876
473.062964044 324.132955447
670.059703974 100.473425902
520.757480533 460.991710988
390.820989145 273.393352429
450.513419356 494.777064888
497.975943211 481.215943717
379.191139538 144.347576208
538.533358628 558.844014258
450.712588352 408.841810418
317.189846996 118.124387304
265.151519857 173.434794707
301.399181236 153.625880041
625.167619112 651.26294855
436.604477925 589.822503139
419.891213628 421.242567449
354.043454882 155.826917723
632.717287355 133.707540453
476.382658893 346.275010202
405.744182102 403.797950733
366.13790093 121.761292711
542.62235117 455.771575674
485.391622534 588.902264451
517.728946578 500.814916068
616.122123636 600.036695564
443.230967979 523.19421326
379.354336523 536.526002965
398.625281256 568.184215205
592.267363632 631.969282
488.207674295 368.481041317
564.517730762 597.430867002
524.953106407 627.043171881
508.295868885 346.195868708
609.950801348 678.67283374
490.24291762 447.925255847
551.832612324 527.240052098
503.153105391 548.117863668
465.778885363 551.638406324
289.186670072 260.296171659
327.692947307 175.560012874
703.925911126 124.235419871
634.187931708 673.635922299
372.104774316 277.624380111
620.655191906 141.197583053
653.080450188 113.929073428
471.136506975 418.480549269
