703.273160568 462.000958641
650.153299007 552.943410572
723.552177943 474.356115582
740.761516481 464.037867073
684.281707826 580.34832154
696.581115271 480.691256929
735.201714486 562.762133256
243.549181029 448.000342316
704.328442202 401.07930207
709.796407084 513.719427868
729.648839085 575.319109271
620.263422593 514.889603141
270.569166339 451.37679449
696.057988451 324.097547136
654.296286883 99.6752568465
622.275021901 663.970342956
760.983334197 499.879674986
616.751335404 534.43987953
755.444421028 559.382469601
725.436719129 519.513880817
747.850445992 499.98349856
721.618240352 503.014952772
673.865958055 525.019126411
661.811608773 182.823848449
734.905822464 485.741754115
624.316500603 305.422068612
621.272359956 246.092737796
683.159281734 169.785915189
736.876297006 643.728423878
659.032424647 268.424099713
660.393296896 148.812184054
583.524173003 491.39354216
200.57718033 400.209611839
647.910577661 467.21161433
684.453107465 458.181353056
709.716133635 528.925927456
746.386511277 443.372202685
601.573202113 575.849231242
642.155960744 134.72230179
650.321955007 312.748348582
645.194070704 678.904113209
676.678290214 245.554166928
711.347737717 663.677254837
740.074344136 357.204480496
739.926457253 521.49804958
638.490403555 623.694535623
656.437930502 115.880230802
675.020653419 126.622022816
636.532152672 101.580019742
777.658120934 399.424488743
785.820540403 378.250924025
670.671913976 543.073530774
646.108716274 648.425562464
262.463229743 467.267777981
209.151528629 426.829195275
683.741018417 284.81567526
648.47066866 573.561940812
679.024871443 304.082490293
623.013063708 115.091578478
627.113548144 595.206195876
675.009132707 668.88432785
604.425313236 512.328489335
686.179704943 149.951192993
622.061053067 269.517549361
671.590011048 603.226231305
571.166678005 528.537850279
697.073462867 685.834703111
618.090331514 549.8328265
589.370977555 579.631624163
666.074040788 330.820464775
722.989332091 371.171603819
757.687476008 383.684262462
719.656443722 432.171988848
775.939719493 374.455402294
753.741739185 359.74712303
674.173157478 629.890234618
737.086993317 385.465005457
644.682177795 288.042294016
164.491942952 419.366343183
651.623215362 242.976855332
625.599626617 152.243604909
645.194422203 173.44941933
666.378490738 497.299389829
752.447355567 527.568968701
714.465967661 575.044071948
181.902189556 429.643841723
788.77121871 354.635761906
710.225788092 474.419760811
649.090880579 520.904823949
567.694851157 593.749572724
596.140922337 521.220181134
774.800781084 337.724289897
615.660928449 632.312739558
661.932287269 447.061445639
723.229573467 631.206975986
182.070392822 399.999212959
642.402145607 204.406883095
697.610629756 649.843348051
704.703201243 623.367450614
775.721774234 525.321768487
