589.974932698 217.418023876
206.461493329 90.8082063012
682.94753696 140.553845962
708.745827325 451.300526524
763.30168382 631.839633015
707.228484492 545.017321282
569.749488973 197.38268815
779.941649044 80.4512674768
759.688863349 97.9918467021
113.118566864 95.8886370276
777.242643522 220.222834122
771.110966236 560.029217038
103.088499875 127.83841818
793.818804795 117.808819608
772.043449105 136.651750721
312.496599336 495.82290546
211.05385985 138.600466797
119.035632298 107.994218704
661.930230056 429.41718752
590.615798598 168.513174989
704.456398368 181.333432704
717.414919227 221.430069839
155.949076199 84.5401572557
780.939664162 100.458288802
707.840183186 55.3222841804
734.638407121 83.6574964472
101.56100768 94.9053727763
476.422149592 112.509757736
188.477370155 110.256803242
780.649724126 96.0278413867
578.063974661 230.815285073
756.944535693 685.711461073
509.229797247 123.995474951
752.726388817 523.36735189
654.840844505 90.5233709099
629.50279908 115.150852291
486.313645238 129.069065784
137.36845552 106.056074548
636.869896444 73.1956934267
786.390731946 81.6129031031
737.479374351 567.039307643
134.604570966 79.2818625075
754.750323292 224.841986707
516.010726727 93.8768083064
704.908298718 213.258209924
768.649481578 665.185586705
360.148002193 430.65833286
232.96973283 420.044243747
790.33798329 109.068637308
499.191117532 100.205366685
645.821674519 150.734902005
679.309198321 207.614210033
667.281699706 497.801137821
756.444368526 552.427179211
715.700984535 567.495279604
664.968526803 469.366849719
744.132133211 109.234455913
617.785505338 85.5327131589
780.58339499 131.828848457
789.997942785 698.62811777
558.184793627 217.393997244
778.379489134 592.296862233
152.492323776 117.843375227
110.806433495 67.3000855592
767.854316029 698.945812504
764.037269101 201.775360909
255.029032789 407.540300118
714.053021757 245.878902433
785.963083371 678.362311531
795.041767921 131.25389596
687.640393441 69.3004846379
674.324622616 43.8201064939
702.618589899 93.1129348575
745.312717936 192.705035635
696.169743544 475.530111663
126.306341608 130.887712215
715.498328104 77.9958900148
536.994552025 79.7447347877
745.577422804 65.5433427517
709.868383355 116.499558838
598.625529338 187.474071363
749.422817036 125.867841383
731.835303645 201.905953417
735.327155229 535.764317641
758.384180836 591.391547279
777.591305935 118.688160114
687.847350017 445.553316377
737.253201893 229.196520071
754.834021951 153.788837195
781.165504466 176.832832988
713.423196851 149.121746498
764.591847001 118.463645105
735.898344075 690.917800708
652.959885984 51.7566780067
222.130409675 105.654061183
763.255551785 75.9835687244
720.260406014 126.902758505
739.408328499 665.036917632
753.44857503 171.713829579
731.042829354 140.702857627
