680.863880798 40.6536945243
276.205912825 159.439523703
296.347227387 244.931108319
249.160657928 609.800767676
163.445355851 134.239430876
134.257907743 324.596232024
375.287978127 136.045953841
364.753828408 112.457661778
185.296892649 699.398897724
652.713057088 84.9821760868
189.288535699 644.285011107
94.8644043552 151.004922009
705.774401921 17.6107423585
135.059067031 203.572519377
679.606073005 15.207629781
96.0617969826 228.532837591
154.980073346 270.636801112
258.911616089 201.63193499
224.502373431 104.693711497
291.79132191 294.793241205
231.79748432 91.7599810614
258.585065899 239.251526818
363.064607272 157.630285852
181.796668812 325.855087474
222.594259729 143.580430278
240.851297286 102.495260812
268.749410627 262.555185779
300.97953674 104.814077777
315.839859712 294.726661119
84.1208291188 195.287758672
169.855145735 100.591923256
242.39429927 683.491448325
300.87832312 277.009455101
142.488841147 235.628178715
168.633686365 674.095970331
281.870518309 231.095733138
194.094237705 297.353234316
197.986110754 679.716565773
202.587482573 586.801090669
173.045180034 383.8525874
337.708219063 142.206991208
313.720456501 118.006772197
307.124048374 140.266821352
235.896149976 169.800060301
321.748503019 103.782703684
182.570152973 609.206525956
242.622814395 310.545076701
202.133985509 332.076107608
210.503021209 628.31767476
222.78508271 576.664740398
278.280301725 205.353936642
224.163351538 123.590194841
158.90006238 230.173844913
706.664127552 48.3664379936
671.799429504 26.7851337578
729.041028192 41.9099960679
155.441984268 341.48579854
180.640366216 260.143953586
308.758875922 185.669337651
255.738798562 100.174494651
223.716628737 612.260354099
290.263403163 265.155005957
316.313838339 274.386336946
232.537692997 150.930796905
124.079556604 133.965081638
62.0242555821 204.481293643
308.40791152 158.452442143
109.51904309 108.511443934
198.109463411 117.322951954
155.514121007 311.456531534
203.249767789 698.509295147
161.493524184 570.976676458
192.820459501 160.871118885
238.771660461 131.06076133
688.048698653 71.8514067847
225.116606115 700.612359132
107.78343884 166.092994271
182.122256115 357.959785073
268.204711932 294.959494657
140.264916412 105.466106794
338.808659667 118.748973119
138.700342856 169.190571739
205.078966868 205.35060303
194.420892199 556.392598784
667.626178327 55.8902753252
211.867991487 664.557267653
67.2552401697 164.735324594
277.80438806 116.871152386
221.510118004 209.934163399
161.672261834 197.270523313
234.753424216 646.462420886
78.9504542809 125.834687794
238.332154178 187.022549562
103.396931878 202.155495288
204.669025333 97.54676963
249.963792448 279.436401923
291.034851436 91.3899308345
227.821310391 277.615990362
228.149394646 256.834324456
256.221198986 131.503512866
