433.604434658 475.19310225
532.080635532 289.916084804
388.718575934 283.544292107
455.033675837 234.481089031
491.445755263 226.102439478
477.29979 278.80226966
635.603833675 156.856381739
560.549579159 157.353793599
417.098925438 233.784052935
112.657231023 139.785715881
397.015576297 234.075134717
178.400228619 205.126487494
513.498797889 250.298893378
100.205941866 215.813719997
142.409054307 142.84799519
316.875425683 194.237356987
312.431936811 211.677137075
287.126002103 189.400338106
576.755894551 279.649345443
416.120408612 422.616959881
612.356364571 169.827534099
122.971354918 216.105212461
671.285207915 149.53551353
204.491689552 163.87884743
369.741766076 286.628311338
99.9988976827 152.846147196
646.982207187 127.285156048
416.328313745 443.84553258
580.876383349 190.637358199
590.912268086 145.463108527
575.33951017 208.669708776
430.24270413 236.307687796
654.47473764 166.038547164
375.977689637 238.644783163
424.83753394 396.849524351
439.334744518 495.816548903
371.163497509 158.455872229
402.187581657 491.747616863
681.512538613 162.657084042
561.346944827 233.857730817
433.424017986 326.87388739
681.891905968 211.499453199
471.455696053 211.858108909
439.322856895 255.254608238
521.956808118 213.343738412
447.495278922 355.74261439
264.715553189 199.647600563
634.170620346 225.860873094
154.738405646 221.109686349
416.964004826 267.170377466
483.251395069 187.082106526
692.006685118 130.610789346
604.348491383 198.616188726
338.253673821 174.532489033
462.319419939 244.956936049
448.580374145 200.283800413
123.305295187 193.537854081
494.224331833 293.457857168
314.824648103 232.499990574
522.063843063 184.571411292
144.916872476 187.394064617
458.370476012 434.667057114
595.354255598 236.173263829
627.203475814 188.017320004
123.631078763 165.016061254
432.34036206 455.594673799
529.586886233 157.248559007
493.901208728 439.206472065
538.588199575 222.916802391
455.445957248 468.991183515
288.270957754 217.999833191
425.376598991 193.577328307
701.340517644 173.410816706
99.7032543615 170.290008062
489.441625899 239.003177618
448.746271384 283.757926987
260.291885897 158.875089551
650.563596834 187.245668216
702.902191841 141.357724988
499.596210226 190.822269931
649.852822305 243.054316365
414.092211517 208.870492883
557.208189385 176.195106365
385.563633474 181.212924457
448.107943448 174.999135785
355.489138658 186.61348695
166.645410989 169.811525912
393.443084653 453.530992224
101.239209458 182.603482149
391.815570938 141.635969008
402.982604925 339.861802535
411.767566166 477.142485347
286.804137695 236.17119341
545.556267853 191.60669974
421.811822452 282.215143793
384.24987847 350.853891422
671.449682369 191.289637095
340.102049883 213.373475289
397.271040111 272.611290984
302.480645704 154.808204029
