308.78954596 245.896996349
262.982050437 331.45785311
306.661272409 199.601553897
462.878268663 508.099223056
352.306992088 668.497544004
348.394142577 616.804258174
271.762900431 171.572377071
466.941953604 346.092422536
464.382412676 389.803862592
192.321344341 319.053753334
616.460641262 523.909606589
401.91609206 648.653129173
146.372213436 368.076923809
612.606922875 474.670499406
531.267688966 459.884176835
294.497066881 517.74891807
250.029109017 385.781269573
175.911361205 347.261736551
420.844451289 484.779563092
280.473006785 138.600887537
352.443723397 323.325516356
421.940926627 431.030616532
239.870866787 325.120851552
537.370263168 423.735707905
508.058560146 357.677280358
379.630609301 286.069374045
135.40431195 341.969139981
232.795004401 149.007204046
240.832658242 356.781362276
493.192390007 396.763675393
307.177334257 277.123244692
338.933942933 690.819869698
252.278442762 139.397748992
385.837363361 611.096181496
372.835402558 232.814059264
300.992977466 99.6845937906
243.7105521 187.479742484
198.64529352 352.841672263
364.357658868 200.577374832
524.887951122 401.073910026
364.195051564 645.844633732
216.939045693 333.121346088
581.256369195 518.578647613
257.463225851 99.1847690367
399.951541924 381.227475316
350.114255162 688.588543739
363.363444053 442.286822965
225.03196163 428.012897718
573.293689831 445.547386208
242.918153836 119.258607636
298.929033467 137.834689016
318.532721272 300.127331014
416.516869037 526.660242772
379.09095654 630.893547834
341.56917475 633.539144324
413.36597539 505.729237404
394.308641619 328.167190603
317.148778063 125.235403633
583.324279872 484.300756078
372.032742043 700.659797336
270.092638476 212.821557898
392.45914471 675.088175891
218.195790651 370.162157874
160.012992307 341.351912968
344.186136639 704.201046276
554.619535673 498.669233943
240.778961267 422.856632615
424.434698066 467.520979321
364.153638592 687.517144577
633.157433257 506.923505957
403.48391626 260.815383441
492.428705994 317.441897349
332.778700545 208.259200924
477.938386553 457.219141372
433.820071821 521.217479508
175.180051523 387.628362458
351.667518397 229.973641487
269.111174582 102.829783716
432.408411873 322.738833263
307.376727714 169.408592239
296.585340525 226.031600842
430.565254089 362.362085576
488.960067531 483.746348278
354.229060982 598.988650409
362.719188148 665.523561093
580.195871595 467.994442285
437.895244319 502.622629188
508.155731787 509.452640006
438.628377229 390.773682317
606.130535014 508.65015301
327.319246948 265.430595466
491.514077727 431.66558154
311.3767671 697.746633565
450.30892141 292.402689055
264.01013774 366.868612842
475.869484477 377.85450884
325.366918949 239.808746275
314.562431414 670.439999852
453.897023739 429.930169888
341.51792722 287.11155476
