143.712492598 194.939245987
560.19441758 223.986439513
538.519580593 30.8623492953
81.6476657481 182.003647264
624.805826603 321.601060252
533.950396493 184.970924089
553.734460244 45.6189349672
698.896480205 155.58324273
117.671661797 158.164330305
673.771774084 389.387868971
600.266136818 109.308323515
81.9175031746 203.062030298
700.344396553 213.560723043
102.365812594 202.771748647
537.079582908 62.6164345831
681.091111763 248.413093784
84.9654778266 222.113466432
626.407931265 219.834001695
551.544774418 171.120812344
582.603810859 248.149223898
123.708409576 208.943690697
643.418097109 423.518819619
635.42396165 676.548632423
463.6664668 68.8908433374
693.990984566 131.091043337
164.158343895 211.514629273
559.185104843 94.4230632278
598.091144012 179.1020591
524.781282315 72.7147915929
534.574340637 211.938426855
560.850605493 118.055556168
506.180571812 169.188185317
404.85069328 94.7206532309
635.426759718 388.317002465
715.615672162 151.916919366
613.940695503 680.710958068
556.114636044 57.4496366818
603.939898343 659.970770834
573.955285947 92.9627195378
554.83545001 151.461916018
647.295516633 636.68785712
542.086039978 235.592112826
617.432434047 144.050002601
98.8173511515 187.28036943
653.540047806 377.728459312
576.165435186 157.253336617
591.042478249 157.097295156
560.662370631 73.6233811075
543.051483815 75.1099953513
172.344779001 196.524252129
666.93243371 343.455524686
528.891495209 129.102928398
643.154324545 659.617598807
682.87630152 275.654364739
619.356611154 605.588334861
586.659974617 27.7549257523
587.892709278 89.8975245506
701.124459211 178.591690613
532.027853232 49.6117782028
570.806704353 170.123175396
675.05604861 185.620301763
176.696055315 177.510135204
641.540963191 348.993522287
511.861482979 85.8954130289
102.023222556 144.899959127
69.6300527249 174.797946752
89.4323866957 167.646684891
654.811072767 677.417253483
614.988744935 290.678335871
437.275111375 82.731924699
145.747490692 181.289044388
576.338654994 134.147087893
578.219825766 43.6544417418
420.307788943 66.5302134995
154.836856119 164.075741855
715.892819598 179.245924462
645.192637325 283.182420899
662.670185779 253.867657533
635.908290182 607.746621746
568.918922469 197.169015639
513.761352125 214.002013615
534.942741557 247.44208585
617.383115896 644.61647984
570.318289184 60.9284391348
655.169579268 407.361894565
595.658357774 587.285785578
587.974228665 52.648204285
626.653170868 699.621532877
644.072871358 156.504575578
664.551702519 285.803246766
656.126338954 271.977336121
636.521781735 249.456032041
98.9505825888 222.320672084
117.099804667 187.572902643
589.631486707 129.240541218
640.826551294 698.817291177
515.019185406 59.7267820974
566.557617469 141.382306356
579.97075433 111.815417934
541.25019941 109.700190106
