730.783983856 505.394984542
515.181423158 456.925565864
682.390916926 486.321741612
711.435968046 456.598836216
465.914316481 467.171487222
685.849344805 395.954012906
721.24180527 364.047496728
699.349857614 361.552716037
750.354117252 464.584354104
577.310973301 573.499787154
655.121637411 543.555564469
342.346784943 408.196315578
657.314918861 521.591907459
615.475967137 542.269768832
763.817975684 479.496772018
498.996548854 543.391350433
624.520682723 570.443631806
716.485320278 619.638052056
272.149809778 440.091797091
377.681419921 385.765600676
424.697140869 447.972899791
725.427854781 596.720722435
781.36241256 499.786650216
742.762160941 481.73268731
290.647478915 481.665477161
444.103254239 491.834359717
695.900500719 166.537575332
714.232759468 137.005902705
763.156570801 414.511932516
341.415656794 431.636893709
766.330829268 505.39887303
642.50102341 397.884803485
502.926715524 408.316612353
295.82686989 423.13704033
708.743357594 579.885176091
340.328697283 365.771106654
491.89952487 448.972877293
758.837259317 524.233905341
625.678048973 403.343264866
395.210410127 452.369577917
665.86106915 373.091573755
473.72178223 409.873992805
783.545740278 528.751811089
233.683319509 484.951785591
598.456796019 448.519419123
711.063410319 392.114293119
735.801973988 161.53730061
762.13548357 129.667031177
524.345694917 470.637894891
668.533970043 353.074393953
304.243806789 440.649105813
466.471284168 521.087254369
595.317643324 415.981591635
740.31506654 441.984979518
790.374732557 493.087262227
380.32658326 419.082152827
580.622983388 540.879737116
562.480362122 436.332490277
779.74911446 437.749817252
453.891532219 420.191151061
702.150028105 149.899666899
637.560378059 516.546752753
692.193096271 336.85304784
268.159040841 457.873125522
677.023580251 451.214831963
327.553534879 455.149539578
784.14308536 413.042158837
249.65298288 463.231493946
651.500503611 487.734316847
708.874888174 533.953323294
718.394585 419.319361496
366.114002527 506.648125678
713.318008435 94.1757245
489.312599628 489.394714659
672.43407387 417.237035437
496.067282195 509.254586147
339.324998385 385.569393827
704.156708397 120.852094061
668.958512229 324.336327092
701.476760951 376.942122424
716.725654873 177.160869253
661.568706928 564.646265051
697.695122193 100.481470053
681.935465807 176.453626715
741.677883032 558.634276247
638.46289833 426.779185004
252.545713232 494.341775236
454.467420244 440.216127623
547.801366348 497.013473175
698.205516061 131.286528987
785.545158066 451.892283656
314.7406552 395.245069859
733.07446661 105.259612077
617.925397384 509.063581349
424.669375575 396.079558988
742.031917562 128.298498361
407.41601396 480.582071104
714.132053882 197.138685702
713.497116415 110.347897006
230.14538794 440.816725992
