491.454759938 108.001620401
304.73189084 119.387315302
539.671001274 225.531770287
383.695843803 670.487723649
496.067671291 210.010577303
325.396621295 664.341466314
432.309616334 166.19887234
554.272594891 105.981110482
500.292024043 98.6486357576
465.177954181 582.211445236
452.424391787 400.239616824
501.047322521 131.210091662
310.337535806 681.884295124
566.381058008 165.728761805
432.581099593 113.238642873
507.767025347 249.579778568
540.076259268 181.865761026
483.278289273 84.6307209387
431.704724461 489.336233542
505.108652487 180.826765474
422.162368185 384.570031121
496.1720446 65.3730779998
548.614656456 148.179208886
414.139249573 141.001995695
486.136442153 166.842293134
348.076168824 694.524147059
275.2012843 108.805503696
501.39358195 113.282024692
466.845495432 85.2923341744
131.868651942 122.438124048
452.631975711 136.732440545
522.320629739 168.392256221
389.292399341 695.335226967
461.467846406 498.244845194
266.316564253 133.572081822
369.849517362 685.778482642
430.016332634 416.616137926
517.477124404 137.494673196
456.951495448 424.4527341
469.058522523 124.658075837
98.8477263943 113.213956036
523.43114998 178.808319312
409.596246995 122.183503953
523.094869968 205.114418985
519.463745859 197.898372964
526.405570605 162.146532044
119.887366356 140.175098271
289.306485026 140.583342958
382.027910125 706.952989552
436.308967625 439.28116368
531.679970266 141.758275322
403.618386179 609.387442355
397.023355434 591.335538187
529.635272419 212.448020209
475.177161797 100.649554454
520.795502905 100.731904455
551.648019734 197.199726873
430.664687277 620.015500808
444.93518667 102.984907118
409.204703845 697.061932926
329.593212774 687.217790344
569.330883318 114.100213254
334.832722163 649.642876505
480.537276845 144.831807983
484.417260872 202.604848731
315.525786878 698.807662705
435.343957223 82.8370313632
431.907317827 656.774501681
417.851234518 456.029053715
463.679754564 69.7472753323
462.972554047 94.3503866788
490.216947742 234.449633236
462.985933336 138.480684967
404.455723833 681.643863473
389.381524056 396.792677217
449.304619221 116.542369395
409.462956073 638.318584332
457.005969455 176.730787682
534.484469078 95.9208577702
503.665564401 76.0210485025
525.369056514 130.750207286
482.93765713 189.803440017
101.737275591 136.695664245
278.269318519 93.1428096472
421.074536044 102.845984713
448.310034204 461.406863551
493.578491908 158.643037538
515.758036522 240.593786351
504.188023583 224.514024963
508.419861691 153.702220118
403.625427477 99.6658900084
390.874461263 659.833830734
338.550703761 668.78377202
511.539207119 118.004430855
566.532817282 137.764527811
519.177188247 82.778614974
301.040473711 106.74175601
534.628442688 118.956173594
115.785817338 108.404635792
401.676814216 418.49753145
