421.538479112 545.843201251
231.856239795 460.745866882
576.143279475 540.107828439
543.861155269 224.131792398
131.693369928 559.899824495
125.386868028 635.031858453
131.223441779 622.566680366
428.85079237 531.744453772
232.115875568 578.711256059
233.096899432 560.840682904
202.684551468 722.158875796
398.61117645 560.509373867
182.792157658 596.132907786
219.264115951 706.709122698
162.714261449 557.40686753
161.235641162 652.051931074
443.983243171 563.44568886
209.50400314 551.677380392
317.971972017 529.747058753
236.738033973 440.71781438
269.648064432 507.732946075
613.626945264 526.63329081
555.000421354 120.303348976
266.817973852 664.392455943
590.089572981 521.806081667
137.125307417 677.616488644
573.261801147 488.230125824
228.413259683 501.114515347
658.289712295 484.282532371
190.047055254 424.618405755
282.409607038 528.947754737
264.374446076 695.901345718
232.754273578 617.074051057
257.375891725 677.126596908
673.196799953 535.355010554
252.196413995 651.39732562
388.33382109 542.847888432
170.729384895 357.888525116
244.750342483 669.952977735
699.794942192 528.834503528
210.111985998 310.080228548
333.214364994 522.44614825
202.752821482 515.440023243
192.10146086 633.921285464
545.480728407 513.890519562
237.78440572 728.851772692
245.634823437 683.13040315
640.106563688 521.237108129
262.203922565 709.206256472
695.68163392 557.158705123
192.734394856 349.142052393
213.376227999 415.175178291
205.855182655 383.602222809
146.801207038 606.731631051
526.748581595 214.950898347
200.021772726 579.394982264
238.937136285 701.349899604
261.965616082 495.651264099
242.884371502 714.422706286
259.5341889 454.592446883
618.420415764 563.878736784
193.440089798 679.202250844
678.177273131 514.793610537
238.031396577 339.46235101
574.104625225 513.99668006
154.248680122 672.305561202
244.480096593 484.553287028
230.639397326 379.021119036
245.746918324 517.191353375
301.915373782 550.995432229
225.35022403 665.65026933
199.632298106 617.95090577
280.228511096 481.038637684
209.906668538 664.405857226
181.858449745 321.146786377
558.110983482 141.688067391
101.208532555 609.346148056
615.083249245 490.83576728
309.488096188 500.26515781
221.499246325 602.192101432
304.908741879 522.919096973
415.769102065 581.556607789
218.337292993 346.554516593
190.443367056 570.213764977
112.643634391 603.355648669
666.408845437 568.054819665
251.459057483 601.04871156
216.683640618 457.63582911
228.834631969 647.599610177
188.700667962 396.240626758
653.314153514 547.281736371
207.3859506 330.607390321
203.627819763 710.587701144
229.663166784 701.225803091
167.139275451 694.594280849
181.073766885 652.757855406
405.847440854 529.885085402
227.800132478 692.716035042
156.180436066 587.179619848
121.491249728 591.01795727
