603.864823972 524.93475734
631.176178476 465.242167298
603.986998314 484.899815506
710.387642831 348.560096707
682.539395103 672.918695811
580.369511269 651.55625666
658.989390064 572.285891917
549.234400318 283.988879862
569.325262467 333.083300178
659.506228208 326.783738855
706.242208576 673.242487423
741.091579291 610.392113304
638.216500662 648.278158986
659.010820337 100.129701406
619.70562416 306.57485379
639.104487471 677.655571976
688.305915204 360.954044235
600.683053931 693.614866478
684.974696178 560.696372932
760.915834656 390.036925126
620.934004791 353.082560019
715.431803438 433.767669773
738.939178764 450.199723401
582.297263837 266.594797641
585.876434179 354.663671341
666.094194995 190.217047998
692.248159286 161.844786911
691.331943236 307.775210363
673.546927191 644.061792496
653.549586715 113.798995157
687.367645927 214.949712093
593.894461738 676.050847996
584.756401379 305.090454817
572.64714535 503.291566181
660.550676428 248.30578078
756.618229255 420.328298016
662.89196638 357.695080901
636.205860551 580.707572845
618.186705178 320.339238761
658.328671932 170.336923052
648.686167687 700.509254763
695.219189712 249.769401475
692.679043698 693.982345379
680.029777854 229.859618964
745.375960022 346.119435697
662.563309475 525.99766912
681.871645559 423.202366922
389.536550068 314.416482879
601.253964734 283.654364789
553.982624349 377.542673727
594.263335932 378.012995525
676.559968837 485.895224393
608.537893681 624.646745074
601.923702432 576.80465835
615.750584036 704.153409193
576.731201846 409.729533949
635.392322847 608.454048954
681.279216666 130.991577697
626.734006245 266.761329805
706.897990031 588.576721151
669.889877899 690.975126875
729.021231159 555.008979897
624.635201856 424.920983913
717.248341182 129.060961317
744.433642331 655.772459282
666.891376486 661.328526631
683.461976553 703.850958699
665.422922953 632.153629901
692.751272306 524.175064647
661.366388901 206.152915443
656.731964874 221.740220304
572.786814468 457.850182733
669.471547227 139.958606399
634.319061472 547.982949762
546.629364865 416.576119797
666.873471926 710.062236142
654.782367965 287.558236323
707.370827693 100.392859778
539.895833586 341.062998196
682.518269083 100.049272308
707.463912954 186.755523162
693.981589882 115.748600159
695.58242886 392.915358686
744.076996024 390.725854831
723.256611231 697.684492106
526.273975303 311.296451226
650.71619274 426.00858702
659.185865441 684.398623556
668.752795319 445.434698362
712.737655724 621.549192001
638.233476842 501.071824
725.003196516 407.002922457
682.381359986 603.55189193
142.491176374 270.983918496
702.550185071 634.909703395
558.325066846 305.406342598
721.726972581 223.463688794
619.261339542 659.058650334
670.58820438 601.978240974
718.851913029 318.251582617
