261.419150773 655.485486479
288.246087572 652.502030536
313.260959528 614.480941778
292.837603852 399.087477503
348.284089093 683.399903491
241.727137696 689.890465228
356.773569112 660.012815403
153.785363447 744.176549209
233.852697344 456.657125597
323.988359156 620.069720281
368.531820731 685.197512145
346.386613661 656.189121323
211.224247552 710.389903277
224.671816679 326.605905644
303.879927256 99.8801441162
255.275432522 715.705555522
307.40556599 366.217539874
267.393067476 688.986637433
377.385862809 664.910231822
375.264553456 614.46442649
284.295361498 616.542350767
358.507840344 619.569829595
360.029720245 634.871767436
274.855060431 311.799307741
273.515303868 630.061573119
243.715337568 289.264518587
261.326221256 131.45779084
305.926199835 190.585814296
321.075764136 707.682669307
242.343644413 349.399990591
274.3845313 270.37994007
234.817509577 717.296251895
168.085700642 730.050158782
290.538674889 633.626108335
156.611748367 709.296073379
373.966553738 629.305769138
316.30669353 237.080053078
337.273488992 667.461338913
284.238277273 159.854539927
230.279561366 383.20914456
279.786426377 724.639818249
257.511631972 313.995578708
336.066489541 721.313044126
260.081639528 419.927651483
302.935223903 423.875754055
292.546967366 665.667095584
289.317634862 192.279367552
305.014990579 145.100453386
293.915678319 132.34958481
290.151054778 384.07837816
293.679819583 341.639531226
318.009361932 659.570798338
283.546322818 671.594148905
286.276980845 636.446810148
256.257449341 699.283656517
287.480356776 439.987249401
328.322006911 670.105574817
258.215425709 388.160697022
293.395529548 101.191447727
602.076315893 652.900553249
287.738746821 698.094085123
330.683028771 645.842504238
326.684999957 113.411804051
282.618886146 99.635529245
682.589182366 552.181120678
205.351020873 742.816857258
319.144511806 721.685544765
313.968721794 688.76376671
590.627406793 636.205144497
241.767058753 431.640085403
258.456772522 457.044864916
281.384086698 454.114736331
170.877485353 689.709069848
248.250569106 652.254070778
284.177132714 411.531817824
310.896059303 701.233608427
297.609117059 498.31452485
254.895777513 213.637352761
133.418312711 759.434837592
236.189112968 250.37915439
280.267386159 114.518956472
267.402892517 246.18196821
328.718722414 631.041073294
350.553341494 601.613812079
362.801013985 696.767198584
166.39595565 762.713009703
282.435994147 361.88064893
209.859373217 696.721835108
315.437452292 643.83606315
578.864127284 658.425644846
276.789878595 666.858521218
300.010981088 477.861730202
279.355182095 703.586482127
128.845370435 721.475142228
333.469801249 696.733356308
120.420803907 744.589071693
270.645426827 173.622939963
296.263037656 682.657221273
333.462893731 683.085988532
320.000452091 395.896466856
