46.5471842249 301.826710341
192.571238181 600.299254531
59.7724985961 234.576862128
331.23122776 747.027144724
75.8510621869 679.719713817
72.3319999662 652.758578251
40.4217784783 158.075523348
329.297804788 577.892253046
367.484496626 651.145027902
114.493823219 584.001597367
700.879178968 771.483492569
129.235694356 680.727673806
68.3327817738 632.970630706
696.190060868 731.804072929
612.779261227 717.991864159
261.57027462 640.146120307
164.26454318 648.488734942
96.1261433312 611.910784527
282.319047142 725.412797073
30.612893992 125.182155826
94.7958783593 398.937086774
313.211005408 686.570187517
161.739525342 591.040298892
601.702304182 684.882778203
420.08448539 620.757039408
295.502936214 343.099370834
67.3638235068 611.93369621
20.3895414445 154.140235844
161.554931095 622.66693388
411.567642172 664.361443399
53.2862993421 368.062996805
60.7388737495 694.956436116
14.7947672174 136.123266519
117.07303093 662.23170494
103.739149966 306.897711356
47.8027792638 100.957382335
26.1104499785 178.793956382
114.303705552 614.825587861
96.278027639 275.028670892
437.912423428 665.902439032
89.1772477711 673.699458252
130.953382601 595.02994079
661.623726119 766.261548858
13.3162608482 101.07163829
290.745979323 629.466940679
71.8254583689 706.434358206
285.492404743 660.064370693
93.2991609234 642.939603708
638.192722352 711.267933359
25.5505857993 118.748940545
53.5725329898 119.112487936
62.9739521349 390.586778923
272.372160924 761.345142494
109.557409402 677.536729977
67.0037261786 670.123611674
283.446963194 749.758741463
315.235911587 458.03632026
66.7074979472 106.914886717
660.190089746 744.087382004
95.584906276 717.398990904
50.8367055547 199.794582472
116.883736821 704.634930518
128.705754968 630.718664495
82.9065124444 607.706847898
66.3702143192 720.850231351
639.782606651 750.265353031
123.990543289 658.530395215
299.866309991 715.796823368
87.8994774797 706.521889806
713.264111485 745.375797835
349.005814954 291.282724103
451.736787185 370.476644402
68.1150860331 264.88825248
452.156255993 715.017590734
301.250546168 762.998584426
78.2598357548 641.91788457
82.1068706339 294.727169662
26.3528833413 99.0126343542
309.401728875 553.90692314
64.2609671823 142.630647026
45.0629713613 271.581470103
303.754408519 609.671688983
491.191896025 714.428554656
88.9503017044 662.318574097
88.4375362295 694.886388295
671.755478523 724.549645976
302.088822084 742.292702545
521.867887679 703.963348954
326.336840511 646.189041956
694.494973736 756.019168475
67.7534703645 351.662191741
427.860859209 703.657600432
32.0094188711 703.351185071
425.890770988 357.963076949
186.108419182 631.751067337
388.89632834 642.357473232
60.8082064418 316.811945405
36.3750658543 682.994570191
388.827189453 701.044113159
83.4520985571 376.292715975
