314.008498133 719.117425906
308.843462659 317.232798572
295.345033108 292.378236614
66.1985095297 702.671716756
346.586890785 326.193381798
69.1561441958 326.719547453
490.420779146 182.75408771
542.171130292 229.687179454
305.047686405 681.166766918
148.711228687 347.676913972
324.102433444 295.717954236
32.1556810927 711.4026462
582.362713863 326.895740837
73.0531353967 713.864929527
84.5740898772 110.903531296
560.608422168 352.785302038
42.0924708754 741.803465827
512.913607723 249.48653553
68.4430543818 293.867138582
431.282721213 183.713552968
82.4434292251 701.306001317
118.737343201 386.157695902
95.1429912317 744.570897486
10.2968320004 174.539971601
541.921459352 178.84764359
343.879577773 728.728433713
24.3128725808 140.030037107
423.602699219 164.010357054
26.6781823561 121.392505104
94.323570651 208.177069205
37.3558064481 175.795339586
44.1011188502 305.96878096
23.6337751841 253.237668007
103.560156093 355.843689942
569.909240142 277.619216814
66.5994662473 746.013157486
447.100672699 216.525716646
60.8633538251 730.698927383
45.5497811539 151.729302584
53.9006584668 282.244195063
131.59104915 738.373056353
265.181832548 324.597504286
457.542927412 187.175822229
98.6005285521 700.809653797
122.327579715 342.200758477
83.4939828925 287.372926938
114.518836619 174.682277114
242.709836266 153.303849282
41.2586119919 106.193212392
354.798779981 713.901377537
140.60638755 320.322584579
43.6236066794 248.33694878
105.000011485 733.102878898
555.750488331 325.466037799
97.621283889 715.844888447
518.140647289 177.888364394
250.401675779 301.679241943
571.305189121 310.776378361
63.7255603381 98.7581914176
76.7664206171 168.31031582
538.177930432 286.628289281
369.471127849 691.302154417
107.756874186 322.50335832
3.6851123892 113.226368031
268.426317819 674.368017697
49.9848400092 691.073640906
83.4852142947 683.035855445
127.288651568 759.143575397
469.448984803 269.094734056
34.6522507095 278.010575847
336.861240801 700.286052309
70.6690988203 249.758113828
513.063939116 213.811076662
18.0367039333 222.202369706
347.426942711 678.798667107
592.365111905 344.782980632
466.133376777 229.069682586
513.508230448 290.423047826
114.240375073 713.863349244
222.983109487 306.536863135
84.4153946243 318.692109088
230.530719599 334.227550636
84.6545433075 728.777695914
463.947197571 160.887586121
127.64313707 371.207908967
130.897781369 714.55070856
535.003053426 318.541033524
82.2036625344 759.020150098
495.680032212 150.17475079
490.991202559 273.34694662
481.328567192 245.426934099
474.520461896 215.560435869
42.4493709038 713.915429163
288.597207877 714.632590761
89.9151020081 140.750950553
98.4664539524 761.092639518
19.1754943111 99.6216212107
53.2060569264 210.031326401
56.7591510954 125.658528521
16.1321560596 155.898218699
