349.090639288 536.631986709
358.899694098 202.146085233
667.746736359 168.175383935
490.310635288 211.869354983
390.410101197 189.352057387
363.898306583 547.083846758
701.549047737 131.98805085
677.900984752 136.931327646
334.606168587 668.864761527
293.732293447 584.938637193
314.076203848 699.497528297
131.872310771 103.54314373
315.91825246 635.867787194
362.185638986 495.939063061
646.968310312 166.559110771
357.972536358 452.330215937
297.134119738 658.667235862
688.71509302 107.002409211
306.436352251 156.530228867
404.162786225 239.835943246
299.549993878 141.739511933
651.611719333 122.926738718
703.615122285 163.893222636
409.286439621 227.176594259
151.159787947 85.4167483944
281.63536883 159.067888972
627.696601795 130.100792412
699.98178606 124.948307431
525.289870619 175.300964448
100.450278545 117.302884597
386.27050399 450.837371255
474.0768569 216.312173578
432.47854905 189.394854287
370.383880438 230.423735763
275.291700627 691.248939568
345.912083389 225.861341179
430.953992544 177.630075274
333.298937476 691.28033009
464.200134168 207.021208528
383.638637105 173.500951367
649.057545384 471.305373148
422.199290454 161.41021227
682.710916243 174.204846629
303.701247146 216.18197996
315.639058483 175.450476346
342.554894909 648.88618971
617.618148712 151.164437362
549.739103728 134.206086436
422.427327243 230.009853949
566.648587805 158.518709751
321.329218436 224.132506968
311.216151528 202.382532524
401.396262589 215.932136993
341.808038268 584.476297309
587.055100201 161.946543261
388.144466016 252.840377869
324.209832349 508.404881676
411.322797226 210.804906674
656.929676888 158.603621125
331.399653096 141.290948119
443.583974854 208.145704367
317.601168439 546.284540808
610.142848106 177.318912127
281.147680526 190.440599418
351.908541001 384.668906633
123.267562945 125.622847251
693.892452177 157.431914413
111.922984683 88.1890958483
381.282467207 417.585131563
329.845612585 614.583536675
427.595115349 246.081693391
298.470578618 678.018155615
645.814330171 106.998616962
322.733955296 200.396448279
489.508414206 181.302610596
455.186378521 236.916925401
151.015102888 117.197271004
458.502250289 179.964515234
573.546286797 146.246845377
387.261153809 480.021043623
658.587264658 145.712599987
289.903994721 612.258183704
566.841703156 119.426455385
539.83624259 159.770132778
317.382936824 572.797936919
437.763278415 245.367235457
99.787951041 98.1375986206
379.562984688 153.372457274
372.336060412 384.895553944
387.240648898 208.126588288
510.158237984 214.020639995
126.715581939 86.4467423989
669.701247265 119.407936052
358.377761102 413.65132679
291.02682248 125.817627639
526.330360668 141.619148583
336.18037688 168.655703734
594.023678364 136.788036148
608.332773599 118.138601934
299.308656448 172.612276178
