716.949731686 516.095062245
77.2740488918 555.08822187
679.211405314 553.914451818
670.702505213 517.281000763
88.1890957662 651.134124554
99.0957412603 487.829818663
699.733176819 555.179476391
354.380496663 577.044676548
695.430918566 484.738502591
144.464053999 627.9482539
511.25858519 102.036131806
653.495478853 519.0990278
752.185144956 647.260954549
676.78854956 530.352033693
661.25957834 561.169379434
141.763031522 570.909083022
640.696303228 526.114127931
99.0870959434 576.904535633
96.9637877291 466.737128864
74.8867296587 616.374917363
698.861067175 530.666214256
112.704909298 640.345788354
118.601346214 681.459844801
86.7350979733 455.093549238
341.022118875 550.229783873
718.042100325 547.44240646
107.04030072 108.727710308
122.933937497 501.255646849
67.4883726154 435.380645666
66.0753139498 522.277399673
109.823711862 131.839423214
121.856642463 470.057765596
52.4766209308 463.184288585
100.593260408 629.815733943
768.988157766 602.930563825
111.911894117 691.085539306
47.1518679974 420.193942074
119.518167062 634.657444618
129.715565699 111.689678229
732.218245912 605.505637684
133.55213494 675.187659403
66.3064326068 569.833800097
309.154678419 120.148196522
681.284795008 513.864335273
129.401911894 616.847577374
122.010726989 541.334091375
367.621491624 158.809645964
136.465872412 441.703028223
95.012491844 447.732418796
734.051104939 509.538552136
147.223136283 600.007948701
110.301523646 531.928294522
157.727847796 699.891248563
736.955429473 678.006221623
134.182938063 633.818843339
103.583172775 417.567677643
302.664556191 101.013435981
723.330509659 643.78171261
94.1773819498 391.157353464
103.825218176 535.200859072
121.739295439 567.195160005
733.913927571 486.624958119
110.256332932 566.4611686
704.29484522 619.023115624
671.343542251 465.797630234
642.85048188 485.542419139
669.161743225 482.444492193
147.319433942 688.015643359
69.922591997 632.7211706
108.215170513 462.155384916
712.204025043 496.000481881
133.873879517 139.05966193
84.0696562308 421.812385299
73.5356683784 463.640239579
718.691054022 469.809442695
753.7786986 621.659972444
93.4400070369 631.359380292
132.813031199 579.992585832
143.496320455 665.346055448
92.4207076192 540.756220982
57.5470887708 543.32489926
63.7711157157 610.948581553
128.860644146 659.356910203
116.748475104 439.420488761
117.209208072 604.028336721
113.82494349 661.436345292
678.296712573 576.414709716
134.994939582 713.851865672
711.037572074 663.004363934
136.430318604 606.191062833
104.658356538 600.888241839
90.5026273214 590.740663937
651.560144574 535.135305866
692.786388866 507.008904107
504.393375627 120.680490468
152.34731697 707.202329565
68.2161092064 397.173115099
122.104675906 152.473539231
154.370165449 121.83155697
333.421010476 570.122430648
