155.920362935 256.30547964
160.042631138 722.966641456
230.716538814 685.388206134
199.64384631 760.792281176
172.042944237 466.016236112
299.950257156 695.919703665
122.44740203 342.82392157
173.59229092 125.413292461
135.039825641 164.117943087
240.930070556 712.042568591
285.066020731 664.254229457
151.202501019 230.779449987
342.891595151 695.6635172
243.73533356 648.436663729
165.996088101 678.096086193
172.409049401 763.220320247
217.580679786 666.978612264
126.857972355 115.849153773
231.989066028 716.384386684
149.427520372 324.753536023
207.580196191 695.882351036
129.798958294 99.3243891743
232.992826033 661.238678297
134.331542259 412.034698721
147.306577073 300.382781161
367.343910051 689.747581167
141.810663762 678.307574285
147.410548833 192.574345811
109.214603459 152.240281799
144.641325305 738.176851382
134.364020318 311.736323058
171.570461413 317.893901968
289.16161474 709.597628294
304.119746169 653.766217794
157.649012258 760.097959131
215.422858007 755.96744881
228.077523599 704.455265366
167.625994189 176.342222829
314.31408017 638.261923952
134.949210641 231.986880763
115.880481794 718.885759243
154.744849882 358.96346406
160.958930332 503.224604419
174.509428257 409.136137658
176.474508937 442.768453114
187.948959922 305.232871433
126.07194972 750.796137929
168.177578033 783.082439905
375.205103597 656.461589132
249.789085332 687.082687976
168.76618642 345.24516574
194.798495952 737.689448036
185.518200415 758.946304729
204.020543932 681.605941169
140.97685953 210.616457997
170.641980187 102.507527857
262.012621242 679.736271902
236.929372424 736.806210162
110.245178575 202.479293251
325.185040844 676.44727482
391.299892304 696.979758582
180.21727877 151.597388676
277.628813372 726.672971562
143.282198379 278.264216391
150.041874185 390.087046657
367.620401715 718.439943781
123.118997452 375.671068142
268.731530037 711.855686115
214.28785682 714.499275008
112.26515049 126.031934475
118.948997954 176.430284654
176.83917173 713.983794653
131.084986021 274.429257062
237.058095659 752.817029229
181.367533971 697.624721578
123.624481443 247.097300161
214.684239304 730.220454865
144.225370627 369.955502806
152.29669057 151.377068072
152.759435499 119.645472656
164.217071249 138.329587772
143.98325326 343.663762099
103.63789618 737.959545168
141.985582185 488.373100721
174.551800359 489.813112104
279.410470518 680.880237276
166.248118788 288.125851307
182.47418435 743.809820639
182.712133648 659.266754894
181.994583514 274.968524103
151.950883176 444.305901919
211.98966885 748.398626461
348.621236139 668.056747978
142.646845503 135.551019349
549.395769925 427.927714458
159.931137804 101.710409156
155.814889942 471.780413256
180.541112406 221.481830739
136.55097132 711.230242857
202.641493967 724.652105336
