600.762216504 633.208006195
631.034347345 612.425706651
667.777749089 381.773144451
275.939289911 191.071337535
586.504699343 660.391173584
116.455229826 197.003896986
627.150244011 637.133032746
625.313286036 124.697700143
615.054208688 205.886354035
586.05253529 354.44447462
553.015691123 498.865039989
604.829827393 674.655489622
378.898429994 367.65622535
696.075701722 102.93338216
634.876183906 213.065772189
103.948019759 214.272151882
175.676512087 154.487219379
347.248305349 392.885770727
573.124950503 635.016744756
646.784690986 284.597834365
601.479227169 399.183997108
635.678247535 413.586483396
615.187754644 314.499294698
639.418865867 99.7705051539
552.139557645 264.754660085
594.607644849 241.049704867
599.694191238 318.712728503
581.814195273 298.813599889
595.848041339 604.632848589
677.388567555 88.9296782726
202.587740639 160.975989385
190.383293427 249.853201693
644.948258839 190.635802867
621.103766448 651.71918633
665.157438887 139.775480192
656.542295343 306.192510028
567.727064132 332.64611016
405.794063711 359.492451056
560.206849719 292.480547812
672.973828025 99.808752832
158.582616379 240.311938715
629.295651943 284.980219773
524.380839039 494.30405522
671.347149934 169.286185743
658.285811689 420.369057837
602.133127614 688.384246588
139.854989325 166.248237003
100.068010333 186.185883115
648.775994681 111.185000328
535.502346083 312.208793137
582.799025719 387.977621666
653.978191044 334.73697731
132.636820359 215.606338005
254.051591808 213.891376629
175.709441461 268.245055629
102.471260657 158.573271108
379.862175583 264.178418837
600.370713151 265.678853213
655.084232374 125.154719164
590.673596377 700.093349283
576.183223857 597.114614705
639.872643894 687.833350086
128.125606465 174.520811756
638.280842975 312.944307156
579.444231983 699.545211409
536.337064346 454.215485282
365.084665235 498.110913773
536.02707342 419.291764633
618.521623607 700.384687274
677.481945018 111.111920144
650.433129334 162.297500551
409.260064352 262.897942111
693.530641268 129.2753431
567.050091378 422.362168526
193.886171767 186.710259262
332.804613187 496.468957596
581.684902992 262.957638373
622.56069506 269.399070541
630.49665886 177.545179252
707.815534981 158.582853174
652.320923117 254.967788481
641.719554202 224.799397541
608.823466443 422.062677821
236.094641308 174.761982634
565.199708567 677.391642914
649.930840903 139.347129498
157.493600011 173.543265002
512.965546587 439.005983044
647.702372406 438.715487764
575.210075259 473.924600781
656.773153923 377.681722823
384.639019113 235.997635847
396.930336462 649.094838013
528.350185054 280.623420014
618.635785368 584.154063186
631.067445783 150.983540093
672.702154807 278.566693521
165.742469142 203.203973595
571.061326881 440.66381333
624.45500867 374.496824604
