396.370138504 183.946471103
741.286009173 351.240506891
716.485987849 304.506601662
327.153353382 318.315322806
739.615109315 321.452633568
295.962285476 308.315514553
570.493025623 300.928378836
692.770723011 321.576596308
381.851444423 151.867362618
686.37509822 389.7327333
730.652684691 294.487371866
298.73909141 323.389814538
712.611720446 506.372997887
523.494007795 342.354914267
631.289959637 102.49966546
703.756931074 524.382708228
514.566028714 360.649737631
374.119027992 626.117676571
547.224301269 309.282852993
310.75976254 560.17667497
490.637580242 343.221399865
669.796730024 389.494722908
660.601768861 505.976212499
646.853373971 309.776959894
688.609840672 346.925504048
410.309158739 178.605674434
568.325491002 166.762071623
670.329242413 331.6352254
577.732275883 130.510772605
661.310972658 335.260315926
626.453249156 309.236687956
286.092261874 283.344353825
295.88559774 617.450651417
472.543613337 320.335714601
730.37998475 399.656628849
342.924010186 343.273701247
289.347231487 585.123559959
283.806374418 336.603332687
581.214105732 181.154300117
614.255919749 323.755012262
680.425313958 542.605375562
719.577983015 360.192614017
363.520969406 573.127733463
685.796839752 417.238230262
642.061947683 371.489148349
711.740522106 323.102810445
598.111083415 197.837339329
608.100507858 177.498978567
598.943540792 100.463570237
423.746080443 153.661337835
699.044733029 364.269122751
328.972572332 611.155104126
669.132098838 520.318954922
708.223375898 463.599065233
678.040209698 448.62729639
676.90168906 356.324913759
700.708175661 333.400183118
722.675165368 446.878106326
622.660829536 124.564859927
677.194411744 298.759543923
708.984568665 399.926965355
421.696157712 117.85210891
632.089864213 337.010826344
594.305877802 122.277339599
699.461114163 543.373454308
262.629456076 311.256669474
565.922587094 333.286067675
677.145777717 570.060070378
313.843681224 634.290217651
596.236909604 302.289152134
400.277421655 142.44871996
366.427515131 600.835520088
393.724541512 586.20417797
104.481134371 245.012903311
391.461077851 113.696046299
698.99139815 564.2542136
310.419931814 594.312639201
644.961988936 331.817979913
683.869518595 469.833429712
658.88756507 353.924848616
505.960329212 303.092616087
690.953989191 398.27296501
656.655352815 447.199832299
678.74152873 323.413203193
666.154111846 421.147394439
688.30875213 501.385696021
699.979072853 418.50519757
625.357447993 526.620200711
684.598379381 304.927097998
358.011835134 638.725222684
341.328389091 623.69520553
345.100382259 587.403427703
311.767713791 336.926105553
371.176250991 191.44822422
613.677662447 143.528425949
657.344135193 551.794211672
574.975643167 100.454682077
324.856646995 575.417714719
589.772912076 155.489894225
661.296549101 304.241561426
