219.026659774 589.514723677
238.459494734 550.60011616
280.170846304 286.857180881
171.492340991 603.719455538
198.313510317 661.66579007
111.923102664 600.575868753
234.504721753 576.586086705
141.216633761 100.969098318
106.70425785 105.30534516
269.272215764 490.847892602
481.979500478 634.576089851
225.210945607 673.993446591
226.139526125 477.969573654
191.476141315 124.773838911
137.262070511 138.206976737
93.5850483212 619.452336043
143.358894401 574.382845114
223.206366506 502.294234811
194.715143008 611.490832224
226.272908091 335.861487822
342.798216632 497.488284781
408.134561357 531.862995341
297.048764585 491.571256677
164.032479468 92.0555697511
108.705430304 158.780481139
112.756359539 139.188021437
247.841970015 451.800627874
181.306553997 334.796821534
205.325324289 553.002000821
210.070504966 108.083834146
157.075974961 583.491125843
138.554063489 638.771589962
197.997539002 331.821329918
231.096821191 659.888753077
176.290651593 235.114042805
237.292340141 284.118323823
183.653063629 369.460294529
237.477672498 497.209032225
129.857544969 212.995792988
183.457520961 98.978471079
118.73594657 632.295568305
274.454164356 467.069589752
442.828805983 633.572260897
197.173208981 300.687599836
395.071093017 502.812725019
198.898063189 680.703962073
118.724516966 586.869759273
80.3371912936 599.21492482
164.596183272 108.230760722
146.640334536 316.856184271
338.925839347 535.622064594
375.63794831 548.324605137
104.132126512 623.526160205
176.197513503 635.530188285
112.398486487 655.953321645
94.3724823116 599.369662609
57.4573274789 170.025265059
142.013492438 237.39644753
168.920338303 125.609006361
200.632509215 700.123865411
188.902824781 580.421259415
218.841891957 690.372027634
100.650150112 588.326628921
278.714361985 438.49644088
179.574996174 701.360601843
455.169174949 619.428757315
180.384600241 539.038629733
377.187869828 585.676167772
217.854135034 700.631507016
213.520040612 136.958175146
157.12302066 196.96593015
71.6262650956 177.762154715
183.543646798 203.990844177
437.997419252 594.896441877
146.579926302 616.034865992
164.797657557 527.224824473
119.520018522 175.089217412
159.646258053 279.730285895
120.951702972 124.126673313
199.840892566 240.347951297
214.473637666 373.096669043
137.371089514 159.803647784
411.468086932 577.76529024
161.638088889 626.032770224
168.390699452 682.151793485
140.115830875 119.482914017
130.595154605 592.77928176
408.563309344 614.980895971
455.989345761 575.193579829
492.955095618 616.925290532
264.305851928 265.252937446
63.5575681709 145.186749136
141.132644394 680.9841576
103.258989362 199.054072961
221.583624216 536.549562437
120.048259714 100.026455053
214.632637104 207.234247844
126.862783701 620.950547439
473.037493737 609.291330713
368.544147507 364.720718301
