342.351102759 552.592728841
487.575361335 656.428032153
295.05873115 727.179613563
418.283716933 694.403748396
330.16704224 250.149590787
363.538161279 656.461621021
88.4218970444 507.336659508
390.530741882 544.564798994
319.42632944 284.11384506
335.73599919 715.096230939
321.348425496 595.118846441
369.621291751 194.403046344
324.24697919 655.687247008
296.166841921 629.437968421
306.237115264 652.969758418
364.914504991 721.559607669
311.29557896 679.473010595
310.631634112 257.31249988
485.754599047 692.323444474
319.48850856 610.271872895
275.480434181 708.425994728
510.572530147 166.326768707
310.77122317 664.680323037
102.014811895 550.106301298
335.154045116 180.650733716
343.529690712 645.042046377
282.446411651 652.116357213
349.978394032 281.494592463
303.331455469 307.683168963
299.290054613 745.465840979
109.084963705 492.652291774
345.302187926 587.614935192
395.082983173 632.848878853
330.629868195 564.568946573
379.866104093 696.113298618
435.075510931 696.58392266
329.740029691 746.708200414
365.342517962 563.207839881
334.470456955 581.902946759
372.967759745 148.821034119
309.499402226 707.098187684
312.397821209 545.767870909
337.498804423 271.005212658
299.386062398 213.730756654
333.89769059 230.715120786
357.381223724 602.977280936
377.735844209 666.763836542
385.072220417 706.463052702
362.290024409 622.537661544
328.756433226 727.644509132
335.52440899 213.034544366
373.816477953 679.831616043
348.712558435 697.624924309
296.472570323 669.739601929
307.962542125 598.44776915
391.721340533 300.116024798
339.040604624 671.065603722
413.772662668 671.73555504
285.728046101 329.849616059
326.64053259 617.617807401
359.212106743 631.226590861
409.063900421 563.706026073
354.569527836 675.411324749
300.552688121 363.447868496
116.057838954 518.727733244
343.091165485 656.098580368
82.4262620147 546.199247798
339.196071945 687.33547212
484.965982378 673.674022646
293.65145249 257.302319851
299.953268392 292.633435548
288.112730897 681.688637727
277.7144187 304.074158706
407.149902209 692.181483214
421.469945228 639.50967449
307.575912726 572.601965773
471.425944684 679.294497788
99.7979264829 528.81497834
374.081289233 177.601641239
395.791681524 200.626268642
376.107608066 223.545745833
323.434048756 622.754724141
465.989390306 661.189965762
124.127488253 558.954223187
343.169638526 535.940673469
315.15340913 688.532583793
363.721263113 227.896411386
360.117515157 685.831943172
290.209721941 635.199285707
360.864450685 610.53413103
325.168734312 634.871057013
395.48116381 680.058863041
344.210584762 629.859705906
406.130045161 150.964797047
471.037170509 635.033255631
407.771999484 175.391720551
328.034146152 329.728105468
402.635220465 583.10288096
279.003123288 665.432563289
412.783116253 650.580841848
