608.878019973 36.8536963674
562.816886624 26.1347581201
609.941306154 71.1536834928
599.477778425 96.9119696248
625.801647439 667.378813149
437.638522961 493.013716695
497.548542701 111.435930716
679.336358811 364.264845557
637.270301861 150.229793623
473.91771266 100.258287757
570.335178975 79.4490337562
621.791106236 82.003395719
272.689215824 106.123239753
556.152433067 44.6244388969
568.740209585 498.523678745
610.847488216 132.600310727
618.563212226 110.827016104
671.067751252 699.841139459
646.693350552 691.435878177
475.440115843 31.110323436
505.135949539 88.1644494122
615.742180907 99.337204284
591.47930093 508.877661717
517.162667473 105.202472981
550.701868456 164.146105745
577.255460253 474.807653661
241.906705298 87.7631494842
592.477903448 169.674990733
575.230668964 19.5425963849
587.659803119 118.477245993
621.841149704 184.389510212
450.302041658 76.2588203516
587.806075943 146.36824261
562.456468245 152.70180365
524.184755156 87.6543871307
534.258180634 27.7915744763
577.996069804 187.830458711
605.837797065 202.378993102
629.150544224 68.9766948446
471.702229119 64.759455821
581.212195696 450.192674273
643.841576983 666.850491953
576.617942061 92.7346080463
520.561445879 122.62940546
695.287334127 678.47221134
436.479168042 57.4853089662
596.13751441 479.52967326
656.20463104 620.479166039
279.686457881 86.4669523349
569.035289496 124.662657183
567.454134858 62.7597185574
674.860003027 622.255817393
589.328842338 113.101896708
606.646756024 119.152779358
639.297702818 715.135431165
676.310899632 655.054753632
535.793976971 52.978395408
546.730991839 63.4592472104
486.452271972 23.5874355574
629.099322451 112.630914976
257.164341145 75.4130566344
652.944070902 108.308898377
524.676182686 74.3900966895
626.670272883 640.415683505
656.805099502 671.187103361
478.69689309 86.001386143
627.727134024 104.473490105
649.335233232 649.023078742
673.75955971 712.533093309
581.151633012 66.7748050477
638.475296609 86.012554373
553.52888383 113.029874793
648.905235581 97.3950964948
492.847160552 103.610037628
539.619462741 82.8548069393
626.187068113 689.534057533
599.347591932 59.8194037785
527.964761491 106.415092534
585.696289626 34.5289573814
459.924470428 46.7598806115
624.237040942 51.1946443142
512.090834949 48.9576374372
584.089749071 93.1258178517
608.523916507 500.101131372
672.80953156 684.261850675
609.178517066 157.803058995
496.729374804 71.7719826041
585.261876996 84.1145228233
631.182015261 128.876605081
478.631796683 55.6980631876
617.613326301 470.330314045
542.859633587 97.030193138
255.133420451 119.526115738
443.986874192 21.6941057396
535.696145752 128.468861295
443.914473906 40.3090716617
582.295601771 51.7869774472
233.021249026 117.571460047
554.919416071 102.792738012
625.392586489 499.571992065
