496.017848953 278.278903934
443.507079441 178.437783402
589.437911923 121.090733694
417.602288374 173.881298287
510.133297226 364.375995599
434.136361903 199.620385019
427.998681837 434.957332573
472.663189995 468.644964606
608.073288294 122.01474241
423.227602981 70.8125399611
485.972222837 192.951641786
636.267456486 260.27554111
460.012550303 95.0637888634
484.632143208 135.884130118
694.493322157 123.903679994
508.374006592 100.994449635
460.649433637 140.99501148
627.862659386 232.981145194
601.171998099 140.696373313
531.185632813 180.814369888
551.048021716 100.444624945
468.867099992 115.131196385
468.708955737 385.226928181
475.095198235 85.6393078779
503.557514799 150.366327681
438.179389213 75.4481435413
617.488903171 88.3489647577
591.002312616 185.358053259
671.578849465 212.858501875
439.845460622 399.540362384
457.816560403 179.675064466
449.266459569 108.104531042
546.908540932 114.221773291
422.494081927 98.033976356
509.134381659 316.623639892
472.504986359 345.913366501
513.639819213 65.5270447679
442.941000318 361.71144722
434.020517536 457.665749272
632.987231484 98.8420328753
270.347537685 537.051100439
567.037274526 93.924268294
544.129167008 131.057941992
557.951914327 251.605272308
518.737306242 107.304623015
429.742808709 53.7313311263
499.621447923 89.7960632585
680.262346095 159.008201885
525.005212063 129.330960307
489.18060649 447.612878986
554.433229093 72.3279041137
444.579395673 417.122651773
544.608604621 309.352035802
489.260196034 77.1372137747
641.633421568 159.783998614
505.673882589 416.42050699
498.787024309 80.0324243258
489.786814497 163.239728893
473.647915297 99.3804956107
437.91968761 151.391934294
233.024682154 635.859510457
465.562422358 160.625424981
592.514569801 249.867103279
608.179358767 97.5220118081
643.48577714 107.494768255
506.538902058 281.916857243
576.562845991 91.1229131907
644.764752533 175.444971771
536.58382077 159.637671464
538.064368892 276.345477668
647.497349477 195.740231564
521.818147624 93.6795828031
547.95987004 150.623187431
399.804620157 90.9274916914
443.093835208 117.705568632
497.701464337 175.894342867
566.072951473 105.082456795
496.031460298 127.075009147
446.301747522 440.588838884
558.609188545 77.6352799039
615.642942984 203.667025103
463.753265788 207.369071838
440.07166355 131.142682889
509.38890419 146.68900276
521.72534332 79.0621688979
660.999829363 227.844187223
665.893045292 92.9338077987
517.758675143 203.155661001
483.174398059 109.849611905
510.615812407 116.200743795
519.756410826 143.106224709
484.755460932 218.292924527
465.038131217 420.205358381
470.470899842 146.536887966
575.563901249 129.11909926
499.613601313 162.791128568
584.627162645 81.2878121052
666.859999172 127.369714053
415.263438603 148.224695306
495.011582015 65.4368490153
