331.949033078 653.000950217
317.120058995 603.788857618
392.858415925 398.418410872
692.848398629 469.87460915
110.843358701 470.099314219
206.712909713 304.363574927
187.66023458 392.602328243
298.657309723 198.355884987
145.685105908 466.817057296
141.556990226 456.72080014
209.886211975 644.527948389
262.701748541 253.023099166
144.939092745 494.779408738
290.409249041 539.395988451
127.743085773 461.88304348
186.775341037 448.911033107
288.042772303 289.225989908
120.496841123 439.090181633
232.681914333 257.961500297
553.83292177 245.533037963
229.725968993 209.848996017
426.196602696 396.230296354
272.316296774 510.802427974
270.504859406 614.036894273
335.10957739 226.575266699
173.332308644 370.402367709
637.534964858 224.755188351
255.632061202 212.487448347
699.800972825 431.922009834
159.247047407 433.580206623
223.709632434 240.986053474
655.071805765 471.888175219
388.0679425 474.412150289
216.534368994 621.353154088
417.701485181 437.73016751
291.468989164 520.33086348
295.853100082 222.790337498
166.434173218 483.352189095
201.346838594 583.475820626
694.860590693 455.426690268
416.464414876 121.949989866
198.840343235 262.862222567
151.920604292 412.352118849
244.324019651 309.740435133
326.110065995 182.207079977
263.778902393 641.03016789
174.59405043 506.246951256
413.297890753 417.962726491
382.096883385 495.041315379
672.426586948 461.095734279
136.595532033 414.945678903
143.783331035 380.039301485
147.453891186 401.490256505
150.556997217 517.070175355
252.032678999 561.135220769
137.048521965 487.074516709
195.119230893 616.824726586
308.005437981 635.131833287
241.928613462 623.157229132
270.553796831 198.330517403
369.700661293 434.523070613
178.542889704 432.896205596
654.627362536 445.671147642
307.562037344 618.076254905
330.120907702 209.736932625
176.867662602 408.425299269
332.499619304 627.235905432
145.414343379 357.973017756
170.943447193 355.09517521
191.210753107 289.520491866
187.935060278 478.219228848
225.373257169 293.403060754
307.665340183 240.889722382
197.178609499 424.367216569
117.462253457 392.711931946
393.041086658 453.644483839
118.755541445 529.718395237
673.293073368 433.56535562
298.246507979 263.270589684
217.387470291 199.800029148
262.492924112 235.202547378
258.857534736 277.990846271
135.08812157 403.494113566
138.752188119 277.489943953
148.733294198 537.67188033
685.658260979 500.917922253
253.254179361 299.541898611
164.961049896 383.71818493
263.425333046 549.47355868
171.331882482 459.575617436
387.979202104 429.164296625
130.57126555 360.525912447
239.931512362 592.738512339
143.151546846 446.457541558
193.196785671 332.599236106
224.421366194 318.850363058
292.495119488 181.717981923
216.497799961 597.446918931
124.355846191 498.305752064
122.953577505 519.199288331
