450.966461274 694.090442698
180.011268083 450.626734299
169.171943705 424.37760863
79.6635844942 576.28540034
206.345398788 445.856260216
106.588479422 476.755387365
302.305972576 207.480464966
369.435115026 288.647716197
442.123855112 664.414238765
151.781627177 487.734585188
191.21919631 426.488440424
68.4343653731 586.727524097
450.948410366 463.648965721
101.418002424 607.440589551
199.216536978 103.706328617
429.35827287 489.863557574
99.3448371535 636.103704128
341.65568115 330.744446934
128.040030229 442.604456747
242.794248282 203.984352172
109.788082472 586.295790173
122.713071393 520.076073329
120.09445879 648.384225699
160.842704838 174.610659094
362.237961372 218.594620535
482.052190972 698.55885084
151.283464716 139.018234827
239.290794716 175.164113412
147.284323321 123.865466405
202.607786943 195.915428705
182.27453488 185.859116604
105.866652469 458.23543589
155.027171384 328.764737125
124.455247823 494.355638404
440.330075778 416.338958567
78.8642052023 641.755098532
259.017323903 242.445073406
78.8148566358 608.828077358
177.49471705 144.402712944
143.161931362 421.196214241
154.451114021 640.131088352
167.70861967 464.439003164
268.869381342 207.572365131
132.371943725 582.330455543
139.001665535 485.743119371
162.204603736 423.426369942
217.972075141 166.559161059
233.802563779 147.085955041
172.291375646 91.5860646674
494.763498228 679.252291364
158.325064157 466.38526788
176.77176711 321.255393406
135.902162465 632.755675029
421.478096526 459.593375643
131.112883547 603.072214254
330.246356099 205.610809269
160.416935947 443.126198184
440.049651153 447.487242553
187.436989219 104.65206613
198.284456784 161.292924238
403.536628764 420.265075445
506.839149521 658.661268083
145.927986258 468.315056507
169.200111727 106.350885135
377.857452846 671.199062125
79.8733179779 556.735434243
112.696578722 564.088130774
144.485361145 664.464276114
296.650025365 347.949330724
135.29713124 408.857596315
473.55800797 668.384872351
197.168539024 313.411927082
327.38856077 250.835491814
133.893938508 274.707301042
484.049767238 644.977612837
460.225304847 481.048888176
283.081643026 277.807664529
358.116986155 388.886765705
152.251407431 604.368001948
147.630490397 456.416773528
129.776101598 473.278077737
165.194747622 482.947949165
112.513162708 618.373625475
274.804780432 176.218068101
143.707880765 512.43576912
170.526623361 612.753431686
401.170649833 452.853500775
106.074012035 664.392755279
307.77584578 177.639609579
321.311735132 358.422069652
305.380743104 316.842519929
286.262410255 239.972598725
87.227240349 592.629045868
422.846940648 674.901449876
207.20712993 131.228059393
127.706960115 672.625884133
148.759335824 106.014207416
194.4244768 225.768065092
182.819580373 125.598281213
161.452888678 159.128059357
