549.393669854 131.915353671
450.43560436 239.287076817
603.66378057 105.247145297
628.015336248 376.654901292
134.910795851 235.307264029
121.027559346 197.736356094
745.580271551 149.648215144
551.051581773 210.752422697
610.516246547 282.920306275
117.939302528 149.348053174
697.298853431 358.623536141
603.640182311 447.756444925
111.061829672 179.570518321
702.177063057 277.826277964
625.415307282 252.60624687
325.843132403 143.580271149
595.151373058 395.644298862
161.418676468 183.087388532
140.506306031 128.469973685
737.777848789 130.79767275
518.794173934 192.014483203
658.663193342 390.718793394
233.287986966 227.056663926
606.015277875 189.115567872
593.068178272 217.3325128
709.833807381 192.491029694
99.3379063954 157.994881216
723.451906852 144.996270548
436.549299357 246.033905475
639.534788711 292.052052034
366.341897901 131.539372707
116.994422519 211.467262368
715.777525993 128.084337636
434.212207172 280.954957665
638.742634494 181.888223879
755.210032812 99.3373243231
722.814843141 160.864367454
304.732447774 199.79886737
630.146439497 142.906590569
661.533815785 288.637661118
270.850297218 238.619947357
156.310350459 146.281144372
687.892615917 376.824192784
719.381106749 100.071070591
415.660923524 171.104598221
116.56326009 244.713753295
351.353538412 157.670866727
245.634213697 241.473366907
645.658468999 241.354478687
736.041621676 116.44583146
763.322513027 115.468013244
388.839741822 143.515615503
586.42860044 375.672432367
563.291360405 402.062577249
142.504730485 206.492817818
333.672865434 175.674174109
544.86413598 146.532526978
777.086414234 99.1893309609
690.003539031 308.633291997
558.586637274 429.397873107
741.321166294 174.927642925
588.27114629 436.09020299
416.953026957 257.017127124
134.316614976 156.849368171
260.626083038 261.838461413
660.640607722 316.713632975
598.267384044 412.929964131
177.293867959 142.537050652
281.571597508 271.884095595
716.872832767 315.005868851
592.114621865 79.751448106
728.889625681 228.694718809
590.780237992 118.793372275
699.214875223 331.429501113
643.20686433 407.058846742
138.590714113 174.875814123
600.520798634 140.73686412
741.076112505 99.238461664
500.381155889 161.510626923
771.347977111 134.511584903
570.877431605 118.24539082
496.977484171 197.161171905
508.276447348 695.675602511
295.966054489 227.843996022
296.292383111 248.789629115
683.074894478 260.868671181
474.50516832 221.198927153
522.163947639 684.497694168
582.527915066 273.545341911
720.004198639 349.495051386
411.51317165 124.569537516
680.374014013 351.032318334
100.90057252 220.05179822
725.114204487 204.573785209
466.288602695 250.298903872
597.138878525 236.575283586
582.122000831 152.156853876
100.968323595 186.537429306
665.712390763 349.997057443
444.313945045 138.984610153
