51.5666459809 697.460629543
113.567033106 452.585632505
111.009188054 299.537387085
99.1499764889 457.635155461
185.042573298 368.75942931
100.269053726 486.921321685
670.486727453 339.42925639
186.465165518 413.005930616
325.891789666 360.498080211
142.767907161 380.632725752
38.4683680957 652.493673672
164.813309625 382.016434338
167.208003903 425.522749386
95.3976477445 253.383109348
158.948011558 354.470391545
134.121802207 245.561372136
121.319609941 522.019068334
182.64786876 348.801420306
137.679698884 472.349836996
58.3664800135 651.751482169
65.7115064345 129.363187269
82.057857376 232.032731652
690.627730363 311.414532961
45.6554441605 187.554219472
103.325020243 274.528348044
135.700645422 350.56349857
82.5418386823 115.765191601
64.3144201548 668.132668471
206.858349249 325.957317837
671.140514425 316.739222588
121.348106675 480.990974156
129.187958619 504.856112817
84.934132722 147.004634821
141.022315426 408.272228502
84.2935746392 707.600300397
66.4774997783 709.270919665
30.7327724301 102.124435758
55.409270482 707.411313535
689.189495629 370.775563522
363.304133086 329.55727281
106.175796654 354.373664105
435.740541122 194.40327647
139.493861336 223.834481457
160.397610886 512.981828131
85.5615240082 170.970066112
123.08827495 338.930156092
104.976891891 229.548421916
101.263616693 617.540613934
135.618664604 293.137392702
198.518148171 386.678388558
50.9565954875 99.4408216524
695.788172621 339.538512542
227.733598418 366.155368808
48.4349391986 162.798141447
147.261928252 496.309128952
210.961619832 369.13784679
32.6153651907 149.133414597
161.939201414 466.956211866
79.1033702808 196.819796391
127.12171647 442.986669564
115.352589106 386.095508331
75.3222752534 628.472863741
97.5606999742 647.687392115
415.915086183 200.966209028
151.754009616 336.837642989
69.3931021106 685.820436581
71.6842172005 101.685787836
92.2374195198 667.379149536
163.443341575 488.922117232
86.7433462924 696.486197905
178.343250438 327.840180958
57.5322179887 145.773820008
540.794250307 326.371029382
131.352684825 379.98712921
141.141746821 432.149739462
72.1689328196 644.470975631
122.492502936 218.095169058
347.52609027 315.477020718
711.657073921 358.770933815
58.0127876401 117.199047214
96.4233547603 682.257213093
106.928258359 512.50206745
131.650062631 463.409749854
157.88320727 265.087698212
41.4335294441 120.869358966
206.085112809 347.4344458
155.657498742 312.195118682
54.5730388323 670.871763962
122.871957476 258.100877642
105.058829976 199.55987084
92.9342713845 287.182583861
52.1833588283 686.815185988
182.914343647 385.89256783
154.748391073 453.613207827
156.814964362 374.705313837
95.9294270734 317.263050583
269.517702349 100.412991602
148.487703164 536.712321607
123.747058206 420.543795004
28.0988898303 126.406356687
