240.719348476 588.094899593
642.285266386 649.374656536
215.728542065 604.398649345
597.123160451 608.102223838
368.930658592 632.66396167
95.8764992924 621.199286748
148.114110466 666.094621921
548.671082566 147.777665553
494.115904136 661.326958647
218.376270241 553.165781255
153.690530905 621.990179996
300.969936271 627.068543619
553.318942003 299.448807635
670.85407534 667.369980009
515.797188585 644.61274401
716.302964266 653.084161285
686.720284708 634.754168153
582.240998624 628.408333424
560.345711377 656.907039144
153.796974261 596.309384219
714.744655875 682.867942814
690.172648868 661.517880527
311.84903394 583.126339441
571.769938008 315.941190926
569.1310388 125.391285215
571.758938824 171.720690545
145.745111011 575.993922955
534.409381121 314.552565883
655.338210363 657.980277493
183.675182231 604.600699484
94.2305046504 651.384923578
545.178874012 332.635473101
563.836848834 113.528279303
409.852631113 583.473874283
216.811052303 578.330177845
190.33348704 567.78036968
571.463764663 606.929120091
101.272842964 657.917262317
432.556045069 605.709974202
116.955066246 570.918746679
338.05367032 605.438789787
258.761078449 607.640158362
569.424810096 99.1323073721
699.120069612 645.413007366
729.76026416 665.593994045
616.845262993 137.361567799
646.328080372 620.708581229
681.593045294 675.602107144
501.094851963 419.852726177
517.902515937 408.734761033
626.26821838 645.378054689
279.741560011 583.636209955
294.431993214 598.095621924
123.347754961 596.792815403
104.5141331 598.765960727
241.283194468 560.835115778
655.15885331 600.784004163
144.203087639 637.257886722
266.426692274 559.132165493
660.946951486 628.842969835
538.611760721 387.248147646
108.209321596 623.440035368
710.688813097 627.413174289
591.65272862 646.289635256
614.824901707 109.961827423
377.877600313 586.833212911
186.409355062 629.643873345
673.652681281 631.746695118
599.509588884 133.040505654
609.541509214 629.700874768
398.326661614 604.600815525
727.177018964 634.76529925
589.213671511 112.18350557
568.88899717 341.205894484
505.023549227 622.82069571
602.300853096 99.9074720562
124.106891106 657.480027289
702.047188665 666.339437276
522.371883064 388.486774853
397.158639552 620.02207001
489.275050893 606.886171595
119.749634186 635.358266245
629.730469749 616.261986818
129.440087948 612.390999493
698.648971054 625.944340184
558.591519017 632.693857036
592.541923343 149.769370769
554.560049384 367.845344364
528.805936068 598.341124305
509.030674691 383.628720189
569.599669355 139.465922049
536.525477551 351.057479506
517.190529417 347.728299628
693.599703601 676.452760613
165.165096072 643.361184137
536.799687525 169.276261301
537.101975817 649.31448646
548.834228004 611.155290355
90.3914934714 631.997336215
558.764132091 585.996777178
