684.584994244 696.603046765
690.418303264 600.954237621
137.650336014 602.561178932
676.583300657 586.525322022
660.490777394 525.945594594
677.895389535 597.972557609
744.924927006 586.179741196
704.633501914 571.645859237
642.527807058 651.98780486
267.761415861 643.456679634
614.897641928 667.1666771
291.54941491 651.720634617
686.595975103 563.575339273
101.791577253 577.058211547
303.699690436 631.487647841
694.865401435 354.458629205
628.096794441 624.456364968
660.14708956 367.867315567
714.751013714 616.734232865
651.166061028 665.0639527
730.180822895 581.982913948
124.175152252 588.033363999
755.797774583 567.713268875
308.657042295 515.523086882
117.394702612 595.971574343
272.17604851 613.864484287
733.40147591 591.950667816
652.405504234 681.078741046
713.147214825 574.992295396
729.892648168 556.219271848
697.459535642 606.512356733
674.35870611 622.039469325
735.285279862 610.120212713
355.315537171 624.014734675
730.743605645 693.689921605
694.725912316 708.753436808
730.334607189 313.846763562
658.940677507 704.031181305
766.378785482 603.805219683
720.063705375 652.726719821
120.66260657 621.014164834
749.368535087 617.669359158
718.374517772 477.203737492
673.926368536 637.977455353
709.449967004 536.697524882
143.020078045 617.444413183
339.032414442 564.852684035
752.481695113 658.239704821
160.018175202 593.268619474
394.23887539 597.193873765
738.498096774 456.696459439
756.628488522 581.558267052
716.470028951 586.183505811
712.178964881 331.947645697
698.073307534 631.042278924
707.650238104 441.793738326
143.420908766 569.848615112
709.687890886 623.6221068
370.653691245 577.106577664
692.368267429 571.600489688
241.151025731 631.543971389
696.171139122 661.293251925
736.668213908 668.450528123
724.278258386 604.282892196
300.427540665 601.880938957
684.965718522 681.695842329
710.869604152 550.447874733
721.085718888 667.87936044
709.388252604 634.191195185
709.716669946 688.080852686
328.424485115 617.44191622
746.715669317 371.589807682
762.537102048 633.485090367
243.098505502 599.189929178
668.237786022 559.571039881
680.107856581 663.896137078
675.510082038 335.949729581
736.794210615 625.074290767
778.472425425 585.525002042
733.106273571 483.965807601
765.892719773 684.958808528
665.212613461 601.338121297
697.860444401 581.314357497
732.615019133 347.06955751
765.307110626 336.876386194
717.042116993 367.454549707
302.829602466 492.060993571
636.08355142 681.873845851
121.047571836 555.046582498
748.819963586 328.704415304
94.3662331813 602.798318455
666.60276213 690.734785118
324.404192851 645.620991059
707.829459845 590.851762098
379.343787757 603.898383216
104.632257512 605.343656022
754.500084937 599.519766355
641.799140486 637.932477652
280.437350797 667.026708426
706.692086408 312.062904654
