657.252090923 534.481504382
478.545041065 527.90744987
614.148869928 527.595737223
641.24267342 493.147798415
437.596503186 541.917592234
606.777118121 405.494181599
642.319191507 366.56426161
620.205615469 362.612000059
678.937077331 497.454155656
509.190325776 615.083756682
585.235982741 582.296701555
352.97536946 487.36513464
589.084544378 563.230092017
547.641915881 584.414226479
695.034177269 510.47098515
466.530446421 607.501783497
555.966805477 611.645828072
645.903676731 634.572621387
289.367359246 518.155369925
379.619188769 465.628455806
409.943964257 526.553575191
652.026100805 609.836222982
709.088368891 526.405697139
670.954476372 513.901708567
306.195651126 559.999815677
412.125953923 565.125474418
615.950604329 164.80096418
634.380229446 134.641440944
708.924631333 457.25125434
345.841933852 511.374940948
696.634585287 532.586633463
580.902342193 448.829623691
473.077291377 482.406099441
307.494102795 502.206412861
631.515874814 597.63531452
350.514249563 445.107342905
462.369570215 523.264804223
688.067792524 552.411881058
566.264418892 456.89027745
384.171889538 531.526693813
586.658697314 376.968578088
450.057343073 486.255454433
718.280392669 552.430904086
245.749131546 563.774185002
542.365924334 504.720838025
631.389481387 396.678445595
656.412185558 158.976981675
690.746795441 125.110378565
488.211894209 541.923376849
589.238987876 352.149376091
318.99810911 519.258259953
423.711587498 588.59227066
541.404683728 475.0286653
671.425348336 480.842321457
736.29368614 523.034724959
379.050298577 499.041947643
518.503114262 591.239325579
519.939368394 503.981901325
722.994682045 482.954510546
435.088472928 497.91781895
622.304920162 145.542592944
566.622909158 553.318613622
612.561908611 337.5486669
284.904012315 535.864255075
611.955134284 497.591953726
336.317536745 534.542338953
740.305030654 463.990598331
262.963470597 541.874739922
584.198481022 530.92473073
634.051327277 560.215813779
653.517481226 461.506783183
353.238307791 568.67085954
633.793389795 89.3656002188
451.44988683 559.824374017
611.661658244 469.143670797
457.451108373 579.035277921
345.438137769 465.325887401
624.407189552 115.923542162
589.754267008 321.399073345
622.241974635 382.9395606
637.076994653 173.034157103
592.065738518 603.935333738
618.444860551 100.191259367
601.991723296 176.721026366
669.688380604 578.145647854
578.08761233 479.137309841
269.493133202 572.378088149
431.307408957 516.727468034
503.447248958 561.319343344
618.289250178 128.925636032
749.529211048 490.901275136
328.83344016 473.97141695
653.108899813 104.194896035
551.577352953 553.676649205
410.11431885 474.708187856
662.474006722 125.482060066
387.637234132 557.96987071
634.314187915 195.05737537
633.837994103 105.447890788
245.293989038 519.018561109
