151.571656389 693.90680084
180.199825368 678.124857884
505.642059657 656.923719349
143.091496295 599.2007331
137.538119521 697.60280391
98.3728723027 624.996861205
173.556542047 687.628181674
171.522824211 183.483060182
161.909462549 271.615185233
156.735291701 417.161486356
140.861227556 673.346253458
148.598057368 701.360157476
125.740577686 658.582628587
239.058445328 143.96305696
186.243474101 280.952393257
88.3777358525 634.607593599
119.615344479 579.505639913
108.084060756 667.927197444
134.353168657 715.291963278
698.993193569 691.168996869
160.900114414 443.82907642
335.015564356 521.723562389
493.852232679 638.014783201
181.504081634 120.732806615
143.230042607 351.600099034
198.272821843 315.755410567
179.363138261 392.641717671
166.144995689 381.459402522
150.588940707 681.987021713
219.073868095 113.275103001
137.328446988 582.33154644
114.781132342 655.763003392
190.883910693 246.740144587
169.003612718 691.558990094
211.355729748 204.141010149
717.291050654 699.274561334
142.275624485 412.326383646
140.346121199 629.685768299
144.739784276 387.330006314
215.520638074 133.116847821
95.4050298087 661.69613806
683.235045978 677.625483339
115.500919837 684.331378154
218.598234366 244.533929381
375.551231205 516.275950201
145.893461286 712.754083043
110.777063168 599.929305376
89.7076944162 608.301588016
191.36656217 145.325937682
124.542590128 442.240968534
144.231945323 457.323596627
668.753890831 693.288203488
115.664923367 645.649567332
125.500165143 630.497702066
105.77708838 683.530110194
103.045487138 588.663199894
135.570293358 638.989798781
196.427946413 355.799694054
199.456692923 175.012780363
144.011084222 726.870471493
138.164011501 692.066195603
191.598309881 702.493011358
109.732195649 607.026239529
658.728703219 669.787699566
130.168340384 719.774973433
128.906700095 666.730271965
111.252004651 691.336323376
139.804696936 646.123838907
162.981485959 711.190352158
221.203683932 160.85824534
196.248427221 222.624461955
148.112252603 616.450287923
238.53735568 183.659491594
163.687214006 638.7030012
131.498444831 623.180411351
107.875131501 705.298995506
172.357266382 351.716830338
646.083295964 654.179588276
178.795447297 255.784207903
480.771348735 206.127183532
716.356257433 664.614524173
445.298887289 286.340103454
165.853015558 473.557752207
131.514185894 596.233894369
122.887567989 710.055619035
196.006163014 204.326161787
132.890786822 613.274652682
124.585637658 670.644893231
359.619167986 536.347536314
160.458003313 665.463865017
480.338733458 652.511054524
153.818662469 607.401726756
118.128178275 726.194610277
127.029830472 422.146472917
172.923924539 673.328088921
179.098882122 229.398290178
734.203815158 678.018811201
112.914774383 634.403017799
163.674977865 652.032071327
185.126748287 422.220509861
