156.513608183 611.338478772
681.425157453 588.356662073
635.97054381 541.954807297
247.738087442 557.74738737
685.94974334 564.341503641
151.100300048 641.447060106
281.460310219 214.366548194
607.398825823 560.178490033
144.406644736 594.381119846
242.660414325 287.16654274
665.209412722 539.92169809
196.066930189 625.475866154
250.255189205 680.419231564
267.891593304 156.561762783
249.441329496 126.555005233
255.118944158 693.314071705
251.88653756 184.459604605
174.436141508 720.442328947
259.039796462 210.037939251
234.867527533 205.964595994
247.941527181 169.99638293
245.254288525 228.904944045
192.210758327 739.030712219
318.777344505 506.519424996
502.504140697 170.638405035
230.231684481 575.675024095
171.351716655 419.799444554
338.336491122 528.340780226
223.303607985 227.271489771
317.096507619 532.365874957
296.109178544 508.000241541
120.790417541 644.818472264
246.908065511 614.07229965
193.775594963 559.838738129
216.319332092 490.617169629
276.51204593 593.697832669
189.426668481 510.393011325
156.593398795 673.679146715
201.893686941 401.080843896
272.183945135 513.620611829
227.820392396 731.269753734
362.783492592 535.551036651
229.00063891 307.833976865
284.533128735 559.317094358
517.257217533 188.393895575
664.856971091 566.05301879
193.568763252 275.405927032
211.159272032 304.261353081
222.031297194 137.429160798
260.755007475 583.574863954
328.208980348 551.320461945
234.842093533 644.596275774
231.492074702 716.24737009
237.30072688 684.71207808
275.691135271 644.74960232
347.045289026 550.154482193
644.246387608 575.881013484
308.123083736 559.689075262
240.599036941 140.906786008
601.468795321 546.254407702
238.280777398 368.424383641
189.963011296 588.394878717
238.424754405 406.049567686
232.234786387 174.18016421
260.167701161 701.358974575
113.008583784 674.257812122
255.633765265 325.286293748
219.00725209 747.271916728
134.752257603 697.207189586
256.345030516 494.311578
149.72250146 580.016244767
199.180579489 682.66449622
194.524077016 712.523358566
204.222714707 666.851012985
165.38747824 558.911183956
262.421699177 715.865247668
223.130250668 540.612055168
270.226012625 537.186970863
230.139435263 687.696370153
301.196947984 544.455695974
261.953339627 147.256075003
212.155984588 436.021282445
189.50659926 702.201039761
536.604188557 158.53152297
287.09011238 621.104622182
227.22166678 705.053911767
303.881242069 590.81896927
195.881668941 728.116718225
623.658709119 558.02287341
165.15643172 741.357384639
133.179251809 720.263097305
267.831625528 558.061999664
185.391498265 652.336465893
120.57218458 625.245754828
220.821695158 198.772071277
214.059425215 734.453409981
236.984283013 161.087407513
230.4001816 266.673569316
222.485720443 173.383857555
515.163635514 149.885432951
