192.195831959 675.199417886
165.431650645 664.497160989
199.56745015 417.94052027
178.189029578 698.982486589
221.602407999 711.049523942
147.614157965 731.259654786
185.161378169 668.351050473
184.891325233 95.1370830115
171.868071967 128.415421269
125.246762179 682.35162816
470.421833683 675.803242553
219.775673369 695.201316832
104.847922386 696.724344703
218.030709417 152.094077264
207.396013822 198.950455456
129.75225278 743.398806844
145.479662578 701.889670969
124.403207044 694.590497104
198.485316534 681.087215455
148.884517607 475.244719409
329.621124238 569.137860269
349.275391628 655.89446557
148.692621515 669.019863729
199.108609653 114.727753402
186.077098069 247.890899489
168.638505207 191.896010742
114.410956046 677.445578988
110.940427297 475.180837861
147.788993487 688.422427145
226.698418818 114.736553302
178.224291938 686.863688497
203.166574776 730.81783801
135.191608939 468.189850792
216.215325368 682.018530352
183.498503574 367.816618106
181.753296375 423.227087674
122.013349476 499.576435363
139.460383032 686.994008069
163.151891602 343.711804982
215.54189232 99.6849963541
173.533127822 731.862768195
133.713873278 667.596942146
427.024786557 675.262560964
144.581711374 444.416753466
329.887459725 640.455720535
226.296225969 725.283282647
148.005300854 707.380530267
119.548722337 730.571453376
210.601015475 132.768289153
120.685546953 449.807425343
307.636158209 625.697190162
321.578829119 662.168529269
142.102555455 753.309961292
198.597703663 693.077322421
161.439945307 750.60594768
130.227323331 718.277146114
197.331437497 213.901710492
161.694626247 375.101456112
219.234221885 174.044346385
238.250739436 741.568104415
172.653079887 680.103714622
240.034551502 702.988114996
138.830455035 699.475129699
122.378151561 658.649142333
221.970594807 744.269699046
448.394172096 664.53814838
123.650644984 711.184635523
343.068028507 676.200078928
250.156183493 716.373062907
246.286086004 137.444984186
194.750482051 314.485650657
177.316324818 277.647431764
203.911233217 339.923518473
419.303722383 646.555466477
155.206875694 715.387076487
117.482615767 703.238088434
200.914590517 282.645731114
154.383163617 416.91387386
172.045498016 155.57868574
207.605344751 369.24365573
150.929293947 500.834352804
215.999568431 248.453289816
379.7224485 650.030699779
178.167858341 709.898534045
205.422158446 706.012035483
200.560637667 136.42863068
166.824361343 696.976059189
380.696963832 667.285349063
452.699248845 615.889714547
486.196893709 640.546335015
209.935632538 400.216125787
199.517502237 173.997838403
193.438846089 749.30379138
173.55688577 313.807277141
159.10740231 673.543041497
179.096925831 105.44971182
238.134502668 332.360545124
193.486969125 723.312352281
457.656743031 638.152577237
377.862136847 360.884009884
