122.508273948 381.10864955
139.154837809 496.214036866
173.222642106 422.216765395
154.176762852 399.303133822
153.281201685 467.611966387
111.172926316 381.094536981
601.414585508 438.128734661
96.2521932432 520.101970797
75.8199468862 339.747829459
610.252795639 414.847154756
170.071885329 446.362254657
110.484606191 406.220098343
104.290019516 485.859760993
538.203536128 337.14918813
31.5939622203 100.572084418
106.561279561 521.840403049
699.25701904 397.866116151
118.206582458 438.588202133
630.890345551 440.019408475
660.829401477 412.110417588
678.54909603 403.625460649
639.296946603 415.526935903
144.268882783 413.119354216
100.5709291 143.228119111
664.114344819 393.182862616
26.3401987547 218.02572913
30.0981540195 145.137390182
123.414581482 146.188728004
502.747874363 400.851394281
83.7327098685 187.601896859
72.865756909 127.313863272
93.6211634239 376.875423604
92.8771033429 472.64744477
63.204748382 358.988413303
92.6511219162 358.107170853
158.540293064 425.743853101
146.010864671 393.856958952
97.1258965364 412.583068986
52.0767954474 100.340475563
51.8105653499 222.164884473
69.5937403031 703.681533282
112.980190097 174.179956246
479.787108699 418.236581238
113.195453199 316.395071602
666.806794329 442.502878538
126.057099095 493.079779433
68.0119487597 100.266594882
82.6878696654 100.370345292
4.13706484514 103.661031869
172.256883378 398.018327208
190.16193004 395.378518014
135.197802325 438.876764177
69.5696096543 681.023831695
90.6617639176 548.705055289
91.7210306747 510.794184588
115.186305762 199.90143205
135.837012491 522.085971769
74.3395496016 226.824067371
14.1846084548 110.791378178
119.358792965 467.185993137
434.920313627 416.163055149
101.976334242 400.160480818
108.564995199 112.252137589
23.8401343249 182.108259871
96.2088902754 666.803433816
57.2597623201 387.312225474
448.51241102 447.621081125
63.9533879076 666.379506771
75.4477818857 401.704072991
56.4478546296 261.401603553
88.4255295213 327.761697493
129.628880349 356.435524406
133.590996934 376.13265923
155.549897978 373.23824929
128.379254612 340.987048357
84.4599580262 696.002773116
114.695537368 357.63098344
44.4503149656 184.102097376
66.1321089205 521.271175507
68.2908270265 156.532047135
32.5102602605 121.078346802
49.3907222811 119.733976761
126.27092322 406.642404464
685.461501675 436.931337797
150.628863567 450.199856277
74.2367771274 540.542818939
176.66061904 372.797246951
141.706390427 405.949881493
136.554234235 479.491021481
106.854380721 457.595360571
92.4955682089 408.399646859
156.375175926 357.010168209
108.769421744 435.348469059
56.2431928288 349.056216811
482.63772766 399.140494821
73.0166883011 504.803444683
6.05102570844 135.57622291
451.990871388 409.920402092
464.319853221 395.526070922
697.294121958 424.61464724
