244.907555345 671.103853054
685.079653436 398.027904181
522.969320119 396.72932402
540.129456924 366.721024594
746.464576863 75.5709664129
718.441278287 88.0250371412
701.708156822 312.340648261
673.256535118 420.927927707
431.708395315 396.153633554
546.293303221 330.486620937
387.403360329 397.514961098
129.836626629 427.438088865
733.082338673 94.2613549234
463.786071538 415.405201804
602.186845944 297.493393041
463.4840678 327.00225363
343.340298466 343.096719079
532.577197731 347.673599305
706.382554921 413.461494731
622.391722581 381.789558438
709.967621458 458.861014048
140.469778204 434.01299827
700.669320824 328.789946486
570.669377373 314.660756744
184.844224634 644.558933802
511.25655056 337.418023654
708.937453569 366.471950037
611.884261172 411.573956521
732.546464377 476.895848743
767.734775056 77.0143505073
695.983599853 464.02026835
417.050327388 368.981025423
703.519343795 285.851703122
372.210886431 359.480679143
750.259135709 93.7935737985
250.185280878 649.775678581
607.092554221 323.206266299
602.077399943 394.584540977
699.587820433 367.240056929
700.919029812 481.746205783
595.324284851 369.851401619
729.464420704 429.702696422
741.952542143 42.7128350411
581.998069815 434.636930753
652.601338148 429.507201933
674.969146461 485.301091213
177.979195059 396.756340936
696.590524081 420.127330129
535.177135663 444.877059934
553.116392994 414.468705267
655.605461017 372.964895403
718.509480851 316.922173626
646.091451852 381.593203505
554.694090739 361.394333678
605.976947606 346.119338173
730.72519121 60.2442481123
118.164190201 422.626876313
644.935139643 407.046502032
532.712104215 418.443156223
670.456655295 371.188381318
159.883925635 405.952265566
702.661048025 497.827935748
722.418089971 487.391110149
685.082146855 348.3501819
152.25129272 383.175143722
249.029914092 692.818639814
681.369672862 291.870694191
685.48032509 374.234563373
673.444317251 454.688926036
707.962912363 432.551007884
329.245454545 364.195197048
574.701853113 329.146648144
723.39086572 366.278414758
103.320268948 401.536749004
577.908967592 363.031411597
568.582389359 373.716766995
694.696340201 85.0938079981
698.774873191 378.48353915
727.344662939 384.815010402
680.921959981 313.175986594
709.704395407 391.150811146
461.048560265 360.999505305
661.451664842 354.586674972
485.139808168 344.294012029
710.613431528 70.6653652207
443.905547112 334.891858734
127.754223547 391.52037643
585.543791831 408.462043911
101.381429285 421.436986272
754.210265549 53.3679086705
543.469725119 382.455772541
627.017656585 361.796333388
349.45310781 374.245862266
635.665292611 447.365324336
508.910927755 361.518753339
563.971807015 400.917923347
724.434426623 451.675905692
492.885624569 392.402080138
549.910585448 431.779310863
710.761252816 53.0386741055
