109.526484682 566.056617038
178.160433958 436.184665131
657.958091795 607.817698057
390.18640199 639.47054083
200.09767458 581.125235314
132.193835101 580.351455223
700.835215114 571.57523751
670.765050545 576.411186818
157.068926742 690.973563766
99.1380789467 606.501684165
139.639308626 698.974174726
104.220254319 485.389849418
144.194545769 673.042029587
123.838178589 555.896978767
590.276602614 602.277177406
120.586195288 540.936532872
123.89947211 670.56954377
668.231663984 546.097966488
158.928165585 213.478154641
217.600510278 637.513693366
158.09076939 194.84876888
622.172544719 561.390043956
700.776751552 603.351982237
238.264651249 631.242756156
127.480278736 431.801662362
146.460931403 241.465708271
592.138214268 568.265538055
692.711430587 564.509736581
414.301793573 598.633357858
92.2246163098 509.354789386
154.765690128 526.602906369
371.211338303 643.495653084
308.930365496 608.547256677
182.841082317 625.16505253
121.708457404 699.70978731
169.922634887 474.821532333
308.095263743 593.336373972
167.511018557 704.814580314
360.105802177 633.879741349
247.11732628 361.497270081
667.820354476 641.806229643
314.098479995 296.749435065
678.607045118 613.677055476
140.018552127 470.816870175
175.831626462 250.762458048
172.465845787 676.787965118
552.529027434 584.788506419
451.726568846 558.260785086
282.75191348 644.700217601
486.405774858 587.868528666
156.230986132 459.771190907
155.399665573 436.904936539
222.948698565 615.452701984
122.768096516 598.016085666
514.358724048 594.726122189
198.81029568 646.039510568
89.7436760317 550.313860204
252.663104292 619.089633879
621.368202226 596.765086827
187.093934419 186.963080646
331.906499754 631.945935478
93.4234163094 575.710319994
563.772085774 614.361707688
140.206679133 453.124960924
141.686704428 504.661473775
118.975974431 517.571227761
687.281507665 597.08544706
112.001316267 464.264925532
169.612213295 509.355247011
168.874924048 659.782995961
305.155963863 665.708335907
131.907111499 683.793187444
601.021176084 543.714142916
171.34640466 451.052411318
379.605357887 606.085140792
352.814442555 663.949417965
129.921234994 481.723288658
341.708194742 602.115227447
477.580691809 571.847778048
155.566313623 553.904737385
650.212961226 585.216664138
141.708979609 651.833979794
457.783365437 543.043628584
445.515036739 586.277881842
92.5385811686 596.021168525
333.508099686 670.872953253
93.3973356165 470.548824751
289.33663678 302.677511359
166.929495922 494.768674641
210.597494837 608.059939274
406.673060942 640.715518118
108.92970375 444.922210357
644.786940512 558.131569704
141.077714348 525.050246629
164.656710617 171.026225586
422.85450317 565.015767027
195.828237366 222.96896598
513.978281867 566.243393578
553.724579831 552.696840842
170.107963028 230.722638941
