586.753201438 266.527580753
589.667669352 275.234126095
610.238203631 175.656317807
633.669192917 159.109790945
576.99787881 674.433905095
566.607018489 553.691117811
610.912453112 588.28109603
134.636409683 131.436101366
473.947519967 47.5306999994
618.182073336 214.346628192
595.766358755 680.840211625
614.147222015 319.806960781
451.345493809 594.721582538
509.317594629 9.12350598996
635.248324045 106.954260238
532.570271449 679.150253097
625.332030929 150.497743218
574.973380152 569.841105628
592.821487773 632.811332777
656.798422151 254.67347128
513.398512693 74.4146551581
633.201025259 256.370924651
629.587384132 275.89382416
583.350928406 113.748296214
485.410193081 71.2692176273
560.998499171 79.7392614289
592.260789386 81.6486726468
625.042582443 141.049165999
559.513665557 664.586009276
512.760359615 12.6127366823
577.485479235 96.2159662723
544.060378674 584.524825068
165.786799713 121.827116273
592.033610841 228.297501993
138.413117114 106.503333197
639.776462689 292.992431362
592.974570324 118.654636759
587.659395063 591.505706156
607.921936646 109.97555589
486.810481023 18.5744581264
541.362372103 698.103952857
565.87572779 108.080397635
575.763272059 700.001420631
518.24030574 53.7387297247
643.603388626 163.622411286
594.902337549 301.123894907
610.473929859 122.393543057
629.265505643 131.365604699
612.544792356 103.874440499
603.828011017 142.241888223
592.491930962 135.45596683
593.874208032 347.82446645
578.667312306 530.930520247
537.913439999 315.896000102
548.083137643 608.313862277
609.839947635 157.94736203
590.360436354 555.107634804
521.685687653 30.5189177049
624.371861163 88.2641429211
598.790491449 649.355280517
544.769231103 652.943432872
609.629703864 297.297990283
624.269910683 121.283361811
601.012640809 68.018910206
609.764092655 346.169103017
438.287683538 618.888272055
564.343739291 712.295680926
559.942164284 626.599348441
606.900345991 619.703517983
488.075418059 36.7461663192
494.911547177 54.1936263332
589.608808878 167.224598113
159.327511972 95.6887662911
572.805174298 313.182400412
578.845917685 152.752590861
555.463214408 690.2781021
618.925386748 187.142269621
578.677199404 44.1470422441
118.876722651 141.420311748
556.102847455 53.3862214853
601.511066271 91.9123587048
574.013538709 71.5130984478
617.37564071 240.005858601
634.221215802 217.390986367
596.644033899 697.439386063
147.249280049 142.474234914
579.088584076 129.978401153
429.496750418 599.05074987
603.985318034 263.891300223
598.689521339 664.72340841
578.831414323 327.413752344
619.122628511 171.793889022
541.183381818 637.461583894
121.343161857 105.403534801
567.801347638 648.306198297
107.167191646 119.532413206
587.487914313 105.685858057
563.777938177 592.108641043
573.324375678 611.182548416
642.636649557 139.030062522
