526.64809962 580.64998692
636.614806066 321.733904155
763.784676182 551.872329632
684.189955922 649.368736765
546.004213762 479.63944372
492.678083856 475.656711477
767.094111165 508.328302204
745.187086471 499.406579629
583.778352699 683.818361884
530.455835014 617.0425024
587.154947263 651.861799503
482.941756191 411.412949364
575.764936733 573.907108357
507.752984283 509.838187617
755.021626895 583.531932311
458.202960746 461.68330093
542.013807512 539.205072075
711.746428808 468.505000868
648.040255597 207.281963128
624.8372965 600.416043458
647.137340641 190.462451254
717.718946831 512.323692776
784.236442756 546.791221779
625.180260725 549.053339862
585.589670413 336.979087005
635.512183869 236.863385268
725.368507072 533.040384746
727.484798208 476.591733754
693.898415357 604.228681062
463.648218411 424.525521551
545.156119374 450.974186046
676.032138886 703.846417923
648.072900184 591.462741482
556.097701053 520.321026087
567.237408689 659.87951202
615.20523809 382.12018735
645.605443723 541.062615768
612.619178698 677.855807663
666.674511457 631.655622658
247.353640046 349.038750647
750.195547189 522.741923074
668.436604031 265.502304264
729.428650701 503.421135272
569.06222451 384.819651377
664.514609617 245.757912579
609.404039791 632.473354902
734.275741988 561.397693523
698.592139498 561.170647091
641.18687682 640.860260706
726.532866841 631.770503698
609.756633402 353.082379041
610.342271726 314.071742964
595.341732324 507.08960901
553.730866005 593.651670517
732.616415759 583.963183405
602.776059479 572.257104191
501.070743968 545.653215681
624.006350928 518.361454254
750.484886887 548.863280705
676.381595889 180.656947299
657.331388753 661.196404626
504.675952233 573.041982562
746.897421218 605.480260082
587.720337507 359.391405691
527.580802674 420.586309887
449.697623847 436.333670816
762.632254522 525.338670124
518.94171621 381.763918133
584.921797649 451.22561427
595.140069184 533.030748579
631.496513014 695.8133092
577.984790739 618.470863942
691.76216186 478.807705099
623.883567913 330.888576065
680.867542631 589.12874899
667.43022841 691.036264781
527.198624912 398.379057064
666.735638258 554.095482525
721.539895881 566.391396414
512.622324518 446.527914927
737.346966989 511.92387703
533.779054923 491.331461311
685.584470968 515.384671342
714.612371868 619.411705446
499.845911796 593.949442974
653.814823539 679.898050934
483.455702298 387.210074121
651.15667228 262.126773132
578.394822696 407.827883267
573.23605631 498.917373982
710.005675543 667.37593988
514.338570805 357.433440993
707.271005588 479.670617115
488.412063862 424.314252699
653.175921443 169.002471015
682.514066658 541.860571637
684.828494139 207.480170546
707.404065734 520.413333456
702.903238408 498.281753822
659.012472466 225.165927596
