634.998345728 100.621744983
663.235777993 363.883710963
552.235297952 700.192327522
649.041164577 430.775914626
361.689829453 103.191165409
113.153656486 49.0183264672
657.268678311 290.49107271
607.456759505 115.314597711
614.435303384 74.0303823864
618.098422009 650.294111201
513.642167541 217.271428985
585.247493554 49.5050949596
88.4662423634 65.1230209325
492.048226903 240.760893065
94.7833703556 85.1409309628
616.847777817 610.877996113
587.938685777 648.104898164
322.137910129 65.6568611669
641.984713264 344.589861424
528.712852586 216.909442702
565.947280059 687.884469062
683.968674055 347.197520703
147.975066174 137.615457431
664.346565861 312.861572354
352.3084086 49.1345198894
122.150390197 111.09484701
93.5766714444 43.853199511
641.211186598 144.022740712
582.621378168 89.8063022212
574.049390552 700.487505011
681.612719421 279.390102727
570.216312156 109.148967002
569.621954581 219.850070135
502.939668646 196.910174063
613.296516854 568.025691274
646.989022117 455.343526023
605.436307266 698.027424878
617.837483877 142.76027569
596.626517039 103.858356286
577.792559858 34.5518995642
590.11411296 683.296044128
310.123212959 82.7314313289
631.952153524 79.4313601022
331.077811047 35.779413911
310.995014151 47.4103612756
575.128654875 118.134553916
142.677740041 96.1427212708
383.044431251 452.362437533
126.495439544 60.6049226448
603.322121149 674.472914251
515.434074733 145.382434687
605.989285477 458.585831765
589.216899536 624.67795892
567.765743372 639.990930819
322.868178373 129.274512401
655.421795086 338.470753186
565.549438525 612.586880627
568.006996744 237.782429315
551.324773496 169.532439435
543.478131613 196.337870318
570.268261681 577.004438186
598.439370373 141.666650106
592.282013221 578.250492337
619.599935135 159.940484943
681.050514315 300.948185453
578.257207304 601.21301337
508.920539579 178.838199108
540.688093959 609.827816445
630.511779714 323.982584373
349.43858343 67.3338662477
597.581293738 88.706211445
558.263171685 667.051446431
523.464164228 172.393845296
622.441184796 454.802142536
571.533989477 178.213413256
347.999055269 118.921614085
591.38453755 157.240684774
662.017491917 297.288837345
566.298271391 71.2669306097
617.582483751 55.5675566761
582.074335028 73.1593284797
559.516043112 195.382409338
593.795379664 176.507932104
332.143855629 88.6720601505
608.791138936 99.3237424669
578.799903673 664.969214523
544.835999144 129.139944031
602.213795442 586.965384012
509.878949508 237.541462
569.24004814 154.655304532
111.157774577 25.8753452922
611.415362994 428.709491031
111.069784466 75.467658648
590.325558542 36.6272512685
642.242786103 316.888470346
593.608341311 61.6227616171
571.656284111 104.023230098
594.561529955 200.062449887
542.496310133 648.905076205
622.531048995 414.438148652
