126.349210869 694.965941644
47.2778603376 317.535976984
55.4977596938 175.675283473
26.2685588563 329.021688643
130.362093853 236.069427262
19.1176161979 360.625789705
624.782888342 176.011499951
153.779861504 260.192899688
311.926693334 355.464347716
92.7244445627 224.952817934
90.0315045547 588.00021643
101.91216194 232.742627963
124.821622319 268.735704733
28.514676701 144.711131174
90.7265299392 206.552590538
114.073384653 157.761409001
36.1740415838 393.952207691
116.442318461 210.521366932
75.6685471283 328.61514947
112.518079662 589.226610364
206.873095122 112.894621588
45.7628623523 137.259294482
646.925877412 147.587972113
60.8920835591 127.619377601
30.16439882 170.995560088
76.1637116855 204.600198741
226.762349337 103.814231497
108.546075703 613.89977555
180.617076711 195.344796481
622.79745911 154.126017756
43.227234523 346.677748141
48.0794114035 377.621444927
219.219886545 129.684894986
104.591640387 249.315343066
144.791785736 699.14079723
127.996027032 710.066475188
138.156019722 102.220739646
101.226930864 700.368143071
641.42423814 208.091728932
363.256114651 323.797588711
41.3987128197 215.2130563
437.490022581 194.906735402
165.25688722 157.697738256
75.0170507809 385.55106728
176.123165172 144.031691197
64.3791357426 195.812443107
71.568345646 138.609868053
189.677911202 548.427491782
68.8186739998 176.296573246
124.291545098 245.767442283
180.637962974 96.1830359022
648.06398517 176.742632503
178.642161263 236.719097784
123.178803036 125.704747915
70.7434124363 360.496969222
156.938550588 231.214517408
52.8827237686 107.168181219
106.708785896 320.703343191
81.9374553794 131.366908509
75.3840498951 289.386020685
63.78880792 230.668664026
153.843045148 555.072686375
167.435158402 572.733437999
417.120923636 206.304752047
84.9930059129 194.855467168
127.592787397 669.269855022
209.175049647 93.2235891155
146.899453372 595.469423693
97.2215808262 346.891501443
143.830365689 683.014981096
97.4502810045 197.728668454
152.564326269 123.815331307
537.013621972 325.16770964
81.8341101051 224.145692109
93.9572845912 272.64213664
131.288172124 575.199135915
92.1723433213 149.537363063
341.127414192 307.182904442
669.359181201 194.386795087
185.495501485 105.04345678
149.645108934 662.21445126
16.9148841296 387.38388536
70.2390380655 313.423704318
131.222183356 172.902034257
156.698132596 106.697951876
142.916629618 215.754713034
81.4196667617 181.377330232
90.4281779643 668.747921688
53.5281498922 161.466404865
135.286588924 143.912934907
11.7666501228 172.70755327
104.25527568 680.633003611
118.104359668 242.979486915
94.4110550271 302.383516483
103.060930779 221.150520793
37.6397254629 186.528129019
274.623407475 101.892983535
62.2279092051 407.943547363
75.8090938632 259.912419764
94.188923281 105.652770694
