455.019300884 473.821630132
625.732989626 602.509951841
364.139601933 594.356756682
568.157800778 697.571155893
440.893418249 351.092388703
496.669357717 587.792324557
124.660154127 652.617859467
524.541856896 493.667522177
412.912001612 401.276795117
463.885417955 638.39241854
416.746676067 488.916460565
510.603369034 245.255487433
422.491534175 544.360254306
354.716309554 497.979212585
350.959025177 513.975394762
507.472101054 687.158818872
373.619096075 546.110409383
413.293417809 366.460777327
627.482063375 648.476726037
395.282979833 483.799468253
339.890407805 574.166625488
570.749189969 178.737664478
360.228007195 526.960191937
143.088668692 694.185484949
477.409063304 227.386109617
453.450109046 544.517297579
322.879346991 509.773967945
454.961991596 388.315112367
389.941106321 428.708085372
387.063938932 625.14407165
142.018788185 638.430205344
445.877648691 486.363102532
532.137212751 572.466598795
419.926973653 460.002004364
526.703556706 669.46838143
584.896460168 701.789402362
434.940281045 642.305882587
493.412093988 498.045457457
433.731704512 477.342476361
518.261825057 185.521446731
403.292907648 590.586561183
404.464974974 450.400231907
430.869309006 388.20702324
430.890203132 280.669130332
463.935022752 304.651597304
457.161032391 492.903227288
520.892208468 623.167005256
533.662027297 700.574905834
477.650537534 527.494933501
425.388803555 614.316065833
474.876091441 266.481682091
519.979794497 647.369960735
493.832139849 663.397534729
352.135781488 535.176421019
365.344647234 473.109555984
478.303102447 397.736244509
457.709186625 580.051410612
562.471460439 653.026345458
371.459666414 446.681668867
426.199534842 508.025374643
486.29379077 552.11615877
542.956752817 510.475944373
485.392063237 602.598664192
394.193575859 455.401786216
158.942702283 662.13113983
455.412261825 557.406031813
123.522527306 689.897586722
466.302112216 608.592942059
623.580229443 620.171712679
386.08167101 375.135282819
393.429146263 409.515618163
339.853699159 542.846054371
368.786542834 421.879554955
556.958479961 686.563379798
563.223400238 590.808739845
377.96250993 459.876764085
616.065122567 641.875738804
135.056415581 674.514469832
519.792487169 212.930095651
538.886558588 244.837229582
519.875969642 266.196617831
385.066078547 489.474039272
607.680055728 614.523991544
165.228606942 702.659928847
447.058568247 444.159233841
384.873521323 557.220042854
502.999744079 283.0931627
500.822201386 636.404380675
328.318649369 491.661878527
468.712795568 507.579558631
403.799496278 510.228841035
543.591616178 657.400786235
446.040074559 521.261291704
551.953943685 185.46439957
610.868111935 584.229895615
552.145896175 215.606668316
417.465499131 441.56787231
535.897833438 522.247676397
313.280811172 522.125680692
558.525475075 616.704650296
