371.863116474 502.170166768
300.847754663 698.804678582
418.396512248 556.470494001
407.913809005 515.969410967
328.799442834 681.395307602
346.201092519 531.451507166
614.852407697 716.910710045
187.849879294 769.625450586
333.447426616 443.033286365
615.513313214 694.27481948
384.415487549 624.980114818
301.212588053 611.038921407
204.759954457 735.011175786
541.969328301 330.760526426
265.185803775 86.7705688863
238.754870856 718.216407363
698.551643946 677.541054878
283.393410988 664.155606749
640.244822957 719.604542509
658.051934396 691.97343174
682.581226153 683.350297672
639.670393241 695.274193243
345.180259723 606.749953696
272.811893585 163.033460347
664.980007406 672.98133791
237.911102575 256.685469926
234.889701962 194.486309399
294.550195189 148.10617402
484.101024694 679.445679076
271.693880778 225.227545126
271.588315662 130.086499646
298.062586129 567.918305355
161.817534475 732.513429131
291.64532668 512.217370094
335.753837555 492.780335
385.261426445 589.174257338
410.813510734 481.611817562
246.916994372 648.322133788
253.222629033 117.049950993
263.62314752 264.26746154
261.945273171 742.040612248
289.595711731 203.676581157
457.230176936 696.605356745
373.060682148 403.998406736
666.35248297 722.438428318
262.066830592 708.265522005
267.282065676 100.445233212
285.687826158 110.645748896
247.057572517 99.5085371599
442.309462004 465.656055715
464.70129563 443.548915771
323.206129801 645.755914126
267.889023036 725.131074964
207.742250274 777.864394803
172.853510202 761.588326176
296.447576435 241.58326291
292.286888961 698.259332347
291.508597983 262.722182189
233.632764059 106.961903916
257.87344816 701.145694807
413.23439595 694.899739081
303.190563512 594.108511496
297.441770774 129.125412896
234.535133153 228.629299581
305.411945464 713.414671474
255.724459584 582.397473565
433.228971812 725.772924958
278.008845268 713.785337698
245.332911925 623.089427151
280.496671595 284.683364396
352.510984952 408.498571579
393.344627582 436.366260654
391.496393128 478.983010732
423.460606141 441.820807316
394.78980507 413.771992597
301.009948019 728.122460488
378.060851257 443.394062406
258.980522095 232.489375418
135.856997909 773.795046806
264.416280955 199.469320665
236.964829827 144.898762852
258.620289828 134.023274134
345.529864213 580.294811203
682.302786312 716.833322042
362.343565787 632.905712114
138.89861518 794.412108419
450.601935175 422.32470647
386.188679225 542.0404213
307.472048789 688.546827373
208.696043596 711.428530351
278.223897097 616.92858639
428.637980516 407.232690167
241.924089304 679.901859108
306.20418239 472.760722335
467.660455339 678.199633433
142.539383503 753.881884918
254.667692263 168.283001886
433.03816853 688.628668798
445.40165094 674.417420496
699.614685925 704.312116788
