653.365368372 285.292204461
405.513396567 377.241677812
658.750260375 452.221217352
616.317742699 587.624383139
547.917383685 400.907828216
751.442024139 639.938306897
526.070790918 329.232364872
683.193541962 119.127189934
643.769325143 169.6718306
713.444031319 554.709430385
737.257916025 503.419541022
655.177854982 243.673927142
745.885021148 677.169926328
671.961518537 412.588086883
483.169521063 376.677508545
514.415333694 460.495628339
634.462426828 426.012330295
636.183642893 121.673809378
682.746175077 537.943135984
614.797939041 356.451758496
636.41782764 474.109429819
639.104312496 99.9207441125
648.012419025 401.761053126
511.160955171 352.402736756
622.826929975 328.941610215
779.227824538 662.260111865
374.678257425 360.115603235
653.387173279 202.578627753
618.406980857 146.885166622
142.133343525 361.560437404
579.711222848 322.274114264
653.759766769 363.230160461
753.697099765 597.986072521
764.393317696 550.030306849
363.167319711 392.90849017
655.90461926 599.389239939
672.716336723 497.833078878
676.433892177 177.978568161
762.581994778 511.491354086
637.618810863 258.924531038
109.534587691 348.39830981
609.913579713 382.263736831
443.563738353 368.19414726
602.937473888 402.237883731
586.250285922 396.631722482
677.303350609 341.847166337
125.907957955 373.903043294
392.403030966 393.361638841
786.759948712 615.767863974
709.30340579 514.956556992
637.157192758 376.282876176
623.345041392 549.659370305
586.648581317 543.900373503
614.668592475 437.911485028
646.282850518 224.364436397
680.185120611 99.9594437878
693.242481322 431.913184563
691.351031271 561.345386931
609.375277895 214.531489922
775.417792964 599.829421224
765.36660983 684.557717882
689.635144409 154.403971224
731.933973198 618.688885368
635.218817335 302.811383269
564.787671938 367.463166353
752.725870682 700.928561368
478.039582396 320.773422577
738.475704108 576.833874846
662.118062429 526.152933569
621.739982564 114.752261395
625.22450265 177.361065739
524.493600546 416.328267052
613.504178017 307.850955485
689.29172504 582.493668612
602.992217753 473.944038897
614.050943361 283.167386822
666.591717778 563.044464144
553.520561335 340.765058528
661.514708371 154.875467948
662.336692007 114.821245886
673.47921736 133.732674591
589.007635166 345.07688402
102.363453588 369.822174789
370.451369927 333.800998195
451.95782548 341.825449583
741.390213613 531.876277486
652.287659644 326.757843785
551.427172228 451.130123106
584.884801149 427.362505227
673.700585925 305.60753506
433.672209237 316.062758152
649.014795669 573.284981215
764.396172791 645.491600336
652.010202968 139.002613727
698.249999912 357.726778909
669.04680698 99.0672851552
408.413520728 335.977646887
686.261658307 236.8925565
125.457888305 329.502418045
634.644808068 508.073027415
