447.581064144 547.294237239
469.876190591 406.61062468
529.714713999 438.538279945
551.789943597 424.694212911
479.536768893 620.694162859
372.354020046 655.643729213
270.941699098 527.103311187
722.016465272 459.968319091
659.612231971 470.88066006
448.88988443 468.969277971
379.035792803 558.9258754
627.450145027 407.605375085
410.589700295 652.49438541
348.324662575 507.022596172
434.025271122 679.180153845
598.925803125 469.195639478
640.42170054 458.763834925
453.573675974 602.978371269
499.291583375 598.730283255
553.241564255 129.00656541
465.962432184 454.909121453
606.684783304 437.503834874
464.653399135 698.45258532
314.724733383 505.680467256
226.643274391 566.454597722
463.541820677 679.068068468
271.838795525 633.589085999
541.016121214 473.108517693
376.747079925 494.210481615
550.957673665 441.685170311
627.390337334 465.634979041
507.379713265 348.681776226
517.093366667 535.116401336
358.39691291 570.07077031
475.916455088 475.787713718
438.644055459 388.239883912
503.215609401 544.933693454
563.964098091 463.376231633
641.507387607 425.283046309
529.031847618 331.1109278
326.257416563 636.112189654
449.103364694 633.237376565
420.74285591 568.494409965
243.831181938 537.104949266
430.151967186 609.790274063
532.012067194 136.540833787
461.33985979 656.3635605
216.114298465 583.85050568
426.782707638 624.59819821
487.391060926 504.663874084
357.343714091 523.451273597
274.680471749 546.487009881
509.242493997 510.193237618
574.830712886 420.646513542
492.377687042 693.663186426
328.243157419 580.297506559
490.335614677 430.898451833
499.095867968 464.000868455
575.839869596 107.04320675
682.012763164 473.469649956
287.678117558 596.155495207
708.825737343 462.499033769
491.038642266 448.795004994
372.419747201 609.563154709
364.025043015 583.461663604
462.508909905 430.007497927
666.917269299 449.77833622
292.11986991 565.283533672
480.864035726 597.145790224
463.886825113 574.660157076
691.611196761 432.394968989
336.310318871 539.299026444
705.733694538 434.634846747
338.284043036 485.138665339
471.115529969 488.328757819
487.507138894 671.599574216
524.859136953 459.437817533
336.728912545 554.480621621
398.204072708 509.517191719
553.347519993 154.86586271
566.755340172 342.375209326
599.585412449 137.570882385
531.675970923 490.777435032
477.216379766 638.40397882
409.745309157 587.62325965
581.755354057 441.930986485
536.830721111 360.97319264
512.845257555 477.573465581
698.144379402 458.005060455
576.713433713 144.304177909
235.110669931 605.509056888
311.251227727 517.404132076
445.132074167 656.823929074
550.586211489 99.2639308503
254.352527275 554.573312661
540.422598492 112.571393106
409.505037226 526.47266228
366.315610708 628.560801242
303.339215664 539.156136037
327.146183007 607.115933861
