380.143769148 666.691511342
492.731425471 408.607159598
665.272816133 688.078912715
525.015278846 686.133778172
440.06940073 612.061161319
411.666433918 624.121627659
705.429553368 665.617524876
688.062590895 658.54214805
416.620605283 693.033074734
373.415346446 681.96485145
421.588034246 679.54988005
407.402854008 557.192102802
425.912120153 653.237623818
395.783743215 637.636219359
633.046965248 698.753500669
393.716756905 617.938404381
410.492447769 646.198352614
679.466059047 633.928333057
478.474035167 217.946327521
465.061103515 655.699374207
477.645534811 201.013324707
644.595127403 662.937683409
701.397654225 684.056624972
478.410218854 634.237470743
444.516303284 427.247369484
466.041235959 247.941041348
627.800444625 669.785038638
700.207750608 643.715149212
536.805390118 662.87421037
394.326734501 576.687985086
447.352524742 588.24314083
512.604485442 697.75836177
490.51988838 652.383961222
432.772093678 636.846483448
399.794748449 683.569741817
483.9586453 483.483481432
499.827487477 628.338177146
444.322839445 684.482362075
504.154149935 671.690732362
248.050181131 355.434809963
681.142714233 675.686584464
499.208748944 274.388994546
672.576412244 661.797548977
454.968729324 500.380514818
494.96075479 256.059979343
444.031251897 665.322214062
615.164643786 679.198193306
562.596837492 660.591950714
475.328409009 663.973461474
580.528748886 695.219261608
472.161874694 448.440025323
470.512065575 406.255142874
467.096472256 618.35177561
398.865655417 663.259328748
603.621118253 686.086400184
450.923033163 648.178726666
367.858732993 649.757010719
485.131093002 616.224087718
650.995803912 685.916386752
506.79659476 190.416190745
490.96109723 669.166634824
361.295525322 663.066619931
616.188829337 698.244713404
455.773397636 461.069220451
441.691252504 563.914573806
398.868976469 596.915668609
692.366493037 671.967791579
425.604259215 510.670017539
466.98921374 571.967716307
457.586190668 632.77309168
464.45645592 685.126690382
417.355459912 669.387700667
636.686319436 638.610009783
486.472267787 427.156789734
526.272115176 656.115082994
502.114285185 687.541485421
438.127950489 534.156562963
518.633939425 636.971917451
586.245563592 662.906932805
435.029834868 596.740138693
660.269983757 661.387353895
428.774395336 624.830998335
565.714712945 634.948129932
560.596236137 675.402277518
352.972964252 678.839295283
487.030537227 684.976437069
403.305524255 526.610820423
481.897833944 275.993313864
476.47249317 537.791991114
453.959724024 619.756904246
550.904476826 692.186976851
423.688812236 484.89877276
658.314235125 640.192939888
429.568439894 582.402691465
483.977220001 175.227269778
543.610725933 637.885839919
515.599113125 222.277394745
603.764125737 654.729635433
623.695389803 646.531849594
489.532561264 235.760179226
