696.418793489 401.89710575
646.087313374 374.249660411
705.700205232 438.424617931
765.846414901 526.628886643
101.962419898 374.826727768
687.925229175 529.963065807
651.620886834 517.153459132
683.717662378 371.52842101
199.257563885 424.00673257
174.496832737 396.395437993
714.22318902 619.880442691
699.226695335 478.614438502
171.129500715 428.622662654
730.079531804 639.708387783
125.687015132 380.47862942
668.233376385 539.187422965
704.246094197 452.0568796
149.577142244 362.267609122
716.538096541 505.621397621
541.517007467 216.606995735
669.191546688 442.541813198
719.076584192 435.743990358
710.633744002 465.79986477
763.664385176 586.287394746
711.552421139 393.510358766
596.900849803 530.748264632
653.770210429 175.066017455
655.881495244 410.514845658
752.320686202 436.289097352
454.253074462 552.608353232
682.530394142 475.898533274
750.767605146 602.301891411
766.940092391 542.360846173
719.246535997 594.891066926
743.607536202 475.574802283
752.316051226 567.483566369
664.659646093 368.725833075
397.225857943 537.567074675
729.432440408 565.775375434
764.942669853 467.117024875
414.976915925 100.979284518
687.440548366 490.129747829
481.083198355 547.075226359
737.517026124 546.475206427
691.817498957 353.239711242
740.982582489 650.423496894
209.858967255 611.910447379
739.003291088 456.191935487
750.644896193 625.558438072
769.516164743 485.946772844
421.008224836 526.150803705
463.346101723 514.198628811
451.06078304 527.378472264
142.060430259 431.86836264
742.501443443 512.555253269
146.47265629 402.031869202
704.844720007 594.276595053
676.90515181 407.612217151
733.223903645 599.097930006
645.47989077 353.661401098
724.338099996 483.106182879
643.370176175 565.114658963
749.596938788 456.544784736
629.57275061 391.927444661
703.865735762 370.334393648
631.233599543 533.349232225
647.361330604 386.638009164
451.233903678 488.278761509
508.936339385 499.128668218
667.665412572 502.389976596
686.321666626 568.621756541
718.816175835 521.105165359
666.55099398 380.799910892
704.863621183 555.710476533
400.724231569 496.89128251
742.129013991 494.893401436
101.333501631 424.707800946
732.449987507 424.18218678
680.020996788 424.028922266
277.634450855 238.161644474
678.558128766 452.25382202
714.115753397 488.491398399
436.757239252 512.828989905
135.813516202 257.200452564
123.663767111 418.727440961
755.005984352 495.489422682
745.686982796 528.594566823
488.903497015 515.423415374
740.326498735 551.068837125
429.72226416 556.018980547
724.167161381 461.308603469
423.531159561 485.183655907
720.334276382 603.743194399
227.561145423 623.633409841
563.851831143 507.933325405
711.372520118 531.674644891
664.660753511 341.838711102
710.855813055 569.013541927
121.260360754 397.159326092
101.946075765 394.718799453
