264.32670839 473.274913158
495.178786226 572.773943613
209.497047272 530.145017846
328.805645221 649.127570793
298.489206362 498.67551308
106.413918382 501.565799794
134.479126451 568.521216323
408.327029585 460.175273696
102.528177162 619.854561196
260.295827083 417.321878888
158.97953767 521.531323391
258.750833344 530.304843112
368.350642831 616.213853536
610.278410991 514.671506821
114.02875724 596.069573833
700.289957873 493.420041297
644.63133868 467.542865484
205.027264342 571.808307676
173.550661156 595.085653464
193.241912282 447.895069933
663.24087632 532.91188017
643.701881679 507.697680067
324.791987587 400.251178235
432.024323755 552.153389869
415.279527051 401.337859365
431.230451016 446.116636778
178.923860872 490.520330865
327.330323526 566.555519382
428.506252293 641.63613551
197.564431863 524.74378454
89.5715539933 534.839847427
339.811328132 625.808202376
395.260045632 383.229481354
364.522533382 372.130842818
233.655296074 493.932370149
222.458120273 464.948424923
349.154347112 494.175195225
100.845002779 556.48783516
365.518220895 422.295925777
134.299198036 496.047065678
333.317428987 431.970196095
235.271766552 537.788694433
388.915782476 351.875744309
674.773380422 498.947634018
701.450664072 520.592723431
410.762122374 510.534669412
400.948222698 626.892308656
521.751656854 297.774687885
430.035447348 611.615609201
477.158369397 564.074749017
294.90777068 582.997446563
303.857673502 455.384598963
231.710938515 519.570449031
160.507448039 480.980651156
118.579332865 522.948734206
257.495565416 462.203074147
611.404311625 490.821166625
132.835854221 550.262731387
274.400949072 440.850155706
505.350743266 550.614018822
496.776428619 522.918102527
182.12646604 517.050562876
670.84871623 482.741642977
240.840115866 592.950813555
428.733278037 428.581720227
353.573938734 362.549845989
163.32337722 556.272302714
585.533048983 497.31543932
427.324456135 533.074255633
301.690548629 544.096280609
362.358383797 400.371592162
684.444421652 474.259743029
406.211000635 339.064654004
463.744909891 529.956196337
101.750995342 586.139823711
418.16652694 364.975766687
115.426616728 562.629649525
688.394926765 517.832579698
426.689780787 590.9735905
275.565597478 501.927597056
285.630075226 535.55332836
140.796427508 521.789104584
336.822222332 679.485149104
208.239465172 497.305027234
644.027283731 490.675391569
139.623468016 592.604336088
399.388388537 593.443355818
484.074311742 543.13872572
319.530822311 479.489960282
360.890232513 648.973117172
394.484110796 427.794937742
398.740784885 653.525166183
313.744036901 632.004964061
584.743200792 541.69679017
157.598084681 580.526720942
390.933337524 474.843531703
132.066602319 616.445002095
321.121957252 515.432160268
99.8125539712 528.354362281
364.594264122 461.184693576
