672.604333157 587.356385007
636.293066648 570.582719971
682.426239406 435.253728298
727.809481664 520.553195379
664.184314625 560.808154001
111.0808475 151.098910435
650.851315037 333.531545344
626.670329874 149.100310423
748.48139738 590.021076565
624.713034965 511.06987393
650.724940219 628.016356181
350.113833374 600.145035655
705.935531344 585.711867824
662.984430762 455.622360957
684.444046249 564.5520841
685.81587614 554.160210648
363.690013353 640.512553875
611.766602618 433.031139389
573.774322078 182.782544546
721.604208714 564.307932803
600.151151123 129.804626636
676.092048464 473.552300964
654.189861796 374.324693153
733.349480554 627.071031114
428.453451529 587.523567274
622.027327067 326.316539802
677.021345113 488.968826103
604.341581913 145.685429809
705.990468868 489.737383281
653.138535758 530.811913797
577.924607347 123.789878816
697.426134407 517.363545054
690.904205544 548.411812109
684.041700942 616.558992325
730.189060851 551.910370541
676.107893976 405.907283459
144.152800955 133.904967788
764.673269262 602.216033544
579.837317033 619.227058432
733.357092786 498.716341946
647.914144745 354.112530877
588.040197804 197.951998679
646.10200583 393.938447506
466.729238453 596.999405273
617.56881249 128.581618716
178.552451786 684.32826748
760.904916306 618.895068987
691.06911129 529.161939835
708.450081739 569.667751603
695.955316178 500.09376949
633.103666404 413.616005991
622.947032008 396.283864691
654.16518141 491.324254069
738.482004914 600.766516756
697.36118264 593.800663862
721.057897397 584.508415894
616.693730687 607.503952292
605.453152736 583.811116433
708.968920154 622.272208498
605.501799752 113.737959471
697.763215836 541.598715736
668.622138383 539.358061601
689.651526233 455.689598517
597.318711186 561.754741513
388.46544326 581.488298455
658.364957711 511.13646617
653.342858662 565.344978272
608.572163606 378.106256505
619.103595283 367.908261386
125.183711561 128.98113447
771.556197504 578.946177163
130.712378273 157.711239271
388.601959042 605.646174828
636.439597291 377.169437974
605.572032825 411.663621726
745.053501546 556.222435734
667.214792325 566.785644078
707.180160798 468.02944483
444.317023275 611.660342223
579.607789106 100.773733432
599.406448195 169.780854351
367.898631908 612.308447819
631.954276376 463.022156989
334.686280049 625.494377988
713.425124163 596.581472066
749.476561321 533.970039673
409.98683844 613.672647385
624.367572452 344.914766734
653.157520159 420.644158266
638.677558171 499.333108541
714.388104799 535.184874312
595.744703116 393.14724643
697.256399839 608.107331349
629.853454476 433.578774921
599.289936632 346.148657994
322.584988763 598.235801115
605.47995726 99.2453570762
643.003435365 590.471486604
652.202131518 544.500433677
685.904820241 572.225849808
