611.453690768 100.66922533
580.350319241 133.48092161
625.198135418 183.186524838
709.607313318 391.869498407
480.455838968 520.202435346
448.646329626 481.133375346
442.080696168 419.805926811
531.160788435 424.692140836
703.682218849 433.830199229
399.169605888 408.501757332
637.603661049 308.284690757
741.829600754 354.506274053
264.717571778 336.116059638
612.651032937 216.843388359
516.925700751 456.151956054
618.919661922 401.577412525
725.404319447 405.645805355
554.445748098 519.667627391
537.908215524 528.418545976
377.348500953 349.266008991
566.296339313 302.729295904
731.497722641 366.353378164
556.912593027 465.630117196
558.978586141 338.299970864
519.169428577 387.738847661
555.652959163 443.762714626
237.515202618 311.716762576
579.120960722 400.820304656
585.766165682 101.277912462
662.684654168 398.242240575
637.820163571 423.204027364
360.091605209 398.243940912
553.99825058 388.362603477
540.368176907 380.325683866
594.661449336 295.355760212
598.743297345 197.60482075
558.343021003 403.25844815
611.756872111 419.911665416
617.364445219 125.450115271
420.465776957 366.614301587
584.504026437 433.049962822
521.541026198 510.583682209
712.38027383 363.308705931
569.376015634 354.579998145
644.666810468 492.517351319
324.256684069 374.731580892
615.546789983 443.084289844
581.706647506 463.429282948
279.307073044 299.672189506
579.832548841 370.354285254
640.781034417 286.087413246
632.979408425 469.681570466
697.590350746 392.983655838
716.863450794 423.286724391
524.094382015 546.829659714
619.453164589 484.767230682
598.96914921 241.327224483
613.63360249 261.613859666
409.947493727 333.60929018
729.878714328 430.509721638
258.574057801 282.61739033
751.558287498 399.719644059
599.853288907 271.079764228
501.058260596 482.276759159
572.349580961 492.681986076
440.762087245 387.300072556
734.345902298 388.466472619
547.818026379 487.71982722
585.838938362 521.249997249
633.248886909 235.408323644
632.420267436 108.324070501
638.031073187 373.908805787
629.23453206 140.742674681
481.75197811 392.473243707
704.637361531 324.650624099
506.642234748 523.490296394
623.273004157 159.38441135
601.281135358 320.016482679
606.10268382 117.573146667
370.304050672 361.42905654
623.775729807 89.206253963
587.389013692 238.774082813
731.173167865 319.690786441
603.962333708 455.280530194
605.059186651 493.704087138
604.989105012 400.59675439
575.075134859 267.367058325
708.756094243 301.949698471
685.204321153 423.101149596
454.55109744 353.096337829
657.865533346 442.334389712
673.717924584 347.129274358
240.572980075 345.046507165
336.76003712 333.870883515
538.592805634 355.498307892
346.898150921 359.499513611
607.869868538 142.884943109
220.423914658 336.588808987
676.264239835 369.285965565
679.378145612 459.582622305
