302.385931408 126.66351568
240.045117619 83.4086976582
396.021915018 205.742008482
440.964880864 404.927283366
120.667076801 446.672621313
105.305948854 416.006839194
327.211187263 322.457671712
220.508751519 211.999104493
404.450342969 458.263426704
111.094227856 403.620442165
427.220024145 305.151740823
498.44053725 487.640676826
91.0506069342 416.415414276
357.220841536 199.443397553
305.377167778 366.965697326
230.657535675 414.304256561
456.166096759 437.086048756
155.540957811 427.528065129
128.880300431 421.47002576
300.884065379 282.15253213
227.913187159 112.35815888
475.220837338 435.604059584
161.938931682 400.596342724
237.386360092 126.533198547
227.83318537 187.89718851
247.653015239 245.208610247
98.7809072923 400.336969792
275.237101181 240.480128311
213.174778014 75.9698018781
387.692586181 428.680200638
259.978076983 431.340734142
100.162358679 438.376149611
249.177435199 203.439514657
208.908827934 166.632761777
255.009448161 126.208229009
297.627366032 156.995394265
253.424743876 221.020340243
205.373462419 409.172611004
348.262439999 146.515335165
333.716290575 292.317953854
187.172506945 414.269676284
133.804562197 412.419333349
473.092125928 408.746615254
246.147108661 175.527221617
274.096501277 480.00447117
104.718396309 460.359202011
239.233701483 448.184936769
169.900741208 418.284362919
324.340411994 396.838171694
266.056346305 199.844588176
314.086436897 247.253994119
263.331709827 462.46882651
407.975249407 426.214949096
429.372301705 447.045567317
138.858952403 445.871000649
219.686688108 453.370609169
254.57954631 104.057514039
306.37470471 206.70640192
361.837543507 276.541366452
450.954695722 473.305799285
334.765157519 371.86667993
472.996622848 480.616458051
196.686593956 105.85121407
124.689155591 405.973955145
178.505403553 439.999282738
351.187468041 323.540157346
473.658065483 467.07394472
141.908802269 409.445266071
186.972471178 454.403324542
369.057107922 227.725342921
377.761883349 143.549399595
354.776508131 419.511787174
362.321653446 173.736171459
383.648587172 290.017811901
496.286265263 460.635729494
114.268510575 428.96359716
321.109577177 167.568801231
259.655521557 150.768164827
251.209766263 91.6401343151
304.864817076 327.213436934
337.703990016 122.483965103
216.266422818 93.9248201933
502.460701574 692.577909953
215.050362792 436.234200834
197.090071209 453.21016896
362.95862236 373.716063548
224.798239977 100.910256008
518.207514333 681.708926079
357.73194571 461.272939206
386.164378635 254.89044494
282.720862832 454.063673084
416.825296546 375.443535207
86.0783253746 447.913080819
271.363525183 303.361161105
211.240880542 139.136022008
279.689110688 348.835931997
274.172848083 113.862737867
76.9981413736 428.055938171
395.595300138 400.715979328
296.6322931 476.200757463
