540.797537024 715.210315116
634.682558114 719.974526458
235.33141367 760.601426941
328.532594005 730.532020659
385.581523968 712.363461508
443.664537842 726.470822812
649.958108977 691.253249709
614.157356337 667.424044188
274.351597877 735.226908907
109.376963537 698.765242331
237.978728013 736.20341662
131.826172073 759.04041053
470.768877421 710.772256449
87.1657408387 772.561052477
137.792776727 699.70633757
184.034751927 734.94064131
174.332059143 749.904429705
159.931380799 732.737056972
691.821332901 730.339094496
484.248888233 734.239559776
632.018019701 692.477941931
109.159268267 772.206696456
680.123703743 691.685068216
137.850840868 716.478345264
217.684963295 767.216725021
109.13325841 711.325111603
691.990711894 675.013077596
458.110220755 753.881015541
633.521390846 702.021579291
643.392681546 673.793363255
512.892429869 661.744332518
304.234534903 734.791439348
659.156719027 694.826178973
216.841428058 743.708041326
497.656958335 699.09462745
575.559149322 712.466103003
228.475703743 694.553816269
429.286842814 764.148407486
692.083956603 694.511827077
592.584143841 693.879764749
425.128656283 740.388967112
706.692512784 711.954769675
348.250458962 705.066098035
317.028326398 749.068250149
436.37122761 695.057615692
530.485218602 687.504832613
149.847714993 745.302002321
678.262821149 715.049658263
127.405558683 775.188958183
281.238513794 751.432660739
333.569229919 696.072371689
704.181207021 675.763044831
560.339338584 684.682040683
204.736578633 714.905730091
356.868120494 723.037475089
320.005567142 707.703788088
105.33011838 752.230224626
570.251262919 693.572346425
177.329932171 769.042983067
561.576462304 664.875854523
122.685443845 744.665997229
613.560224689 715.464614025
614.633791445 698.698970963
658.628378144 707.732029026
108.261998656 722.952431095
563.428848565 699.872067927
592.150285347 652.089462838
664.464612435 734.037572685
499.493403526 684.782130189
647.616123361 726.3451586
162.314983323 760.375455255
287.615688963 708.564378175
717.208717876 698.354112868
100.286839742 729.404624924
421.199696238 716.172952942
389.978264533 734.979876541
161.455151304 708.10323573
672.226581186 701.654615934
723.061345357 681.969021977
370.962661187 690.215798878
724.002784174 714.147183363
262.978374588 722.513931524
617.60067893 685.254156057
246.050803605 712.376284323
306.719463262 690.455385229
217.869936589 723.577620418
129.703728039 726.204995598
403.443203068 765.359425104
89.5761097437 740.328905105
300.534281197 544.608204897
368.363005225 746.892565777
521.869015775 712.400427002
155.111205558 776.94769856
588.580359645 673.231651951
343.242209889 742.585245002
340.757082828 760.322874933
696.766152682 703.88092994
202.412359646 748.089592015
259.528898902 750.486776877
185.186683595 698.727684456
