172.289726294 361.502235727
197.990080299 679.727840214
199.78082218 307.597832841
217.790202569 670.92999711
137.802544489 734.052335167
133.197862786 702.498071964
243.120125584 169.408856456
306.376109602 624.722289134
321.689850613 666.543102664
151.329703957 653.955117671
695.841938031 644.767173254
210.77128867 764.806053837
118.208438469 684.738396314
698.409333796 599.745717412
646.895312271 613.075065966
195.30463038 629.265696519
211.402081045 725.209137692
165.501358029 684.763796653
166.177996134 634.590135916
232.621212896 146.380469925
203.182747132 500.51191364
231.740635833 660.831124016
186.024695461 663.251844935
650.706992591 586.383319486
360.050771856 641.391884457
291.407389479 337.841212814
125.44186871 664.444891282
224.233202878 168.016794788
190.376003019 691.926758269
348.189509099 665.622938237
168.309886354 467.115387402
125.543152177 717.058514946
215.420811425 147.446322457
189.680537857 726.690804171
216.758132251 374.923760084
246.729139571 101.718892748
229.072334311 188.208504642
184.013741119 679.34062404
219.074942206 340.384462137
368.010336816 658.476365382
159.000149359 733.009297233
171.951350968 652.112001797
669.959794527 644.39628513
214.557568387 112.330141388
215.965252791 629.85222399
125.460560904 747.929848994
207.623783327 640.021229107
165.235410858 700.150912745
660.878029836 598.039849297
232.568517614 128.471086076
255.106847695 123.105480021
180.821552181 490.089413451
204.845200069 705.557647681
188.325140766 739.006097756
148.787810243 710.138800835
202.481953282 661.949319434
326.291857064 458.408761872
268.116822638 99.2073248011
667.68919403 615.626339486
181.770984821 763.665113772
249.690936006 205.731018584
198.111168438 757.870655615
188.203549544 706.264846188
151.406386678 663.444145344
144.763844521 754.040321183
650.171776979 625.745037094
207.979658682 735.938814285
185.615805636 633.388748909
167.674326824 759.543362265
706.219952772 614.436672461
352.981669289 278.662182255
452.26192111 374.184070337
197.644195005 329.026907518
390.935109516 661.036099552
223.137021373 692.133369074
148.292278986 681.122307188
205.966024973 361.293900682
231.765865141 99.5892600679
301.299706654 597.172618774
266.346622899 149.271314682
178.958812392 337.281501718
232.708977245 628.257936669
492.276951581 684.801059846
170.460009391 715.409633585
171.996947185 736.474204995
675.091386997 594.18773135
214.851897686 657.735909327
516.16923829 676.397869974
247.006911016 650.273661889
682.647757354 621.142205349
189.562267936 449.264120719
362.526416509 679.382697252
115.529644807 725.35646972
433.658003461 363.582862466
211.352583018 686.699678825
334.980636882 644.82774203
193.311871439 387.912512318
113.030027552 693.27167552
334.044739544 680.465467859
206.590241883 477.327261748
