567.3289691 638.404686175
522.481670011 449.356669751
549.922014399 582.855865098
549.419379031 560.090579233
575.393074441 282.250432937
624.020249153 633.210424946
747.962880901 581.271111577
725.166345096 585.909735845
627.700946532 696.458873836
510.018699174 663.556327529
577.262631069 699.654830442
125.82328413 599.39366091
576.53097139 677.228202903
533.716175973 630.042226445
693.348433949 624.47954493
513.179215896 624.782412503
537.875696646 679.953708008
643.938554785 488.306063579
511.240182785 468.228868856
445.161969043 610.595921083
597.358583833 135.761729754
642.598218728 469.033420853
714.478123309 624.621558102
515.608954553 545.360954898
149.390193343 572.448766008
486.201924658 520.058763902
591.129658173 503.483510119
613.48976016 519.186572322
689.115501867 592.944498659
106.660517502 597.188814872
585.729393307 623.497451071
551.473178865 525.42019696
626.793334275 135.659910063
518.233202039 502.073062893
533.833026622 692.206566251
404.316272521 618.69190407
600.045917052 265.17338688
615.77884577 689.999588431
543.521905503 416.766933572
593.263053929 252.099596775
585.222686566 594.28297496
622.060908655 116.260691516
698.070141509 636.948879016
343.377230373 620.131763037
513.475350519 525.394787978
652.359326177 668.647315921
713.380160631 567.378126568
581.475520916 431.37699908
553.98799032 491.294008208
592.592341471 525.026774048
375.193693243 617.793373716
407.650848549 588.755744084
540.79490307 385.442874343
616.728473905 656.718934644
714.282637315 591.562862722
428.139244362 620.820512897
497.382397907 627.176547091
547.781143276 470.750550053
726.433738871 600.882300711
607.751983061 101.509348155
562.872580055 346.921559242
528.911158383 646.744108444
584.970622206 561.078546005
373.496218569 591.231152363
487.812395031 585.700621032
135.600886079 611.701843253
744.625575593 594.269211693
112.539609001 560.435616544
549.119720846 604.4566076
598.770223538 669.149388968
561.33079869 539.659706606
563.846091871 692.053393664
594.350971133 321.793864913
485.644014538 539.989437977
566.808457634 507.396337915
514.772457798 562.941740214
153.939882919 597.28672011
576.93478325 322.130927749
568.945790032 393.002568416
667.651550899 638.28146669
733.408183069 566.507054298
537.334413301 663.862371745
610.283237259 280.267046977
580.761150628 484.924400049
561.709175733 653.940900729
532.074175253 515.637836989
96.0236428095 580.243904786
611.093585641 151.899677894
512.110428347 592.989286374
564.954239435 309.353085687
684.109383665 620.080274231
127.042990167 571.302899658
628.331202909 318.218681253
532.549760139 602.912524935
604.577519906 115.04436633
607.238465222 296.153171971
519.218770143 413.048740025
596.196144413 456.974100484
585.577961064 362.218841906
515.725940665 482.808651444
