502.930731804 238.989730688
784.393498533 456.596133713
765.538864456 411.835805749
344.836162428 436.928129933
787.778408217 427.068205682
317.590079335 426.149830687
539.39443579 416.055788876
730.833415122 432.217076742
489.236457916 205.278387521
713.316686554 489.187343457
785.392501646 396.881787693
315.023694724 442.062006909
785.401289837 574.110511287
503.04648703 460.439193833
751.18521795 100.314829496
771.352823334 593.912521875
502.097124045 476.925397744
309.374018777 727.053300121
527.272521259 427.545355325
268.520118791 671.889239828
470.643615914 461.301491364
670.018504126 488.084699484
703.413457335 569.940264825
610.582843684 420.312169174
715.297162594 459.435229502
516.999064254 233.432832373
687.906213923 171.485442806
678.140176814 444.650129349
697.374254047 139.174621935
644.42849655 445.779270276
593.808731333 421.764000715
306.709076497 401.363871399
250.816831065 728.461629151
453.85150933 435.58805324
793.869368737 497.298260663
362.716364028 461.284074748
246.511634737 696.576038721
306.536675664 454.214618127
700.905539524 188.934208974
580.833634896 437.566778074
749.797460124 589.874321348
768.259547024 461.841798255
301.571859757 675.511871003
710.425383559 511.158712211
618.188248833 484.250498973
754.865823349 432.12634766
717.187265315 209.287075194
727.726978727 184.126823689
718.857162172 101.377232516
530.893975028 207.580147762
738.042070798 468.741250264
278.227963199 719.765462029
730.462603251 580.293258546
759.153959531 541.338204254
702.88144449 531.330506201
682.181385596 466.883646865
734.404457799 444.459204119
789.237466064 535.144023471
742.56065929 123.892203689
704.921193684 413.849020288
770.153549066 491.608598632
527.34146882 174.490309294
603.3861244 450.11898439
714.256811329 124.409530294
792.477174788 599.807294757
285.426694325 428.793137547
544.024492045 451.037794104
749.615377218 616.322927306
269.14937484 745.345338194
565.868043379 417.742246048
505.625682479 199.853697563
306.077565575 704.377942208
322.931952495 682.587938794
104.337321844 251.818574969
499.233343238 166.426409688
781.290230906 614.566499754
269.32337681 706.901076057
630.070593847 443.748151118
737.437785653 540.766808951
651.975348594 463.391451308
493.959888491 422.157513656
741.339763631 487.096878497
663.529727876 527.563676326
707.404319108 437.964722589
681.757924322 509.608698073
755.399476944 565.297029277
753.909265514 505.355080119
644.466027962 562.337470978
720.686790394 417.593483747
301.437990646 744.374872565
285.304788029 729.651783563
286.470043584 691.316466363
335.638237515 454.422796071
479.876041911 241.921314434
733.665799028 143.750000048
727.028771961 607.046364675
694.880629507 104.212223989
272.85672667 683.453630227
709.61778967 156.653902705
683.973211041 416.811855295
