652.259448765 489.425614225
425.274065422 571.360662853
425.453833443 536.553206307
253.208088037 742.884222276
444.522311244 557.193940044
239.021491609 725.886278585
329.812155306 419.974303674
435.631483519 374.431038511
641.701278562 457.79616323
382.73588723 649.49246763
446.322249205 526.392539438
229.721334868 749.210599749
422.946152757 700.652105189
305.879562167 757.165888055
488.639747223 103.619610038
416.789234232 719.924323358
305.551997674 781.628582151
149.559143584 524.059290705
304.522687251 670.081654041
113.938506664 420.587804458
284.835088044 757.915857261
360.697761916 668.518359736
370.857992989 759.359021268
333.860625556 376.37821721
400.709553924 386.899589946
680.278539536 490.473492365
437.856000867 172.554060356
373.699098868 359.224621617
435.87988483 147.552137505
360.845565964 400.007259256
343.02570075 397.803781428
242.801280587 709.501439881
120.345238222 496.090824735
277.322122284 733.252778014
444.82010228 625.805610289
266.565280535 789.570034166
87.8546439506 449.772939444
230.949584723 781.303197924
464.797380011 181.073231865
330.156245401 637.614104788
401.275024543 748.978440615
416.920357154 592.237054589
144.117331024 437.415216832
380.119912132 695.748197621
323.43989395 707.414215629
406.410561282 556.001566311
489.546474975 202.252273693
501.405549843 173.580148073
461.787757528 100.668872894
697.298140372 474.335723714
398.038637991 614.929255158
143.11411567 492.423408769
384.651830581 741.619906324
402.796495466 700.93041282
368.175145156 726.204066863
379.599191625 386.378441509
391.361337811 593.867727653
428.786870498 675.447450544
476.480996987 121.998299805
426.981989794 297.462078643
428.41894384 640.661456185
701.218531892 448.065953281
337.77101012 680.711278274
458.603946094 120.000210805
463.953031467 725.693783028
212.592896355 746.4482225
313.796484733 731.912386437
404.22219731 764.241061851
96.138517195 535.989201114
326.475774712 616.102625196
673.395149795 461.979623557
160.802932941 484.483934493
169.4204243 450.354289133
108.106095436 270.631507949
677.828711717 433.603046792
441.99676871 718.319615883
123.660271857 477.031965612
364.402479675 440.778286739
396.471467977 720.874523973
353.341932705 650.381132156
295.899246874 708.631258301
399.976140678 636.489912907
349.221600053 745.359767966
409.167253789 353.548343902
356.048594761 707.456865114
407.649125682 736.051405712
412.261812321 679.972302569
351.010579697 779.408756333
431.858235204 337.274148143
116.424185861 545.316752683
127.473886189 519.806908302
132.054990917 458.240933225
252.330089438 768.969977357
623.529624098 478.97361801
496.677888901 143.334648407
390.058751721 774.97692829
438.376945173 116.277111554
111.162440666 448.635604697
471.884924402 146.191445833
395.985289236 317.244265747
