73.7246286501 500.526583658
121.880962015 340.746808141
659.517910033 447.881196873
417.987134408 481.993714854
251.903115201 429.989795006
87.0668996998 523.986698131
700.405264926 411.670864767
669.249102819 416.568462385
64.6883668989 683.9028701
43.030602159 555.673919637
49.6730460301 698.743386417
53.0124234392 361.046058213
47.7894296908 655.028844662
87.0242331125 470.379188469
607.721480806 443.347876959
86.3307384139 418.135032816
31.8281002136 669.012261952
671.249825476 386.236934066
50.2432668096 204.569388472
281.573684089 491.000019809
46.8511224287 184.43713185
627.151012563 401.552873553
699.510429053 443.591212458
292.75024696 480.909474907
48.5014897494 320.666483173
33.3322418323 237.367873709
600.567331432 408.522931527
692.069797458 404.542695716
435.355411489 440.113819568
37.386626126 381.522098149
113.992247647 413.168005871
402.394080697 486.638207521
339.55152435 451.9052081
240.480976481 476.081833605
21.1924968595 699.598683184
108.891793283 362.924570349
334.729108455 436.651729625
67.5979295206 699.619080659
389.107187657 476.592615932
256.65330435 359.463233723
657.025925768 499.43711675
315.703768896 304.996232256
676.975159886 453.787652843
72.447305092 362.499187621
61.6186899998 246.318275044
71.2028922007 665.598726405
564.531010785 425.451583883
461.430296151 398.642909592
320.893323223 489.600164859
493.719947144 428.09966642
81.0479690264 361.638588443
74.4450961765 330.715725594
275.434515913 464.631177313
70.3164107494 547.142258391
529.929101429 435.59878405
256.325333862 497.863967343
51.4224181812 482.574461316
300.672785331 466.594710332
634.676920144 437.568029159
69.8450573203 179.181033616
360.541444221 474.751000948
49.3615895798 510.823692377
574.33324184 454.793404812
57.3432113855 341.329390274
81.366693195 378.411353698
56.7616814298 392.073411077
685.979694681 437.151090301
40.0261013354 351.66169419
107.78495328 392.541881285
65.6665979981 630.076917595
331.890463504 508.310824217
33.7188145051 687.868545706
605.866123337 383.917411521
86.6135034474 343.751506965
405.834079135 448.413005625
383.85052724 507.08892749
58.4936607276 368.742618982
372.832132609 445.543779217
491.948726517 412.769074455
114.781258772 443.867048379
647.579717941 425.339622147
34.1620955143 629.626679263
479.142143635 384.611119373
458.019150908 426.802337211
48.9630946418 529.142989081
358.605522794 512.939343106
16.4844726932 353.295934645
280.749502317 309.729360391
98.1173647121 378.787388538
262.245841491 456.799194523
434.229014486 483.189426111
26.6837686994 330.369664041
647.122086971 398.231647545
84.7658247938 402.180008092
46.9004549238 161.670415017
435.209334291 405.563190536
76.3612480133 217.302848184
523.453681959 406.780965924
565.292162728 393.291643732
48.1532506849 223.425494624
