655.171759873 493.969221535
684.238519224 437.272005566
656.094192963 455.200015914
742.108881552 299.229440694
742.48717769 670.633876529
640.279355074 654.570986651
716.144503706 554.737117755
567.945628518 227.019977985
585.23177052 275.320798145
694.05894775 278.000384191
766.214636404 671.627175509
784.996099026 597.801583996
697.993624226 643.622510608
718.028977189 98.8919519126
646.997619269 253.185987062
699.069425375 679.273545468
722.066221564 315.879500236
660.631418206 695.82760494
741.66097887 541.825873993
786.196636793 342.447046846
654.056027391 303.100828314
749.405457674 391.452974929
765.034363564 409.763722078
601.068161184 209.626721311
612.921862379 301.126494755
718.767582508 162.383290575
746.239980417 142.592388291
721.926825872 257.799631003
733.00780386 637.149607736
711.91933503 107.911954476
738.01242119 183.84678557
653.691384491 680.506652557
606.977026966 249.444041306
622.478025733 469.973220399
706.395585762 210.293387555
781.679897407 373.731955557
699.969609349 311.274314023
693.752411486 563.778372838
639.524432117 264.349101803
713.203572088 148.289285345
708.499057997 700.870117916
741.675427992 215.672204979
752.593247853 692.512183353
730.785009117 198.978163505
767.734666166 296.926589342
717.552483963 503.337009372
726.428786456 386.51008484
381.415654991 310.018358801
617.880745934 226.047775461
587.020072844 327.570210785
625.505680742 326.843718477
727.277496683 461.696922076
668.351094889 620.565776708
659.922787853 561.669116594
675.683144313 705.720534506
610.364415884 361.188750658
693.514750607 593.624962388
740.202228687 123.580567725
650.707236033 211.902258828
762.275381472 569.850590149
729.87391268 689.703458454
769.698806051 534.123211129
679.548011698 401.441240128
772.294088057 121.258971185
791.652315494 642.481694064
726.195380165 660.005856152
743.408547831 703.631444602
722.271554022 617.345826923
743.087838347 501.920310391
710.312089854 172.673083122
703.795620228 185.329277954
612.269253106 430.482254339
725.361518225 128.473736095
689.550085712 524.628161288
577.521081145 380.198262677
726.281186188 711.409172167
684.452779016 235.435367625
766.601231508 98.75329062
558.9741797 284.22739836
742.365177684 97.0707575323
757.771346158 157.979704987
752.478390942 106.678055054
731.622083976 349.694870897
767.337213744 344.97137858
781.248875089 700.244973269
543.686578421 253.897494403
705.399731985 401.599100613
719.142724058 686.484272972
719.595039195 418.508322307
766.80727667 597.52666842
692.121040082 474.747399909
755.530822111 360.267387284
739.881946166 586.842983244
136.142861943 269.878982108
760.337758449 622.965525031
572.123610548 247.063761045
764.931246374 189.960156995
679.239278775 659.426215388
727.451450246 583.781325232
745.396342669 268.452321559
