222.006780006 660.263735855
253.539725471 648.628861403
523.000971381 606.9948659
201.064662906 551.131883296
207.436979359 670.161052624
148.058631326 574.21776661
248.574069116 661.535149146
251.374938773 186.877236067
241.850051457 269.314700104
231.611332236 445.260863282
208.23185623 631.11449901
225.275881429 679.337974677
185.70862161 606.549123395
318.773574851 138.122802379
265.619319331 288.853919986
135.821512395 590.762504429
177.314863928 532.102151096
171.515742949 624.456472338
195.336972464 665.900763098
705.902065759 613.77664509
236.578980115 469.611786041
351.651938195 519.616948373
513.084476054 585.185747313
261.047011599 112.603501555
216.011361157 384.500801041
272.34242522 344.648051387
255.069945828 418.282839726
241.191087638 409.055192196
218.677296702 643.553341495
298.504920779 104.309989952
196.546075009 537.372956627
165.58933001 603.71925814
270.79684198 247.948227985
241.867820142 667.241429206
291.308014125 203.13050032
713.44168071 620.670668334
218.135825845 437.542437998
208.612708474 589.177222214
219.978045482 414.485823355
295.402848257 129.401233085
148.688444069 613.79854261
694.113179193 602.772538607
184.360419462 643.621624895
298.411695512 240.590796392
386.214274418 513.702628649
222.352431925 691.790245124
163.014779766 543.566247043
136.151563597 562.214210036
271.201923252 141.366068681
200.41497231 467.479816548
219.295162759 484.867713787
696.299989093 620.576613227
149.282002858 593.096308664
183.568152123 579.075284226
146.543194087 624.571286532
149.659132235 533.876563228
195.271303367 587.697936229
270.440989105 385.652555669
279.375581185 173.068970666
211.185992085 699.226703563
202.486540829 650.578444702
260.240478751 682.126690213
159.567836839 551.903894791
683.8633072 600.468166764
200.414424343 687.223172666
200.401812186 630.959784521
168.850614846 641.894444908
208.131091067 605.773839805
238.757989914 702.301439176
301.066226512 156.535217459
276.179283364 224.242172947
211.238256943 568.907700201
318.448214838 180.476323961
230.908612726 596.33975661
180.328607899 564.22666056
157.678786008 649.37901338
247.721842512 378.226232334
673.896983381 587.738856898
258.633247682 252.405725858
485.987480279 208.965501453
714.38710009 585.412153128
453.553619024 281.890313356
241.276060032 500.011775125
190.595418459 547.242347246
186.485293816 672.729825018
275.852642938 201.97364037
171.161408176 551.816665935
189.583412752 624.276700962
375.167799772 533.397854654
229.978262212 626.079989535
500.21915677 601.589799901
210.673222857 553.209866385
167.557101575 668.609081787
202.742010799 447.749140365
244.417798513 638.476978258
258.874229493 224.34557135
728.783403348 599.055721
163.928011227 579.033111105
230.972176572 609.131810282
261.824973558 444.869241019
