259.84994137 369.821435982
354.265915138 621.262309964
494.655798697 690.031018532
303.39886672 774.549305562
425.371908235 688.472578547
212.897669786 771.827503534
222.857266622 433.338829363
304.930514729 179.559389839
279.494424353 198.142593165
517.598951059 671.465213501
387.81883933 630.250566626
265.578754611 409.724508471
245.833937769 780.415177778
377.127008277 500.433964026
230.07277035 370.140734128
436.803596207 705.744012401
465.14775329 651.098516913
281.001383395 124.963526632
359.691020095 711.838383462
406.753450887 669.380233585
362.663929161 649.588010899
287.30641052 102.257706609
237.630310839 472.317000966
216.424298538 412.919370906
187.76034515 720.52530234
279.384086787 780.685306841
159.985916951 744.524676865
265.77599123 311.875120563
250.98500678 118.376542781
245.597009258 736.450196265
236.308156858 399.783605462
406.490420645 608.952350545
342.882722154 743.654396194
380.990154884 698.322769679
208.596156031 747.55073675
336.882218981 760.613632
371.615416645 667.426217171
145.118645424 633.947750492
395.191845795 657.53321997
256.224572928 386.174827116
181.532210534 769.024317324
359.376050161 515.599827742
249.713629488 353.868609165
467.31307129 673.775659209
441.073001097 666.659074409
423.230501755 636.89580406
332.713997755 695.808424754
327.779926982 671.895366929
347.588682537 770.909667892
381.910248214 679.179308244
157.358401032 657.65662569
324.102614356 737.898119655
337.331767242 711.131905269
489.711788729 669.097923663
269.94428632 240.920781859
288.496036777 218.386641671
497.397264921 645.44256485
382.386656949 709.310157601
253.324016175 190.697346685
377.619407499 754.86300116
273.826626209 765.891294995
298.174342922 263.461152401
307.837053684 721.458112747
126.144436414 647.836559689
421.976518558 680.967322821
316.746620816 763.354397159
264.129348369 102.679503439
390.87508907 722.889606535
358.38453707 697.70888685
277.290672602 91.4209941181
275.136642381 172.963388643
425.743510306 693.965541465
254.308976565 434.049204993
375.824800436 739.211028969
357.889560368 665.873925731
258.021262662 331.7443438
368.460714642 729.375988911
121.923692739 687.110091819
310.448098941 145.269501635
296.970868834 115.571676556
290.845420586 382.344627253
403.643463073 641.053534206
250.977291008 758.837308477
143.017098322 730.625379716
266.594754415 287.472269967
383.3493683 687.155094853
140.053878009 677.246522412
464.165204784 697.333467751
450.768273518 680.148679578
158.199289274 707.892155965
274.167092649 150.483126378
355.650906344 723.322230441
303.917698769 744.419057627
282.908498113 350.018765316
302.474494511 288.788604913
314.25377637 100.741904164
181.360856115 742.19355677
288.060442582 314.273110129
305.573769481 695.813448687
356.258076563 682.90493502
