655.013411105 483.576659893
134.017459248 595.889541204
615.006633198 526.755419987
606.787200562 488.905841734
146.562786876 685.827486499
125.231044231 549.292040992
634.474397494 530.126323099
351.68666293 588.67075587
638.148255686 444.527391944
207.867728288 656.292461235
512.428789895 102.395074431
587.916063077 495.405401411
686.406771482 626.16161102
612.025069932 504.158023312
593.883544526 542.323922641
198.997762144 608.256924155
573.529356159 506.841239529
156.280854995 616.819494164
125.952698497 530.266043347
138.950684353 641.386484126
635.595099945 500.711900113
168.157183881 682.419565815
180.631296197 713.313261635
136.382664509 502.769609357
338.441215898 561.805628131
656.162362714 514.983938906
176.200885224 99.2314393783
149.953565023 561.208375537
124.801351338 475.395084995
121.254874514 565.201849289
178.922547485 120.755558737
148.772067235 529.009157373
108.233985404 505.418431243
164.385901297 654.509898143
703.087495512 583.259006524
173.957856674 723.316193691
111.086056423 448.582766878
176.721167353 673.377035769
199.026234182 101.982458127
665.331601021 586.459305234
196.916830218 704.422827283
123.889540382 609.495514055
311.106696942 118.890166832
618.95133035 482.116190446
185.547559924 656.92405449
171.193354765 588.902709962
370.657376405 157.568541026
165.898811414 491.207505154
140.904372137 493.371432177
670.952243518 479.298987815
209.153956124 630.237691914
171.340221878 565.761408478
227.359013505 705.722191021
673.489307225 651.266130687
191.754552403 672.144338645
157.766086181 460.717565388
303.409211407 100.872174742
657.081603124 622.186033965
154.512208981 426.551585556
158.279442728 578.841515827
179.236337189 606.294751311
674.487389365 449.82181977
166.621078881 607.044060161
638.544190993 595.985002947
618.296232165 420.137839727
583.322668811 448.818601549
607.779957563 449.071064368
211.182846315 716.541627615
131.2568168 659.891076486
152.512388998 512.611372703
654.198513624 456.82377201
203.001368866 128.344217508
142.998961897 459.504436174
127.989703178 507.279066514
660.293072135 431.385479372
687.095629302 602.364130235
153.72809484 664.614395656
186.159831247 625.135532134
208.763872893 689.850374602
146.373313929 585.270165659
112.743634165 586.283359813
127.140224587 636.3976847
187.820321451 696.619799208
156.05584711 489.962171008
176.251551485 640.671683198
167.536998582 704.402612396
611.919920003 555.31150351
201.28817613 736.112509431
644.252677791 642.562732589
197.479023889 640.203739741
162.520008088 640.182150147
149.607574026 628.174344601
583.995461127 517.750267551
632.665552422 471.17519323
508.221687222 122.141389758
217.420309854 731.296280632
132.078047897 425.777863654
191.004706296 140.623400847
223.453700452 110.743060475
331.193580345 585.306047441
