406.306489763 536.175360176
563.084927935 500.133675965
662.793139453 699.210727703
524.277002294 460.72315364
697.46527238 696.919412973
122.380371747 498.027757129
132.751198131 564.035130954
312.262617946 538.121585859
681.380560452 683.811201422
573.369886736 253.511444294
152.211123964 532.859318133
647.346172861 656.994842393
587.065744302 145.442431206
562.235099517 469.127331304
514.449935774 514.577535523
572.548229452 410.422080441
546.665338728 446.316919951
636.33695108 636.26826567
714.745061862 686.938684494
473.116577249 480.866868111
618.010789702 427.652029268
562.114832388 425.837092383
195.664404459 564.945613691
603.687968248 106.670172282
274.544687487 537.665404643
566.601273462 168.163903914
635.974182197 126.248110475
438.367255786 502.378555783
668.608879364 639.43073599
159.36215874 559.158600179
111.898689316 511.527617
581.092060969 208.341360593
259.908065241 504.72699266
565.318582633 281.692600863
500.230333509 565.497914733
164.760009427 540.385672623
627.83558086 184.663371493
117.57642575 540.532941856
217.333535632 567.527490677
652.839737926 111.012571596
497.494994014 531.954798951
597.262600858 627.829158304
283.115043752 504.877165839
622.843150298 269.023783087
593.054957121 432.660426031
579.165476902 127.676073843
580.567053533 325.573268239
660.806491096 619.657144567
234.788866122 520.286969774
364.200765812 544.695366734
604.66181049 609.214620986
181.440071291 554.488655381
553.120966716 586.206440698
613.086373536 125.488644182
476.035961405 506.478732733
387.257862087 541.220672862
598.388084969 275.132124442
221.34711698 541.970392412
607.000728529 187.017442646
547.303402351 482.159174469
419.474528622 504.073910039
152.788866745 506.53294039
640.532595984 284.979936634
691.019373994 665.147154702
424.414247712 460.864768456
456.957659138 520.711771018
621.680853949 659.262498559
634.395032907 612.787753217
412.589592436 470.778470605
554.970813905 546.824624885
588.789028273 593.867623854
588.835875904 344.494103373
328.989064905 508.266065242
593.652250819 163.232631249
553.776917146 313.005973311
397.851352419 476.393388493
598.280253071 645.28160612
589.468927801 451.395240602
280.000850086 561.622266971
617.90003423 639.899552744
536.784967871 563.003098932
137.046595165 529.3072194
544.367013786 423.197555174
191.65713587 523.017013003
604.951125385 309.189575937
677.144196438 654.865543093
438.013705451 472.402589416
457.201046133 488.301540474
574.429205267 299.077492423
207.575104058 507.855203659
295.259132453 521.527186687
342.783644449 531.170983078
253.533329378 543.442737446
593.673442591 491.046625278
631.445942423 673.819551325
372.31358672 508.662144352
664.40758355 666.740149891
577.705773371 572.723414727
121.375836395 340.045877379
624.594760056 149.328110316
