438.123352505 675.116844379
424.944478802 619.245894057
371.331557194 505.999126241
699.26043978 579.644805638
125.961236206 578.436741682
257.627008512 401.585700532
273.433450593 461.419814713
375.768620779 276.753064651
193.545683112 565.65062761
175.478698027 560.92374084
287.132920937 589.413147369
325.437498099 343.366447386
184.246185966 597.04513666
339.141695487 604.299343819
148.00376905 569.582878205
263.64215099 527.291617163
348.210973652 381.158199301
148.668029123 544.337173902
290.194939381 351.477064221
558.999984182 238.700952388
300.005676592 293.955909562
403.33700604 503.646499787
313.269056384 550.775816257
369.851250755 612.222000209
415.909315071 301.174900944
252.668181904 446.04948843
639.5784213 219.969999298
327.652377251 295.069692551
698.295727133 541.816701159
225.514979494 521.29235917
284.898750663 332.145657227
655.628655991 581.85844944
369.782030914 581.055632337
295.030686732 573.53269018
395.337052383 545.23109929
342.448095964 582.967494425
370.669940543 303.396904759
224.333361564 576.742084856
276.95913826 550.933148815
697.421201033 565.367090426
425.107513694 113.121065918
255.91726913 356.190331875
223.057041032 495.937976941
292.526275004 408.26504009
406.108930171 256.798448976
366.81155325 637.511705175
231.234223258 600.512592484
388.34934343 524.843973405
373.745742372 601.05859465
673.412377802 571.02009132
185.427531424 513.375468308
215.992638014 462.856413246
220.043281326 483.573300329
170.583401609 624.160178782
299.009280535 561.116161906
162.888924489 593.547396128
270.708181983 578.522638373
415.697042113 655.815278263
329.599240927 594.346256912
344.40645909 279.825995636
348.854085073 541.831172695
256.833128897 509.948737471
660.025022167 555.484708679
415.211809367 633.168697037
407.453214057 287.919096549
254.486636059 486.00321771
439.702308786 651.145470265
224.339151524 433.591425434
246.665871756 433.831137448
239.8302895 387.015557736
261.763206558 559.221445455
279.561215938 388.637360558
383.120622712 320.869407951
280.225245282 496.450866994
182.683959596 480.943843632
372.319485724 561.016285588
120.679007288 639.376590018
675.348446651 543.49922468
364.545528607 350.985026854
266.892630008 263.970395424
324.957036977 325.567245145
315.547871614 371.880969929
203.823071856 489.083864307
134.141546682 274.637052335
158.091058886 646.135108794
685.658375821 610.8624977
306.222220876 395.644388365
241.769395653 461.724827017
333.382626436 565.79651262
232.375467446 551.037585962
366.048327916 536.702517834
199.195548591 445.457112133
321.299652978 578.692208001
195.244940964 543.219629979
252.627465304 425.036840698
275.535463584 415.772424268
372.842368449 256.319422103
291.569539422 559.983900953
133.221898408 607.812965418
127.198267543 628.649036974
