135.712182756 202.38784876
91.8422318625 417.40417478
449.317829193 578.847024961
27.8635024106 676.888249152
321.937129745 527.843839675
15.8384032612 639.004706875
76.1182114074 250.226194573
187.544007325 149.908513852
134.556189664 136.155677604
457.410578488 622.368509572
106.215925922 454.033267705
149.015411871 241.31397999
15.2166560325 660.016356019
378.329815394 465.004953524
72.3064092733 190.484561327
377.175766556 588.382683016
407.326029745 517.450827121
115.77569877 117.967886721
86.4459119236 534.211306048
268.246260196 460.195589676
90.132499925 451.248287445
130.352267818 100.433143408
264.693540874 380.503718974
59.2603684108 223.177178481
205.955638409 402.545958769
13.4553388366 693.974888729
69.5448618031 409.905147342
137.519587395 172.956373852
99.390569944 108.31184986
64.9206915439 477.201248438
92.2911990734 217.732154209
259.302160109 420.040018952
38.4149333277 691.272511921
110.792711018 528.829238921
60.897536825 438.365706044
21.822952759 703.072661147
91.6934099619 478.450581075
197.20577654 315.514115968
111.047874229 480.538870501
112.172053706 217.389492364
43.2696744572 471.36972497
338.007621862 486.0270051
46.6910057672 189.282332223
408.032925146 549.060508184
364.490507673 525.024129189
295.765466541 446.843558665
72.2157646786 503.961984939
79.5475556366 438.461059892
40.7462347236 707.433502906
94.7634564134 502.185843022
225.890793438 344.622840957
47.4109758029 638.655128132
51.7555721557 621.707868592
433.784150742 564.848105011
110.929733375 158.123178635
155.209633548 152.966706959
443.105743652 542.017433932
71.7277833694 641.776481519
77.4644448517 136.666558024
56.6971997317 698.358523132
12.7534533513 677.610885508
205.228810441 169.483576064
27.6798067915 629.583839235
161.305472311 323.259131495
278.640444831 500.579549244
13.3385308481 705.465329386
67.941042009 101.445926272
72.0658241339 673.114229902
80.0477962235 521.970597543
96.5662597857 97.296248
96.4703693718 134.341093698
344.542641446 566.534159047
108.871472439 242.876312545
55.8360891491 682.283333311
76.7997809166 480.613716337
86.0608354677 177.804635627
56.8933137392 656.504670273
155.681094902 366.326630224
166.457623867 117.309945179
136.849016729 110.950488058
172.429768393 237.643387119
229.9148422 451.327105123
58.11954533 499.715461398
74.4730484328 388.677617835
55.2030491907 149.524199981
105.219728656 517.040646178
184.905132842 358.984171611
410.019282237 588.317021864
374.11285216 562.22683332
220.360931479 381.367351994
42.5784413153 113.786151947
37.3664234217 660.704757708
25.7556702106 658.733852738
151.681632208 199.553232817
218.014548172 194.150963562
150.888361671 101.763723472
93.3180155173 402.449142462
172.425776124 193.206349522
64.6120453196 470.805101759
82.9208218298 499.299454749
