269.351640232 283.162478255
242.109509266 398.776408459
293.647925565 281.423682145
312.22632337 163.960143866
280.35400444 395.276215723
203.461421665 277.436120925
279.067500842 366.770214972
131.142091111 268.018956392
175.783636476 190.78426805
228.653350714 298.092544738
299.894692374 400.808036647
211.43592072 324.843853725
144.126382668 267.745177427
222.791063247 124.889727965
302.967912373 82.36745716
225.852121827 642.579796214
347.658655128 154.432723588
204.225715769 385.606101761
296.634820422 377.370122757
312.479129249 301.09647094
318.910071876 241.652479091
259.644979441 308.571168991
248.362013674 332.163226517
294.614452544 134.124267477
303.413136283 268.813234901
180.837873873 136.94278454
232.170743744 100.880302762
330.878730301 102.871231369
275.15295037 616.09274235
250.934079776 128.415027427
295.912818472 115.680811804
160.928688958 312.484330775
120.758719942 257.180360962
160.546407741 278.451104778
206.492846151 260.082367372
278.732238556 328.07113406
338.650165529 116.954173007
266.85485939 444.180882979
278.996844762 101.495616964
206.172942782 144.205441753
231.074068113 675.788313092
273.299031153 126.92642718
280.190273416 638.113553245
233.993139049 159.677889393
319.806645513 187.118468577
255.868387381 539.534113407
296.89819903 102.635398226
313.527424012 90.4638932967
276.445124521 78.2669470491
296.182785258 147.592314892
305.754616139 123.325197128
254.873919196 388.060996643
243.72541631 593.94194443
133.830112151 291.05606534
111.764553934 282.703680192
269.595257886 172.012252774
267.608992788 421.544366508
243.394503106 142.726451687
257.139449249 67.4427118373
551.422369319 507.137354091
249.827600909 650.275854662
178.348753199 326.865861645
325.633182407 92.7440286787
216.876734019 85.8220161133
665.194610465 529.034099696
169.195375477 357.183261731
253.480207521 671.084878195
228.899683881 424.268453829
537.286206308 489.20173724
202.973764318 170.376721965
219.670943349 188.276506436
242.844421087 195.702090121
263.270386229 247.587868642
283.505199229 248.32677151
248.984765335 159.164419067
255.657766718 575.896337009
203.991352062 229.790003507
214.185097108 107.042491458
98.2139130198 279.291403131
243.770767691 115.081111307
255.192772787 91.033009202
265.886387167 112.270885575
189.497308506 299.847448538
324.194906776 285.535267827
285.247846246 429.79320031
99.2984859651 299.048661359
282.324341853 143.091888703
238.67456399 270.753377139
229.255744687 362.074647686
528.078120103 506.309764913
186.188253176 356.414428174
264.945917656 206.748133162
229.086903119 562.336400944
166.353996572 246.941631115
276.272900061 594.432849191
98.0869385983 265.577249291
246.320957583 102.968658842
248.262861291 623.2479188
271.901461693 564.192292946
338.66561743 204.833227102
