141.243242584 204.629591923
563.373846259 214.505340775
546.85063506 34.9369385479
82.6825436969 191.9499545
624.123794779 312.894985377
535.270527188 175.058444331
561.622294631 48.0842564834
697.737575414 145.650622749
116.040458302 168.03039209
665.300471735 384.074015706
591.36384572 104.753193089
82.457339635 213.047448496
696.004987038 204.551309907
102.449731643 212.77139652
543.618936868 65.2489574568
678.790649262 238.681296813
85.7291686403 232.084262606
627.375415521 210.80443465
549.523046643 161.327313643
584.841153187 238.402721997
122.829159133 218.904961633
635.369958037 417.583547303
625.444645578 677.191478234
464.308249222 66.5343873935
693.213992663 121.121274855
160.815056649 220.939194536
549.945728567 92.5718963504
594.597148164 169.73232095
529.415558993 75.7378934603
537.509874005 202.378999893
552.238019662 112.973886628
508.75005001 159.78464368
405.143213109 89.9403975297
627.110272847 382.763981115
712.700768057 142.351181858
603.963634876 681.387908023
560.27316416 61.0745548593
593.961150623 660.62237957
565.582659516 90.2421687412
547.281823199 144.908846355
637.30906233 637.208174768
544.871762999 225.987960221
610.771013416 136.5917538
100.931325713 197.054371249
644.958760522 372.59411334
569.936659158 149.430143586
584.411894844 149.611617918
559.392442936 73.2450195008
544.106691408 78.6314201813
169.168081736 206.006266392
658.495501472 339.107826952
522.178112436 121.691417638
633.15659691 659.830770431
681.074175366 265.818087937
609.385854752 606.352544764
591.647340599 27.7039275906
581.015832519 87.6099815158
697.032244877 169.467339576
538.612686941 54.1068942182
568.75450524 160.488510308
673.956143576 175.680975381
173.69241784 187.048382523
633.422075325 343.155401029
513.940113304 87.2407672406
100.048399951 154.703023734
70.8889419811 184.718390182
90.4968603553 177.589868276
644.81519776 677.704451744
616.676482645 280.821787722
437.20798393 79.2364021159
143.593347361 191.054271805
569.633047366 126.728541786
583.470104471 43.6260244517
420.826803995 63.1431558794
152.236831046 173.731821268
711.816367927 170.11452031
644.543722508 273.203497633
661.621686388 243.92277699
625.935286718 608.480925422
570.929874629 187.373298646
516.676385111 204.436315381
537.571404938 237.793763258
607.419201734 645.465252226
575.233249702 62.730494908
647.170742492 401.360343913
586.725278098 588.165757415
591.518045035 55.9021631162
616.660496014 700.004219779
641.168944835 147.692479521
663.018979481 275.921406852
654.342875412 262.137658392
636.65953411 239.456980872
100.811401425 232.146014483
116.48175443 197.553785065
582.244792829 122.628944731
630.8279362 698.650869378
520.881139986 65.3527262
559.426913319 134.371382142
571.846050767 105.98539289
532.231176465 105.380789093
