195.830687865 448.967681501
374.66389128 719.52770379
140.961815364 730.099251786
239.488712602 695.161391483
194.123665304 132.664438265
192.330998602 640.649547616
138.623638478 338.732368494
242.442825474 463.225998801
193.81200082 156.843373441
168.687294458 725.6932574
170.451247034 500.631319745
208.395366461 115.152670719
154.254685977 648.9629392
153.482338319 552.840473554
149.489222393 657.181488455
194.030095833 721.1207917
154.349165394 697.833877724
180.064326825 133.48367206
386.781556148 762.584891273
171.454296056 527.637000391
128.823545025 717.403495821
516.596809861 168.904413063
154.023244329 677.585970837
145.830515598 377.993271254
182.018675211 87.2929427819
174.101007075 671.009149731
138.947765871 626.51763526
211.941137345 166.730639043
191.860655655 167.032464693
147.769743657 748.662566691
179.923966717 330.234997195
189.821572302 499.608823995
219.618581204 639.067942026
184.41213146 461.817621951
202.712611556 693.762433174
258.101669834 706.276950376
170.442726568 750.296677856
203.344701317 485.80779131
183.541179277 487.018972058
204.958474005 85.8503931893
153.52625366 718.593706773
172.74211978 435.109238701
205.592844413 149.085169363
162.682567369 97.6536681726
193.336500782 118.636875244
196.388239822 536.751714041
202.572947106 659.139133649
209.892441606 711.68409663
190.579809781 626.699586161
168.079432959 740.97139127
187.56618226 110.859880203
198.997150202 673.254888524
179.955016636 716.285218494
140.413113772 673.339179812
159.64855488 501.078968059
363.76746388 302.285190155
171.804748911 683.124098444
240.406925682 668.736468928
186.873484949 181.159836566
175.729504762 553.437832907
188.073611613 637.707030571
275.045783871 508.594436895
185.305517821 690.554203907
278.159320099 346.20916329
181.630023158 354.07526411
177.125473513 682.465804485
122.160029565 376.066372208
166.176469137 692.94961596
380.288555473 748.656062535
171.611973608 125.248131785
189.069783406 151.484948496
140.046909726 708.47518913
178.839691101 154.089725345
229.784555653 699.481446575
243.924980534 654.944893601
165.462122463 464.408143206
358.332429121 742.380047509
148.118488118 360.704870569
210.017016543 104.212387083
231.135943447 128.708730914
218.915346197 136.568514065
169.962918851 596.303798468
343.595387455 723.877002164
156.294383188 413.25466432
197.039420615 433.269279017
157.486570833 710.4704791
212.003083055 131.196859179
189.102405438 709.920915723
149.741380387 591.938789377
199.523842075 594.044466586
164.116646157 625.839972404
218.105783464 671.857341801
176.535938241 661.287122435
234.510290985 98.8739130923
352.365108687 698.917022423
238.733802506 115.122109333
207.917887926 197.250700104
262.783742984 531.935690711
136.247653688 693.424487361
235.096094627 665.207979779
