229.536380983 482.715594708
144.572301687 620.514238496
200.560968928 472.598915107
214.961596089 455.938413558
113.350496867 672.546007668
159.509301501 302.685402335
195.092760099 261.229334475
178.218045738 238.524994061
253.407369854 461.043664524
126.729132247 710.995731769
194.545917045 584.525606604
131.542182991 570.691219156
199.843329468 549.304699274
138.263439577 681.012758073
496.634539971 656.114858325
110.077089585 715.927284211
148.467196958 701.517257866
233.592539702 555.31898333
121.272499617 550.438550099
161.444147382 517.586733888
119.994915273 622.067439734
238.661595294 529.589490584
518.464616957 678.055792668
471.256044622 691.287824027
81.0706614964 633.341056949
101.263798362 683.596258621
159.042016677 174.746904329
175.427059547 136.276515855
544.099500065 671.929459133
116.922845086 605.692131563
493.761005573 696.870286879
174.077915933 397.074990049
162.668131783 498.324819956
124.316145328 537.990517509
214.367138936 517.505735327
147.608716363 489.197653026
128.751060084 643.493651859
489.371732883 722.679675533
156.652800999 413.392802941
104.310085282 654.625851894
142.976708836 257.885512235
159.014836718 560.777042614
524.822351728 724.567695486
69.5910913676 614.548553499
183.121712752 482.254631899
184.816853374 290.772830318
197.45785723 173.837134972
464.879210891 152.295851096
143.634947908 638.428721926
143.542274183 239.406619765
114.941331225 580.840099409
102.826404258 705.597722743
172.101136625 466.174100262
241.050675947 455.063398869
559.639979853 735.162220349
130.250266937 596.574569498
132.446960265 694.311076993
184.337438807 523.440298148
550.706185726 704.385706423
149.947071764 605.751339233
164.617060382 157.896381991
183.491778815 571.306778474
166.189291049 229.17690603
96.508792756 595.714211798
202.025487878 451.119103035
104.399763346 628.383904582
578.013838203 699.211558471
80.1947057402 593.704564294
203.635491343 516.503349278
215.795186759 502.140020916
227.88225198 433.586651317
79.3033063353 709.478557263
174.857684227 97.6511095424
116.194977706 688.66028179
193.159553034 436.978696299
114.415313965 697.776635953
151.422420959 539.767054974
165.153863756 128.524922765
148.475970336 213.522801124
175.785689154 274.235785629
178.912728929 170.855669092
190.449101116 614.676013639
158.851234566 104.130564917
144.540561064 186.622831415
245.238219341 507.351433111
164.849090315 448.125038831
70.3611022067 652.459077078
123.616793954 651.161914618
135.662729871 669.761536795
159.644997677 141.633317896
584.049805445 729.957508085
132.053259459 511.701634696
193.800094888 105.48862225
170.009066856 603.165849316
155.146374245 591.180084975
203.063631446 129.193119797
101.82302193 671.258110445
179.14165046 200.109335696
174.747934484 115.663640615
85.5714321789 572.516085135
