247.934529642 650.354527292
285.052511866 619.417987117
255.157399915 630.950914482
424.044462967 583.293054721
304.393953699 698.314474973
204.712073352 681.604369625
289.200180191 658.59110655
271.498015894 415.400056891
283.03803049 489.222523126
337.289784513 498.26488823
327.407914663 697.145362979
373.343941617 655.335446778
260.516767187 686.327180138
279.68387889 100.472563459
310.497230516 425.196397754
260.869969189 699.049223543
388.326323433 576.090447686
221.826151129 712.150540095
314.175980515 642.751440639
474.652830698 596.287044497
299.064005366 469.723440515
391.792335503 605.582080135
421.209123383 612.21246721
292.785317552 394.263412636
288.818017189 518.532829603
291.201917104 176.949511058
313.163549469 158.213763344
399.144561463 529.538216816
297.277148837 693.242356159
274.1583717 125.478135754
312.162447814 198.870421251
219.656120735 700.981714697
289.914524912 438.510640157
226.148150407 645.232345168
286.641064002 247.159379278
457.874846972 613.593251039
323.075631291 458.379376443
268.016238878 671.201383721
311.066203011 438.973415147
279.865170597 175.23612533
270.120407424 714.576617301
320.859526585 238.633942221
313.804112137 713.440281315
306.194267923 221.192694931
463.477356115 567.348217524
298.090424658 631.375872345
321.539818984 506.506132722
399.655731873 326.676895334
306.933142212 413.29014953
257.204881145 594.126781496
282.724228551 565.423727253
316.492359632 604.586996693
233.631547613 684.757508407
234.786965179 667.195555152
237.115755802 724.337039107
264.282176375 613.201800064
261.802140368 675.315963443
301.473390742 138.608701911
319.949731799 385.893283263
332.672759418 652.989009741
291.069442528 714.645569987
361.01997829 630.819002425
287.343067726 585.019185406
337.836637396 126.894718973
367.230401008 675.983346947
290.196898996 700.253882448
305.347129493 727.158587498
289.638411673 682.588544761
325.988287046 622.874253461
286.646923761 200.221856687
282.384324572 221.733424083
240.197338357 626.982055678
290.037423874 150.734254602
269.99715472 652.721903967
231.517951408 609.872507902
288.272781623 731.016594616
380.956611685 524.246653238
328.051446775 99.8694205628
262.92944578 522.858090953
303.046711195 99.3929854612
331.864589126 172.636435253
314.744993907 119.325804647
380.133035082 585.720374407
445.374039269 589.794131824
343.895118638 705.509059825
264.748357779 494.693100698
303.135715429 538.133028888
280.029094684 697.779753741
318.10613934 583.808766241
336.785189355 669.498414105
285.975115015 641.9611111
406.417217068 585.528947505
308.30267378 668.342491035
145.468008857 280.200428365
325.922305007 679.108811558
283.330966958 461.659007676
346.530544635 216.500050126
241.762638406 696.876110355
297.155865501 668.643137677
422.311691251 531.882777689
