190.578842507 616.772781714
81.8694798721 435.269111128
417.118924933 486.799753523
41.5233976611 381.233205138
437.078634773 518.758139635
87.6878289374 483.209489276
76.577734707 603.899419053
115.354605196 639.477613422
443.7478274 476.115747086
86.904637518 146.65530296
108.641017748 527.754928679
585.961640619 419.770532619
93.5227290515 97.7045309853
79.230420186 386.199967787
582.925883155 323.346421496
90.8080626481 332.715678305
60.5946899074 374.254636803
576.384646371 403.686416147
455.781324927 498.636567104
265.720874124 586.284955942
267.405222709 405.884517333
76.8709502818 357.759384991
103.446379275 573.066907773
109.234291908 79.5811515446
160.49602459 539.461575096
80.1344412887 97.7054876306
499.678378245 156.065985135
523.697425278 370.978803551
618.189034212 399.496976056
79.8609439787 574.441171592
99.4659047844 516.25979349
93.8754819841 124.378334155
231.684304569 474.749777128
78.4615168649 174.781727035
246.661421837 645.085853643
109.980241112 560.694824083
135.977946395 132.873765569
93.5585581495 558.486064072
86.3865212369 637.835960899
521.624419841 145.289510356
258.339690256 668.077907004
358.233853521 463.721032529
229.168604597 502.949138262
504.467731231 246.057519276
113.652177487 345.695618478
86.0044760889 81.5890739986
95.5739456353 217.54040377
618.696661222 376.77703595
192.371370674 499.737482113
131.375227517 628.995762998
374.349522226 435.549711603
99.353873948 593.583563585
278.891409894 625.204593689
119.0653762 98.2723014274
554.893221947 346.988771164
138.912680306 607.714740928
111.414259169 166.145330486
129.089389873 533.412348657
113.788960592 136.84802887
68.9944251425 402.882964622
211.830889284 682.452364429
107.368039798 497.227411018
532.281921856 249.591935928
453.580363696 459.882206978
529.481195562 325.192773985
232.379631176 626.408812385
399.8176896 468.352572751
594.17057886 380.774522287
255.230983081 566.83084292
289.511148412 605.038423785
569.465789738 386.49699403
106.000346619 250.309240146
232.83642909 531.263142555
102.02226039 110.267627486
66.5724756698 220.096537025
225.106400738 603.112108085
374.896621698 489.992235946
105.208970642 381.491521488
107.053737032 625.988403584
391.713634176 458.092849035
547.940624273 370.339719259
106.747504076 546.891093885
60.1470174465 340.402945719
154.468167145 512.589712084
120.614505126 194.549846765
605.506097864 421.252189128
550.845796642 326.744900341
255.933761684 613.839149777
86.9290691277 202.171240607
170.58037759 479.820776443
194.221426082 529.281836418
143.752354569 573.425522623
123.230730452 602.220767335
108.735062777 421.930201925
392.905730886 505.045073339
196.748749425 581.40982044
421.509896281 460.289060124
578.040747535 360.011774468
42.8986500838 314.356788291
130.803522394 114.989569414
