260.991346551 682.655581714
375.333887703 498.784962968
158.760045724 535.339177745
317.782047915 452.603326774
357.059264949 455.607973271
339.007929785 487.891266956
616.92218427 502.624909696
466.206412291 473.433490274
273.753313745 466.646089642
152.600831685 464.437653356
254.582286762 462.527065547
186.220547319 487.04642318
372.495313158 478.537865081
105.67723598 516.425213346
185.965781637 459.932595005
259.424775841 376.982002991
256.653789498 420.140077136
240.801468515 387.508328874
532.347601435 534.880311991
238.330810778 637.163976877
586.785361103 495.370312819
130.761764397 519.456464933
664.487650344 503.454554835
218.000080927 412.082956572
131.175792427 551.633336293
163.959813371 442.040607119
646.001851031 514.340223887
239.225394465 654.709729054
508.539853359 494.349484065
493.965645121 476.852426816
485.145605513 513.933641572
298.501157635 460.666967546
627.488269893 522.679487749
222.887741734 503.076658197
392.112687682 527.584536452
272.581586367 691.376477486
294.530051413 345.78562316
238.75199998 684.723892305
676.045216716 525.800197045
453.592756241 527.572848353
159.462368417 571.399953848
698.697138406 563.444826458
339.396599884 429.501821957
295.063244106 491.72378371
389.566566491 464.616630955
183.570667126 580.037257465
229.424174243 435.718536745
613.545244249 551.838069282
155.499506563 518.740532298
250.49199705 493.931652635
362.321600143 423.271184856
685.052785242 515.71906018
548.890766302 518.643639117
275.96661327 358.689424911
318.70812229 483.124250632
321.733954899 423.526587429
137.770795355 498.432479405
355.223226265 506.850838113
231.873645936 469.210201964
414.43910683 477.121097687
158.574754509 494.512011573
274.646203682 648.317168355
509.391883795 539.616214053
590.23293075 526.673935161
186.178074784 429.173405643
264.354049772 658.667889347
437.226410236 479.912704378
300.126755857 659.190433628
418.753966735 516.324242827
285.762722739 670.666147613
213.567930593 468.027975414
319.428540769 400.367684024
699.312545408 543.004638315
135.829627843 456.97703188
343.095527298 468.512501321
293.04544627 516.333846453
239.203584635 365.620694138
646.841072601 542.654127745
699.996589143 523.987297066
380.415877902 440.526870101
671.261277389 590.211334801
298.124589286 430.486499785
471.88192016 497.380718699
300.886322532 396.29017373
339.540695181 385.753106159
285.813295423 395.830901095
208.591957747 396.135007074
226.273029902 652.027569745
119.357151643 497.012760823
315.16400967 370.095487641
119.889974237 576.121528602
246.199940227 664.114467945
193.141832428 510.935092174
438.929776643 508.566063527
234.835278129 521.798680096
142.447146708 596.216347273
671.5467391 552.331810874
274.219277508 441.810517281
194.572033395 534.318438487
268.452933272 342.65353045
