646.356525085 372.891616325
570.573485732 267.244700358
635.675800206 349.840842781
640.851226303 306.344050657
521.459800887 275.82610829
659.716933145 243.391927152
692.988322592 223.930621724
670.595737481 217.798147409
654.392494192 322.269300414
640.541777699 456.044888314
674.144738231 409.683095638
309.054723472 211.362270276
655.814967934 386.268115513
655.832240436 415.13621911
673.604135246 327.688061121
561.459575644 365.450210033
652.932822397 446.990757844
664.342176907 533.592391511
206.417873925 251.375446601
334.936151392 190.802601156
480.110526066 255.972871063
666.302660353 499.740101748
681.632568919 362.112580094
646.01139068 338.223380819
223.864142032 293.380991805
509.389965527 303.819776631
664.638932125 175.682315195
683.070628971 148.984311602
675.633947388 257.769536775
290.254882536 239.111716103
658.63170393 363.987776297
636.110248631 244.644889458
564.449162569 220.191414556
234.963106741 232.760046716
652.520630641 466.343387228
303.366201424 169.69800185
550.279118158 259.150302842
672.759085763 375.904682468
620.652970349 243.316024507
448.481557311 270.276049267
644.159317825 227.08383764
533.053022236 219.906053399
681.395007125 385.644465149
161.790697132 298.413382737
609.232562361 281.027556085
656.759497305 263.031815972
685.240320516 170.590228109
683.335383464 125.899453902
580.289733772 282.043976238
644.69203233 208.304433347
234.535681045 253.701575684
536.924573115 335.45682368
608.060972011 247.729274014
652.472584478 287.25978703
678.938660486 341.864597924
347.214502726 223.884147371
633.465653755 420.897166628
593.774420527 257.300160684
677.017661057 284.368745085
505.965703988 227.344843647
651.786199573 151.924571165
640.366085793 397.562928776
659.507987564 203.540947718
197.661006177 270.859628555
617.564087313 315.655250387
258.257166972 268.292205044
689.166081114 257.156092197
179.47258249 276.193217873
624.098295988 364.161698271
668.318482955 391.869561405
642.626113414 265.504770979
363.733097166 490.408739863
665.712053667 93.0555925208
550.430169508 300.534868994
626.188622485 265.849191763
565.32781911 323.709940534
306.344865632 188.960700673
647.056501296 111.083097952
640.0836172 189.221985974
658.335924824 225.873112157
680.486538762 190.66663358
660.236338525 435.302130735
636.985276709 98.2699344759
641.03518686 178.731049168
673.400663731 434.984077834
615.304910983 273.046593159
187.444848414 305.341986249
513.690651256 249.832499462
582.737986341 309.054189947
635.071706518 133.88826031
668.910901945 302.162388097
263.308034699 202.599436507
680.754617724 103.891344843
629.728206182 382.141243414
487.31489455 211.719957246
652.909864848 127.462821472
468.7442997 291.485879326
665.841925206 198.108896761
658.699643168 110.303753014
161.926861327 253.067950431
