371.880772774 251.430295893
395.596943618 598.01229569
384.085413348 323.483141491
312.226738799 273.577976384
430.078277444 652.014187057
386.02899901 566.080101345
405.694813745 329.952704574
477.953109714 489.632743105
369.516609087 192.675677364
548.319030302 594.721145747
639.421646227 104.05549507
298.75937218 292.647107333
497.073497892 524.165515059
330.294995243 294.113340222
404.932161616 356.647661831
512.741410095 539.754703482
289.91167669 307.280133955
444.025396305 573.27459758
404.845580928 551.737572212
409.445856846 616.896880559
352.871599289 277.106647248
476.889003841 643.938103913
528.547527916 665.971049551
427.025559218 462.843884596
498.042264864 467.193564573
384.487156776 272.006026565
545.926904245 100.971773939
433.765249989 543.189355598
433.783256817 434.007893166
377.841980708 590.182067924
548.640405161 122.298184451
418.577371365 515.339278512
395.389295058 484.486229952
470.939326489 618.321375104
504.087121801 485.986241911
513.963730979 673.207499482
423.675086568 388.717322148
502.542105482 649.510870591
568.660507905 100.127516701
471.630076269 467.709451887
551.463319276 642.296407991
374.540309418 608.682075233
612.143547332 128.370518897
334.461778289 250.052799389
510.036198262 595.100812361
450.189939867 519.336690203
603.929613017 152.95192954
476.847890109 447.087729224
448.922841167 446.27459771
394.892917492 237.064963712
541.213093371 572.052705699
429.731347747 500.018857286
587.682978663 638.402470577
537.546041754 547.987586846
526.386237378 619.65936264
454.97014463 381.24043385
610.094691482 101.543263981
482.451427079 507.126879799
378.460484106 332.095897776
427.365661521 550.116507907
465.717357103 531.798061908
406.647103599 197.653258506
489.806550248 593.69583269
440.583091146 467.927770381
350.391287854 167.85128747
295.684349698 225.020228223
333.979249519 203.895163985
565.587555742 658.238572088
399.524444241 636.983163001
413.391286463 480.876005119
383.82941846 207.821965313
572.747584905 132.602755485
456.587257968 402.906425697
406.772991271 463.781114814
396.3414332 173.582315793
505.965583906 503.248177664
442.917840151 631.224795015
479.767330738 547.230827582
558.488906709 616.193006532
417.84955716 577.54921461
355.977510461 591.767729611
371.218397505 621.508593684
533.386457175 643.174614171
473.648667637 426.640844604
508.910522013 619.929886286
474.896016746 660.06442466
485.280690649 401.557577149
550.115326882 682.621468818
461.237426909 500.415437428
504.942884205 564.631214001
462.293824676 591.9318535
427.988681187 598.226329843
317.177532829 313.29428278
357.195358461 227.786674721
643.982882416 126.158095981
574.472322607 679.071706969
360.109084002 336.397616873
560.677031074 141.735292599
593.126420322 114.89134096
453.222431071 475.731634314
