583.063877637 51.9837444334
535.6537964 38.8306360282
587.169466036 90.4790710604
577.184000921 116.98061394
598.603138588 680.014020712
434.823521802 493.789005462
473.88295031 129.738654158
679.795157437 363.503964959
614.859359771 154.300778404
445.998519622 110.953647045
544.122476683 93.9357247533
598.61268755 100.888819567
268.20749009 135.785575693
530.384764341 59.7595412708
538.90120247 501.60032804
586.243606825 146.761905702
596.70329273 131.160069117
643.53592573 711.311750528
619.163473774 703.187970592
446.019930611 35.6966255847
478.143813567 101.225312344
595.637065928 121.596400441
562.008039993 514.47578451
489.470041748 116.572573242
521.28648864 168.067497027
548.195673068 482.231176377
237.582702935 117.448838009
563.16628113 170.518411676
548.500934291 32.8964031891
569.170473388 142.046852484
593.411522898 178.403853622
422.021222725 85.8824880349
559.851167929 154.690764976
533.763349571 160.275450933
499.097966535 104.015660652
505.934736455 37.5403352811
548.36307086 187.306719779
576.798803586 197.075197041
610.74949709 92.5837692279
444.950453196 78.2023617519
551.857706942 456.231971709
615.946770547 677.858812154
550.780386942 107.976892469
494.819703813 137.804378455
668.531378668 692.040506106
407.250374952 62.6091869297
566.547626402 484.45743793
628.678760281 632.393396796
275.628012852 116.188875382
543.560000156 140.446894927
540.974825961 76.7921807559
647.84570211 635.300749557
567.138496528 133.227414679
583.12251905 137.754541684
611.098831294 725.343851538
649.471586595 668.456375931
508.481879788 65.327288869
520.232046166 77.3968221659
457.24738027 29.8215976476
612.246219718 136.064133153
253.549293985 105.192955816
640.799158491 135.702793768
498.740832877 89.4287508576
599.402528054 652.912074003
630.170524006 684.969745344
451.313368832 98.048125547
609.831834469 127.437832145
622.140956315 661.690366728
646.415951228 724.769189094
556.749330014 84.1056481013
623.311619708 111.882813886
530.299687366 131.964717154
634.345399092 122.843395444
466.594737875 118.114902055
514.360832265 98.9153375864
598.510770199 701.055654338
576.181969039 78.7560022149
502.5624595 122.366846625
559.183355088 48.3656492529
431.411722527 54.6175237052
602.170666239 71.3652129348
484.522258292 60.5770251173
563.065152362 114.502458315
578.964926277 505.223285649
645.357794866 696.312892054
581.230468538 163.241556981
470.740025777 86.546458755
564.205819382 105.438389788
615.229563678 149.495898851
450.695713653 66.1619479637
588.51123422 477.606850625
517.454605876 112.933853735
250.51092304 149.161050176
414.295688635 24.1526620633
510.33987101 144.46382579
414.558464744 43.9077176085
558.193907102 69.3753605554
230.324230234 147.449608761
529.843810315 119.237394891
595.740633847 503.973633793
