242.264004818 534.103428335
469.30493336 198.315670321
448.451652341 164.385270144
136.681996867 536.442576911
475.981660114 244.224710093
256.09717345 256.38584899
684.824925133 138.379832193
726.564685871 153.505270691
225.470905006 498.074492743
336.991889187 282.160286718
478.471363532 174.964687605
105.774300236 561.120020959
741.071406183 206.667799279
154.694829349 558.254114184
281.231768435 117.616199333
715.934502396 227.347077064
119.642451954 579.74975368
693.706506181 164.155598908
257.39804697 233.998954648
622.639662084 145.238126763
194.716307063 560.155839107
306.325762061 319.395072133
275.818893237 675.028055923
170.384904966 156.681664602
733.748120849 127.141130003
265.572284071 546.603452938
216.187279325 149.589409092
530.438488009 149.400413545
219.403610258 128.853814735
291.59037904 191.763537039
221.352169506 174.031384063
215.934658819 229.592451453
140.854790615 201.303449988
293.517647998 295.322063656
737.34043914 170.347751395
254.531874173 688.441718817
637.925982232 159.702707136
244.296120948 664.92391628
234.540795259 152.317636579
237.849201606 217.66084528
287.810242303 632.209451062
422.104869638 200.789550413
654.776277442 154.923180092
179.529166839 537.171265486
312.633014003 282.11530666
273.629705202 233.43518988
311.926026119 160.092725028
335.474934503 137.378920419
233.049560697 117.045007725
275.66332472 530.377895661
327.4389913 250.881668478
193.757315193 196.440316692
283.426883971 653.061128496
713.11870349 202.822166591
259.739012782 613.196142418
713.12243828 134.210659412
400.897733121 170.480006703
730.139292654 189.777568003
258.715972726 109.88591624
272.933293214 159.05222826
705.247214331 177.460939341
286.332296181 509.714053576
298.346368192 263.296737234
189.430528116 119.047056608
196.203688059 489.780475522
120.25609818 528.620494129
160.481913052 520.022215803
295.475959073 669.438112457
648.602939345 181.784001485
160.872106569 211.225890739
259.456736473 515.989466271
258.848024712 199.477978176
703.478941798 153.331497812
147.18924367 181.24994759
267.799210026 495.52850525
747.604982717 219.422784048
656.902501314 169.721542375
678.448045314 177.552728664
276.209338192 608.144259142
351.101150678 175.393891851
274.502807665 257.554864775
381.201772813 205.000545478
257.731134387 642.614504932
662.029115016 134.444719402
317.10916142 309.186972298
262.873708542 586.768064805
688.518690892 190.483817833
267.094692011 700.462298305
693.739830804 124.028904396
665.090791604 175.251550103
664.779786888 166.572305874
665.538349079 157.18011193
135.73396538 579.537152514
225.35699972 528.482857867
287.833159189 143.211519862
281.116091524 698.180174335
211.74559064 101.749307546
233.578605145 187.240635599
248.184066937 148.397357758
190.643927304 156.932697691
