668.001753886 436.762350563
694.04333308 106.706234723
649.275173756 377.075739225
703.699091862 659.566515768
575.539502701 258.058379569
516.698263527 356.747179529
675.192773587 284.69662704
667.63813363 267.214057142
644.68221407 700.636048258
654.025616549 470.654261143
647.786129276 675.371234339
456.86498171 166.153483805
684.888514915 420.187658311
551.036787016 313.70977989
670.635586741 394.380097246
445.8876008 215.825627623
576.568316393 340.789048234
634.96686604 231.529115915
668.563731681 72.2605528897
629.192205776 523.3184027
671.24901598 58.5541605993
624.319957175 284.693851373
665.716443721 362.634567134
606.133184268 393.399352756
659.803359964 105.330919026
680.854945215 82.6331634297
627.773287762 316.956398167
648.731067446 240.947512337
642.79101248 539.820393477
443.427284704 178.815949037
570.350528215 213.128294878
701.616734929 696.530757156
644.915458921 490.655620995
561.068688849 318.367195272
628.114283665 686.392421995
680.967337679 142.777875558
609.178895582 361.532786234
657.155062166 690.212718345
656.670656999 644.618343614
239.295229944 349.483716864
647.725227344 303.331996992
714.558275413 111.1971369
648.170196809 269.468569244
643.392017607 148.646175679
709.424396542 87.6827252191
638.32998655 660.572245028
630.572906876 382.128995626
617.649849804 395.785138565
667.884861238 667.099217306
672.859380993 647.002337863
687.920883956 119.739849355
668.404145049 87.7088538116
574.703905369 313.28278253
672.483766319 450.356177699
665.08514723 408.608615081
691.272482474 434.741271359
586.623193017 399.786786567
594.752338217 324.552833986
639.709367207 361.51043417
691.440994487 54.2723983413
679.949192018 663.784943809
636.639245514 416.871705756
658.618161092 507.913387541
662.507229732 125.490214576
505.12303747 177.015161306
426.280183504 191.469824031
653.119017448 314.637643214
482.983937607 136.488229397
603.823763407 213.787213408
584.672327454 359.663292922
662.69961071 701.592408218
611.8633314 631.918676684
596.425056324 249.598817721
681.64663624 104.332982265
675.14884105 460.854746378
683.710186533 694.06850193
477.98586461 156.327061904
607.262687781 410.841943051
634.051793454 391.065957069
527.794650672 206.645806572
641.986717149 285.503079359
560.757841229 281.521803288
599.125227894 293.933368416
645.870266951 623.595717166
649.830780866 443.80498503
670.701045108 678.804525261
439.689081386 144.177684083
697.3421976 95.2413900795
620.75558426 172.112158696
578.931113427 286.900220523
692.817151441 678.612529368
457.984456594 116.052121099
617.187163059 247.445891652
466.844624109 179.979233511
648.357703199 45.4921585755
622.769462931 333.289852386
708.302873814 68.885668948
605.938908748 306.759620915
607.466675441 271.191077958
691.187298346 75.3155202922
