189.27380965 95.5918105352
524.990806231 328.165975106
455.916568299 34.95718234
125.447647324 86.2115739045
585.765796964 418.146294103
501.062650774 289.715376485
474.515968425 49.8256619821
652.660981425 247.500452714
162.287831265 58.409139313
751.552460453 462.148093985
707.708511754 121.871465522
123.562354532 105.59680599
706.513852621 311.070594069
151.424326813 107.904353228
461.003177852 69.3912640524
722.441855143 342.432691318
115.766712673 119.29936086
589.626041107 314.105472663
521.124115478 275.459392375
547.139999018 350.725931914
176.79139692 113.860100464
707.14118853 502.113473964
745.001144532 668.841835653
444.986497324 163.668320064
670.166563685 224.519097783
215.732057514 114.76135286
665.750762518 113.481124881
575.134650196 279.622963825
484.059747868 138.486333502
497.851976053 315.569298618
666.671912846 138.887599375
475.784816089 243.908876877
396.050520466 191.450356317
708.920085506 464.864835318
692.355371221 253.049461262
723.346475114 670.471925607
505.920047674 100.469281318
713.125286102 646.845035977
680.61062869 108.865980052
608.787440973 205.792082193
756.950444174 628.619831173
505.436988255 339.277986492
708.721531318 176.543509649
140.309782121 89.5708084551
734.460433207 448.808395618
576.593294807 247.572329594
687.648566644 176.736424929
572.331341261 162.915425671
524.451420797 156.142379208
217.761769199 96.5918857542
746.160334175 414.556545624
522.157403704 218.075096828
752.395323994 648.40619768
739.240541052 366.372540763
727.966593895 588.621307141
543.78002938 94.9298124329
695.592542988 105.24962699
675.663224575 277.999844485
447.347472326 48.8461648506
545.909347618 274.869296338
634.820687819 284.237100745
223.474644423 78.3282195727
716.582127359 426.158701889
483.249348125 171.346065669
146.164729936 45.4500767553
104.703660343 74.8984028477
124.475969046 67.7467209489
764.092479402 667.463019414
564.717659092 387.890680181
433.305596864 181.769463047
187.517990307 79.7564285392
681.412743756 153.54179221
531.238852983 112.785172452
408.796402141 164.048587415
198.35861577 63.273637102
706.622424115 281.262053917
611.429067843 386.740859778
670.343334174 340.017384018
744.888523213 594.989253774
534.73329963 301.640089618
478.513413364 318.108137475
504.716169187 353.12437909
726.195376343 628.801738015
549.513214969 136.722761943
728.474881497 487.319347287
641.336218215 572.569675831
574.813796767 115.841884122
736.334053349 698.465614347
625.137669425 249.749118829
719.556273582 377.487348677
632.757134488 375.854291018
596.39808912 351.011499444
136.518966497 124.209738245
162.290995537 88.6336680545
694.466346457 150.670748636
750.103520299 691.584283529
434.909077448 56.4639262906
663.585965344 169.778437409
684.470197812 133.952683861
561.330637655 196.260552168
