164.551176354 39.015847376
464.550190897 406.635618586
416.947601102 309.860887832
346.430908276 227.210977351
452.391367453 360.620908811
144.518875529 39.9443913058
594.88978668 101.228197215
403.281900131 410.594152408
123.453381405 12.1818948517
619.614161419 49.1240350506
432.15122337 325.570269826
198.586452518 65.2175419822
377.764014185 350.742781282
598.631547012 32.4415396702
394.878059113 74.0135318701
435.283773931 425.995961507
689.964313294 25.5375496738
216.573746783 95.1041662481
619.687804671 71.1669883632
664.074958338 36.1323782366
675.864978983 27.7585010764
637.798645233 40.4223596095
273.803530401 104.22924671
471.32750413 119.510059162
648.421013711 17.9852568653
313.145887791 69.8085546428
393.818470848 115.393980499
489.060523836 135.259254299
576.103570405 33.9113664346
443.120173034 169.847446049
440.843940538 127.473344191
117.505850704 28.1157034471
347.155314644 316.552061522
184.978403532 31.9577152226
201.687443361 36.5581097701
373.286099385 281.242057957
219.085200332 53.4563906681
158.162776298 66.670316954
426.692676478 90.1914658581
397.389366272 172.129420031
413.435388746 560.96232929
478.307402965 165.247059995
569.512117177 53.847142372
395.122882831 203.62701816
664.548066886 66.1369940342
440.645088925 388.567921119
441.981686691 64.2248698144
457.273154207 70.8622913429
359.501341145 103.711615216
365.487922332 243.673892906
399.458090053 271.35994038
345.747804605 271.937375706
409.941745099 529.929128825
399.88708518 454.857722487
378.881983239 379.494492357
463.958650183 197.474702428
457.302191173 442.454143112
416.406618571 194.766355001
383.067726039 95.1385303991
387.439689226 332.263727716
521.038830793 57.4353189951
172.901548595 53.9245454507
479.667786681 81.8027718043
376.722478766 119.531778275
438.023137983 525.031159588
97.8444898978 46.6661255004
529.68707328 87.6035713075
383.207982421 505.737738813
110.391708217 53.2941350366
366.135774218 150.105543609
145.45604152 13.4967144431
271.51309002 65.45972302
293.92288634 96.2210284501
315.401728228 110.840705603
163.140302457 16.0962086964
425.648775494 547.803862862
239.105888987 54.3260581659
390.920485704 138.51213509
348.802761545 386.347023622
429.534186001 147.293824897
400.113291396 88.5877266723
423.077829344 109.238885761
229.611569217 80.1141945146
686.849474681 58.866920093
371.089573516 304.616321424
368.498181134 417.590729958
389.650319677 229.960361526
247.629287735 89.5637085552
414.37881958 358.283783996
240.491205956 123.455492198
130.530049021 60.7599679931
364.337707198 200.882119936
182.613955679 81.9881602519
96.4941885667 17.9479380514
554.15890383 29.9593370625
333.243681555 351.262656447
372.642528093 106.114861708
529.112399254 42.6635954478
535.544896722 27.2576008075
698.174373467 45.4460624845
