236.19996198 692.550992855
144.385862847 282.373728391
117.305401287 86.3274493449
106.433150265 302.245519606
219.250251987 176.551662138
101.78609102 341.311093417
597.570796886 69.5032341698
245.088786884 200.088274536
313.526730097 347.651287607
129.972884287 124.716044617
198.091855143 570.126276247
138.076191713 137.740799605
211.552397802 204.363348985
95.2833044362 70.0219174792
154.305952707 120.612018795
221.519997439 135.602214425
116.015819319 381.304337811
205.640967995 152.852103421
179.107842492 301.307923996
219.947400304 565.677147709
316.295907849 105.235866119
118.367336588 64.5854547694
624.560202216 40.1007294513
163.236549461 91.8591154453
96.6845697059 90.7796978941
131.144316937 112.10988133
336.445005955 97.8636595803
217.311295947 598.118395683
284.198705523 158.834485328
597.185265262 47.3036753397
136.626720057 317.714535475
135.937589533 358.236327454
328.236509315 120.764486952
176.56663892 174.425105575
254.600408413 697.472164116
237.934464292 711.085486704
247.905246834 101.109378345
211.074322859 698.567218445
616.025405725 101.183197405
363.811513982 318.267142143
96.1964767623 120.683338407
434.396713096 194.882276574
272.989767704 135.873488231
166.831802243 364.998484784
285.142035047 129.784669773
107.39165973 110.964413908
175.991316675 105.220079591
294.774043734 520.83940512
130.826066395 93.3537218021
198.242279216 178.308595101
289.980477001 86.4264080535
622.271804757 69.9270299298
276.964956428 187.606592181
232.43098892 113.09864391
170.632218046 332.592569002
253.781447293 182.070168398
134.805086305 76.5556392067
208.160393813 283.881386148
187.840623664 110.322336906
166.927557031 234.454924997
110.255703195 131.657741423
260.163533234 527.036710337
274.645132382 548.510235194
412.830225773 207.874572922
150.984157976 111.47863447
237.374890691 663.047722509
318.702330297 84.8958241631
253.895599084 570.356685944
199.9629028 313.413674773
253.4332206 675.254910795
164.283573864 126.589572661
261.953970784 112.738605465
537.901900553 330.958554544
113.067326448 120.615674124
173.490274932 202.016056364
237.403886785 546.385460636
198.930879321 123.558667647
339.380883609 296.495262916
638.560212726 88.8312217557
295.383131179 101.055871487
254.46679996 641.385878775
81.9787765782 367.526171378
162.50595497 260.283463871
238.066853454 147.714588208
266.393590444 101.009742786
239.751274935 165.89607495
141.149675805 93.7659650695
200.224986757 662.537788581
105.526378728 82.5149504587
244.187127527 128.617968806
78.75004748 91.8334888429
214.220197834 681.08920227
151.282660475 149.030772178
189.86033612 251.957545174
176.210767539 147.265928226
96.7321609266 106.520497525
364.260307657 101.773186398
149.484951869 388.262587895
131.862791751 170.607687789
204.103480347 102.386034671
