260.969910446 194.764259959
416.847838986 182.31502918
318.194826375 619.243521743
347.866286779 137.677130033
274.56868358 104.141778286
237.481627877 113.038194002
262.636784517 121.147246017
471.75209952 163.843252312
250.403736052 659.312229386
148.980712569 302.50595427
265.456096797 698.44629219
296.737759651 246.964362802
290.002613392 93.2879118406
284.987679902 698.795313299
292.428162614 114.286407689
300.252000958 145.696534051
321.745380607 188.757552695
322.92016335 131.645574813
662.150245378 110.548287706
390.359326288 149.031404344
365.229313194 187.767000635
304.785358374 212.507803107
330.493867047 74.1833189494
186.861521267 291.591548118
286.349474564 188.886981555
265.420045532 140.463625261
519.182825598 130.958520232
372.846575263 174.415130701
702.484227424 142.502363229
372.68774978 88.9982773836
136.341884841 432.026952954
301.688451588 637.217728242
197.145661559 247.732716742
284.122157928 618.065513134
537.83935803 271.761399178
190.099670917 312.694371727
208.761640311 271.482623447
359.15999779 132.282979276
474.628994047 141.697151028
653.631356598 141.471474326
386.200023503 110.658254495
712.438375883 105.236832021
284.622387834 63.5729469974
393.698719557 183.427470139
433.887205364 220.536514455
309.445772007 698.998006229
150.50407184 335.765476387
503.08375646 161.240909332
298.462055812 670.239082872
350.946661875 216.646759436
398.588596473 140.723978003
309.429379275 88.8249469977
408.879877853 170.839195879
295.643315891 133.469944657
320.357365975 104.529161872
271.423466703 81.4651071488
243.84105577 309.073673897
438.619264808 185.055529105
305.785760288 656.541429868
426.740312222 165.721500436
277.924579102 218.575055067
114.69635299 465.396123855
680.084040162 139.25421591
431.859418835 135.951901941
230.608888423 278.066721871
305.425915104 164.616710089
161.115537606 268.064844792
445.404616525 159.886020024
118.321265405 450.185823821
702.407156516 124.781274498
275.302530478 653.120530584
309.741641585 123.544523277
632.30462455 97.0455543703
186.728643626 348.948082006
345.735626893 106.563401105
333.758750392 123.233868572
218.78730974 94.6765363918
633.469669964 124.481056777
698.48750129 98.0897062385
133.441261024 278.067953226
687.519297119 112.605873108
324.993613229 263.728609975
414.668089312 151.440511448
326.378430742 149.794627178
235.961709319 93.4410093681
322.693362355 206.293852895
204.825171554 327.580755707
378.367804228 165.513545849
272.632018461 280.157004014
300.277734251 75.9174113751
327.556576147 235.827156671
387.059925356 131.585714422
259.228980243 676.517492613
306.74876266 679.666836183
332.285633239 169.070554875
351.629554324 160.616710023
680.277751959 129.780447473
278.680179812 684.369325138
355.86349652 177.233127196
252.135054454 95.3287412262
