180.705302526 182.342816939
642.353332942 427.879218233
591.248537044 353.838515198
518.260535872 279.870922968
630.679853092 381.893506498
160.449314267 186.681507527
646.464371051 241.320191398
582.937403165 418.539465847
135.411576512 165.929957555
648.479946389 194.719793939
608.693719288 357.917780697
332.928643522 123.854780583
555.820598091 374.900901219
646.422361769 110.040702787
567.391162951 98.3465737401
614.08164435 443.235529018
676.460989997 155.407962005
340.988442748 145.937646172
648.251326886 215.584659057
657.596690492 166.298642819
660.373683481 120.001442106
645.002860572 172.886921983
389.839172947 163.364339916
601.43195401 243.43347718
654.424293108 134.828377515
430.793900106 120.13522863
550.276614162 198.459062278
620.558137945 257.282282641
635.408138798 155.286622921
592.987871639 268.833551117
582.240516738 238.661025251
133.859612792 177.900568878
522.387111304 356.460405853
206.281014622 157.372216388
348.007686269 85.369807052
546.432568214 329.866003588
357.070759126 98.8154903501
183.612127495 199.248806483
564.507451302 200.585037189
554.19831363 260.172566559
589.711084675 564.389262146
616.909262013 279.346274789
627.896738741 180.66537567
557.695944092 279.933790544
666.738511903 202.434215634
619.010886081 406.812393566
579.703062849 166.153953712
583.438642687 188.555193343
530.297300884 116.188745626
536.331871674 299.858054989
573.934384622 315.347729137
520.040661314 316.636417715
589.341334699 529.730337335
579.55138215 463.833555451
558.048394599 392.530236911
606.297069895 306.776926419
625.85670966 467.893339166
573.242912963 282.642007828
549.315648581 118.817960213
564.367054814 362.496354929
608.575374001 191.9781506
203.244394781 177.730305803
600.446874954 207.422040787
544.141443941 145.653822976
612.404064545 514.43495091
100.605549044 185.804429706
617.621246633 221.838893447
558.939065519 503.388217523
115.3172837 191.790368387
526.019719584 230.621737868
160.244099069 160.133955075
398.442339524 119.512743376
418.454968334 146.023724574
443.927189487 150.573197443
182.570792922 147.121509592
604.35404539 549.607549564
376.452754925 97.7293142825
543.018599722 234.467095321
527.960305671 397.119432061
573.081156485 255.741122249
570.430215545 114.377840359
565.004588891 218.417313386
359.33064593 123.777641705
671.536108859 165.809144123
544.691986498 351.006818784
548.114949013 426.419752397
555.938493843 298.366284118
372.656764171 136.619761043
592.289960234 383.924663746
357.25690807 177.791459517
141.429223919 197.326876098
530.870839019 268.140159945
225.367261549 181.656069784
107.82934461 158.982666374
622.545561648 138.916391528
511.344395312 375.407672518
540.42609214 129.338463612
604.226141467 160.180421678
611.850287689 119.947615825
691.006029101 142.075733504
