732.233360093 574.729395026
703.570275277 548.585049308
678.786155579 599.964743183
723.636319283 659.780012392
101.654202032 564.641675985
546.498606855 651.392698736
538.770631478 669.873694111
712.852272088 457.4045102
190.183369852 607.386465005
155.123065316 585.147866094
572.419949693 715.385498943
623.787584501 585.194401719
162.660260778 618.158319482
641.457925836 685.204839866
119.76294278 570.240802102
543.469859256 682.082670532
655.289507895 607.017843577
136.703738232 551.665051713
588.102627254 596.113009092
551.368998919 219.581064528
607.296623054 528.149685913
700.175187513 599.279430525
663.48252347 613.988453768
695.205316648 672.085589577
743.901288277 491.529173329
485.883905599 680.534917349
646.615288589 184.382425926
636.024569888 521.545217617
721.208127286 608.592887121
380.192264689 726.859052682
591.921375145 565.75097016
711.904293155 670.384956224
683.660783172 659.040179719
584.064431501 692.681256337
702.454941742 636.32754729
666.41552938 659.617679656
709.444596556 479.700125512
328.331603102 714.263898063
583.874913669 665.322174718
728.400427572 630.013914692
422.202410702 101.849818741
556.136716825 599.080890948
407.217381096 721.91422974
596.052781792 642.910741076
739.090688671 434.892769821
682.377171873 689.883621929
208.107606271 640.855822945
697.605250208 619.917592523
677.259244368 675.077219498
715.895590454 642.699356967
351.586355346 702.600470875
388.932848382 688.213586565
379.935899342 703.346277746
136.697283958 621.420652701
638.80908155 635.10266432
137.874321823 591.657644074
560.888128931 705.001274362
719.344292296 578.875085109
641.000119753 662.357324994
683.552214007 457.97803336
667.07448367 631.073109126
507.873168775 697.973421212
715.171047768 618.820571738
700.450830665 556.340191387
744.055588794 465.929245321
509.263430269 678.984974798
718.941757773 552.433537123
392.35390825 668.539295805
441.430515958 675.165350045
536.251042402 630.587026245
546.458937784 694.689566616
578.686066606 630.682216898
719.590362935 497.875487446
556.6761195 669.808783108
333.496843249 673.918502609
686.460264221 637.086402578
102.12939336 614.436485737
710.543005403 588.689342063
666.565023585 581.013021709
272.377395689 244.293620701
628.739098772 561.185252763
622.086845906 604.533010287
367.056507616 688.910755004
133.417255034 262.182513902
120.928470975 608.588617612
729.258106803 645.184049262
616.946944767 623.41727364
422.237567112 693.004822355
651.822069555 642.09249772
369.62848253 736.136367567
685.059350589 618.836445443
363.197141156 664.803204026
626.349649837 660.753885467
229.416429817 648.192917867
472.768811958 648.782374299
570.456128557 650.247160859
712.940408859 434.642876398
576.674728476 678.651678453
118.027375358 586.911628834
101.125786469 584.491293136
