246.187950145 692.061000595
154.353199075 281.566134116
119.723580409 76.6242328814
116.433029274 302.294711168
228.508241038 172.771498288
111.783142004 341.553934124
593.657643182 60.3006677836
254.061325902 195.67312521
314.123036264 347.047887131
138.170959805 118.989653275
207.714422683 568.826675168
147.36081805 134.026541431
220.54043187 199.979829443
95.3007033373 60.0219326153
162.581471994 114.998127049
231.333696772 133.680937404
125.847469832 383.131534624
215.316032417 150.323639771
189.100857747 300.934231463
229.798401841 563.957331235
326.292650698 105.491076639
119.832243328 54.6933342564
620.747679739 30.8560189442
172.379937322 87.8096144362
98.0650187123 80.8754381772
138.872234314 105.763284368
346.444090199 97.7283293167
227.21730448 596.75055251
293.84916013 156.213659909
593.040244288 38.2031917742
146.617130033 317.276690173
145.936611216 358.376203757
338.189789477 121.729999263
186.207650004 171.769751494
264.598230333 697.680866901
247.905386469 711.847530618
257.901249843 100.826670275
220.926727862 700.278976504
612.21864065 91.9361146393
364.086554129 317.039034533
97.7720074635 110.808233192
434.186250347 195.462930557
282.812950969 134.00130487
176.823040161 365.417011802
295.068115653 128.571029053
110.92597507 101.609809957
185.823816751 103.397459977
304.358432751 518.190006862
134.752775326 84.1569312222
207.59192339 174.761180012
299.947902439 87.2329005396
618.593970166 60.6279153096
286.072276877 183.47661467
242.307643561 111.532855573
180.619437425 333.0979887
263.208908461 178.735055819
137.11215625 66.8254065132
218.047831354 282.385198038
197.751302171 108.988750937
176.710554304 232.382977997
116.699431699 124.01062674
269.765422564 524.243196189
284.191994535 545.534092886
411.986816654 208.269794403
159.858193087 106.868699453
247.237688089 661.396896206
328.689873882 85.3947962288
263.562085369 567.795623099
209.933390911 312.645972459
263.333489288 673.846124111
173.310332167 122.286360542
271.870412319 111.448571634
537.20769406 331.172134356
118.00427747 111.919323475
182.69913036 198.117725732
247.159578473 544.188535585
208.810640063 122.012599185
339.1748696 295.570946229
634.769215091 79.577663687
305.363768421 100.433874508
264.022985168 638.863971395
91.3732635736 368.179327999
172.116408123 257.519555372
247.934719191 146.094333354
276.392865258 100.889313648
249.02733711 162.16047988
148.628441609 87.1275871012
210.164867192 661.442901853
106.727328718 72.5873264165
254.027399924 126.837789279
80.4262613066 81.9749743905
224.218676269 680.914763217
160.571754903 145.327702545
199.495225452 249.280063605
185.969525443 145.08266366
97.2548936187 96.5341693439
374.231564678 102.530836328
159.370974044 389.768099621
141.13411614 166.860349524
214.099956361 102.120577883
