164.869279476 361.509637425
785.135855959 519.081284771
738.54682308 452.253019624
650.178751004 389.757597662
776.69289229 471.727039365
146.126348177 366.045234432
780.841598866 339.188125064
738.983353843 492.918033237
123.825107456 345.514209523
763.203356686 324.532024439
753.464414871 457.838166881
368.409432649 300.132250741
705.272638652 467.673241869
761.322965668 215.024759247
740.810562373 86.1285209143
763.703278788 527.601894055
768.46270068 295.093994175
374.930229349 322.42093638
778.214254975 321.952131326
755.72339313 303.959744616
761.16277094 245.610552744
746.794761401 313.300160637
420.095230031 340.419015458
722.920520185 372.813405975
755.349182322 268.504852391
468.042109395 294.967371121
659.189150769 332.995298061
737.560167042 391.99429262
739.427632998 298.86816892
720.133416152 393.119864078
702.945858777 367.096196751
118.437048593 357.142804832
675.741427193 442.539179197
188.956450342 336.471116271
391.751874259 259.76696385
687.269337307 437.975613716
393.215001386 274.855491182
164.637466854 378.108388021
687.89752148 326.849633312
689.169448708 371.489972027
741.84824417 630.180086766
741.783775569 407.573238404
735.973013973 319.128918552
685.295288665 399.198071349
784.167229768 317.502000548
770.317391771 492.865273632
695.09763987 301.8856609
710.66366068 314.748065386
706.088368561 102.689620129
673.045624054 407.225682682
712.592849611 425.365439758
662.151401643 418.010864474
750.605089075 588.797531705
737.876868773 537.199350567
711.971909518 477.207142273
740.126437319 424.455656725
779.080385576 548.048414675
701.524379943 401.221797089
723.889442542 100.219969831
718.615066059 448.30429104
719.908729257 331.25589724
187.039870804 356.960881737
714.014876508 345.859551524
715.89416695 154.060445545
773.292647106 578.746595055
93.4874917114 365.318859124
754.5005975 333.168876457
715.876951799 571.182025979
103.202876509 371.32513517
653.8045652 347.958028115
142.99170689 339.180237735
436.544204409 295.035637123
456.386162733 321.588941412
485.232931344 324.555599444
163.808222186 326.07056744
765.139072238 617.672504192
424.179009046 271.015019547
667.204806012 356.879409793
689.030411666 469.899315507
694.342124569 380.138129379
742.598767324 106.637653908
692.162815137 341.071705198
397.29542861 299.461914317
773.861067198 294.514345469
695.354116374 442.893212864
705.500357951 502.990544979
689.551533738 411.995762315
405.017314629 313.504330194
744.171519185 471.850218333
388.242492231 352.233907851
125.788487413 376.55974155
665.716835557 377.34121157
205.815943037 360.532378631
100.572207162 338.759624136
733.109243609 275.5854224
665.789956345 461.812892071
712.566289273 119.954990659
721.958155402 293.828495266
732.258115272 241.5871448
782.163332763 268.818492822
