287.209507287 266.697551443
394.361080661 390.783083089
199.083583723 429.810055558
168.047067911 272.807614796
120.131184302 568.51533252
139.630138994 249.218222493
200.722273544 155.852185053
646.790635102 449.062319601
326.963121972 274.939118682
348.520467052 427.253467032
537.44332446 450.070673373
336.098415087 328.502270771
157.242821922 222.82681761
358.437086871 392.997601743
202.917619501 98.8470129019
122.907682622 605.349659851
370.646649933 428.354657436
517.606806087 407.962727319
145.180394452 441.431451555
175.409473357 406.607390877
337.658624392 366.818844245
478.10922051 380.894924991
171.286006522 116.660251734
190.314372374 114.744816776
119.972880949 162.562912922
161.035498169 257.005618146
122.164776069 256.006087174
265.237104912 223.603581185
237.609854888 99.786094067
142.151142909 161.359148295
202.072110834 123.041004589
665.523029216 472.178012442
182.72328088 331.302221553
155.953812506 426.482423374
137.953455618 206.863390308
161.297674132 352.224622831
416.486033495 428.80951154
109.038121265 145.807850476
267.62528275 352.77990616
269.612889899 286.57670835
135.046252347 267.807015895
232.646494688 247.220393979
218.276903194 144.093090273
282.7514113 414.119360092
204.834302996 398.749315763
637.852870418 477.046162002
193.048513532 193.483131312
173.475532249 146.234253262
478.664158617 644.635738411
224.245909497 307.238947086
123.050356301 191.505772735
119.719364844 549.765577395
191.653789523 311.934243824
263.561173333 391.003217786
245.220405781 159.230388866
372.131764904 354.451354063
456.355500477 457.517474256
166.649821527 447.347524219
227.534146938 111.661660817
155.804488755 544.247163017
161.32760753 210.533275191
435.30972451 384.804706024
184.452462581 223.953197951
102.09134023 173.321427296
179.851381637 476.57078649
175.631732245 253.675419646
265.694067356 125.418724008
159.974074271 504.08134559
232.661940841 349.797756949
460.279057964 354.818605507
291.235041232 232.481788467
104.245637527 590.019949534
219.620264054 189.7880064
146.094333222 526.306858695
274.338762439 327.899112039
295.739346718 318.889124328
142.677156446 470.4217153
98.0351808082 205.159645804
572.263991549 433.902954867
619.004135873 437.94545338
622.931357739 468.970350396
500.977189682 463.231578382
149.35523064 189.34330227
107.824313781 238.993218762
255.206477513 252.789654891
198.345272001 341.816242005
117.250864891 208.944716226
132.825573217 586.623013831
175.694566085 520.694527098
130.108141395 222.744412598
236.063108861 124.521356025
188.353594022 374.260010133
184.981961013 209.661884311
493.519520394 443.071557417
457.677389329 422.921752462
605.289111246 416.438973316
147.437580528 230.444163414
594.208133902 457.467032288
173.759274887 190.780184369
294.749965068 370.358402258
