270.780379751 377.801136184
254.871811465 597.51074088
298.536095404 320.031002531
292.381900507 604.35363212
167.44749528 639.312927292
144.662985659 603.688686242
342.364493634 181.319241937
318.982038875 542.696866518
322.084999002 567.586661432
149.520588071 554.436212516
612.045753167 590.439432263
281.432956296 694.684305325
123.16308426 585.682305601
620.800374693 536.771689059
563.755585202 557.747596462
234.024041805 537.123524352
276.746820324 649.666532796
189.494663169 588.000360706
176.982878526 535.45218257
331.838260093 158.691457819
296.010030371 527.327047337
312.38173954 601.839467009
214.284900815 567.373843884
573.061367131 523.434638211
354.721299759 542.264178203
341.478935777 340.014489517
127.481837639 565.104714652
323.334813821 180.998074193
243.772988536 607.415203737
346.170332816 566.855967698
256.447061682 506.953014706
140.227481416 618.622393468
314.510954349 160.456730144
243.667497551 642.644369965
314.602534502 394.182382722
346.668672666 101.913054389
327.842859011 203.551543696
224.14785261 587.787388955
317.627343438 356.818513838
362.557051856 560.317888789
194.959617686 639.933124585
185.101410094 553.411142077
582.767776035 595.544634119
313.804361672 123.969863645
267.669111188 544.488579735
146.121352935 651.613167037
254.583890442 551.854780993
194.305664171 604.670512813
577.938728211 542.198843491
331.986064344 138.30805637
354.897178266 128.19954344
271.330681167 523.514114282
270.996786765 630.639357705
250.641073154 660.894341625
167.152372476 612.591330725
245.257832878 571.605488718
332.907540692 455.497858542
367.857904637 100.598945051
585.840128214 558.231269793
243.110527735 685.595602849
348.656797241 219.286429741
265.645457193 685.718148838
235.884067202 618.43449366
157.823834548 564.061672903
179.71199263 661.358380011
564.819718828 573.778259692
276.94205364 663.651683556
210.087072167 536.568766622
215.054978337 672.390065151
624.943493035 556.786876241
352.940104719 266.781455918
454.562821314 378.072191906
296.542796263 343.494234756
382.721595563 562.744465846
304.231401233 633.724045919
153.593037093 582.274412501
304.915813691 374.111429811
331.612579051 101.767598884
316.966321272 522.592466735
365.684559157 160.165595928
278.021227381 348.635800991
294.732624 549.926254715
499.128986737 687.221043514
214.479107867 625.684813474
216.802092826 647.826995359
595.568937271 533.679673317
275.117759821 577.991931659
521.059071443 681.237228993
308.67419103 571.908676609
599.993150829 564.917049246
279.313140274 492.004269902
357.84349949 580.980114802
123.73814767 626.570259627
437.145991027 367.080287667
276.183790588 610.653796263
335.52284095 546.720190689
292.646532647 396.597355105
108.168910156 594.221557197
340.480526573 583.815941888
299.557013694 508.316623951
