463.511303386 269.297708573
340.82456556 190.660301552
500.846034807 321.867288556
502.318960596 350.859051394
359.119899783 633.451592572
271.937490334 528.85697039
278.981430377 286.193733822
699.660763853 397.526675581
608.158134385 397.603789222
236.388933334 245.844848765
383.987454702 283.291784436
549.56621033 338.67415856
170.631034705 364.185922098
353.835958026 235.880851569
293.99747574 550.861165431
561.923905245 390.713821978
591.239743317 373.645001355
408.957802669 644.242978725
378.467359485 652.615213338
228.526551976 139.979400299
263.141213247 228.138934956
575.200979824 362.243036906
316.846254212 562.734054702
288.083346012 263.865125516
356.378437974 353.054205368
302.979480827 529.475549494
138.963174263 344.853398433
473.180616477 395.383571027
383.621665635 217.651859048
498.748886118 379.813981701
577.569160166 415.474852085
206.998750954 209.050627198
455.207645422 374.224258501
380.640092528 354.235816403
295.587570858 248.968717895
299.816474064 171.424689708
422.526294647 396.234333577
502.513184395 423.436706008
597.915875097 335.971313953
228.634476887 198.838144964
309.158733966 507.588188315
378.621455228 629.444587106
408.544283551 310.188495321
306.240947958 301.629662727
435.405383718 631.403684941
192.565473896 177.021867316
321.516806888 532.448528532
398.329065194 581.943446666
174.000430024 342.503458481
421.047698197 354.697645316
376.323005063 264.261034638
420.941389529 582.910528841
459.313100862 354.87428811
530.429870951 372.868181424
370.022558563 673.458651837
426.064087135 597.292058383
296.178556723 194.652992945
312.813955151 215.952687981
244.869706714 137.900339635
636.539098146 379.499003293
155.059680853 332.63855944
683.711285815 376.004911167
286.153859761 220.645665503
366.189077296 599.427669851
399.338351003 624.893904516
235.328059844 222.711910614
621.71787927 367.470454238
390.333573005 602.18039476
408.22669963 665.478789723
420.128679489 292.529763929
648.474322857 351.517102757
384.914945341 333.555263481
671.866621145 363.832338507
258.828606204 257.044853514
316.295062156 251.195411608
354.64400751 657.382659774
474.738474752 305.14167585
321.411955464 294.374903088
408.41727512 246.601434184
217.166917366 169.440386402
527.230656001 305.643428057
261.792864563 163.421203249
470.60585456 342.794256447
333.557275247 552.340268812
414.018204969 623.41235838
531.44018475 402.547650258
250.565368677 202.214968828
447.769129872 324.0702927
659.02230948 393.213943121
231.118152655 173.73589903
342.654308939 521.250914775
336.055743134 283.683327029
148.860852645 375.623901158
201.518552766 132.271315729
343.373226552 328.804062586
201.097381195 153.146835553
424.436261751 280.005104867
127.772852637 372.830231383
366.962336851 307.581864192
349.665459865 546.193314356
