241.460756325 264.799900668
256.896519375 401.05473199
237.588389134 210.217974724
423.21717059 565.606463273
282.360079511 669.928293695
278.716538801 623.41806103
201.860886084 171.652734255
431.883058629 406.646193627
432.291501161 451.956159575
186.675622067 388.807812358
626.999013797 593.011459837
332.053890605 652.596409407
138.687228111 437.593751617
625.033980943 543.511642339
530.804628679 529.15794577
295.388838948 520.439687752
242.344340025 455.219762661
169.271641096 416.893533579
378.477592032 540.254153577
210.520473128 136.594097108
290.142105283 355.093495087
391.057473861 493.622870135
233.797388053 394.81008046
528.606778339 492.870261738
482.075125795 422.607003963
325.146920981 325.01391992
128.420074364 411.578040795
162.841372918 150.991861441
232.466579543 426.216416357
470.654614934 463.014039354
243.366868641 305.135293496
268.957547571 690.295041919
182.458843345 144.075008367
315.984829298 615.254317803
307.841606348 258.661474466
231.049277996 100.460503739
173.828188723 191.149232171
189.146322831 422.164408477
298.68844476 224.792963091
503.700559886 467.778678483
294.470838733 650.694552427
208.487594411 402.52781028
589.268329315 588.069730428
187.528990979 99.3854731765
372.950908227 436.504191716
280.204403733 691.82683733
349.714117077 472.358263268
212.008681511 484.719352651
570.984101139 515.437054844
173.026277008 118.538740841
229.377764017 130.133655886
256.596401289 332.612484315
372.488703873 580.782465163
309.250341117 635.211793199
271.853142361 639.603527845
371.227935545 561.304188931
351.469271081 368.034034219
247.254615646 122.178961518
588.627943373 554.066602501
302.243490966 700.489888777
200.467756567 218.372631535
322.518957573 677.37166185
206.906966916 439.226175403
152.595157967 410.889603452
274.211336325 704.979846352
558.461550671 568.222333985
230.989727728 485.042783488
384.532676475 524.957060826
294.225027636 686.633499579
645.250076035 575.814978332
354.130789617 289.520555363
458.92051607 364.795738109
265.349518148 226.954031353
453.91258509 522.286964143
390.098436876 575.694992876
164.753751073 456.818319892
284.689697146 250.278925172
199.160567166 100.23865082
394.497636985 381.34407033
237.598921689 166.739359448
228.41114117 241.496197499
395.077386633 422.681317033
471.934864496 549.927574284
284.438719188 603.89195263
292.850196245 669.310180348
593.77889819 536.54506732
394.497545355 557.445268281
499.415152492 574.466823117
406.003588653 452.693004648
619.857272996 577.213005041
261.86967755 289.910852615
469.301590263 497.997236882
241.710108891 699.791628824
419.8348436 348.782586002
260.620672217 436.745716479
447.076157769 441.644770543
259.24998329 262.590716946
244.5905907 669.606351983
430.681376728 495.900614204
280.664979213 321.685241674
