565.050605011 556.335033342
318.58020539 545.882227239
317.297767399 517.386975016
212.478319882 643.9787083
336.413749756 538.244052626
204.476321893 622.320464075
268.683951977 329.523530054
365.327832623 296.800267947
555.125223457 525.518240434
287.059224513 595.263582978
338.375356532 505.948148891
196.882268071 648.539731009
361.579337278 616.663726726
242.842447032 669.214238834
378.716879674 104.949472958
344.224702797 642.816395291
244.206742836 692.438984263
207.702339411 430.726821398
230.368019384 588.894179534
165.963622961 323.766369599
238.323417361 661.778849787
274.534478142 600.844429099
282.451643498 696.378243201
265.731842098 290.264934199
324.744891851 307.788088458
593.872425664 558.382941905
327.984503363 171.764943774
305.982661762 272.674555112
326.152885023 141.544097632
295.541925589 311.638524075
278.110384075 309.16188069
200.522620865 608.698691928
181.785189522 404.880698946
229.493898717 636.768548808
356.317302719 570.296833719
224.926884294 696.603710741
142.745296775 354.539170426
201.816570344 684.677741818
355.171842718 172.649335271
249.655856205 563.25306257
324.097378414 672.064288743
311.277538612 561.903847798
195.154811196 340.21625776
296.724635437 624.220327456
252.209534303 623.889456399
299.50696773 530.581377078
382.742632319 190.368867985
392.368695528 160.612288158
351.901868421 99.0425368724
611.117642769 542.602800368
296.294965796 573.181769914
198.671642638 397.560654497
299.843313156 672.704679124
338.219249504 615.243016951
289.882852525 650.836431215
310.534753273 300.824448724
287.658266708 557.837206898
354.366207787 602.584047295
366.640722991 120.208993893
355.254379308 219.988431104
340.52456456 578.452594624
614.030005041 514.867438279
258.154709977 604.941752443
348.938646416 112.757146966
412.226011376 655.088845258
179.595972197 648.769957742
245.497073137 647.922275485
312.203590423 704.46776151
158.405685299 445.510882727
246.640573497 547.558270424
585.967160068 528.699601455
218.498370852 390.907036135
221.513069177 354.249304377
115.333998399 275.176652379
592.341427363 502.747057635
376.155653263 636.273779575
177.799313206 381.301963298
338.650177743 406.678327901
320.081725327 644.709470143
265.656178127 584.134824668
237.491282357 615.734737315
300.586570172 589.557150461
266.001280471 675.495611462
332.26108347 274.937641588
276.19199161 632.068627565
337.652498406 656.145096929
331.212886254 607.611827417
264.734082601 715.55958649
353.746229367 260.24524099
175.363880835 452.606519669
186.84353744 427.242379989
184.110828278 361.654229213
213.895340074 670.042402541
537.471867602 545.71792832
386.914402622 137.444404681
294.399500109 722.674621633
328.500732072 113.678755364
165.294425183 353.245651868
362.192717211 139.074412775
320.745924114 237.803356957
