231.408026161 629.842280615
199.253425211 615.046568217
255.094128253 440.506676903
227.521982729 664.854203599
267.80413605 672.99050498
194.069506254 693.403602296
221.65586339 620.757637326
244.878275682 95.6896728536
231.846484997 127.944156045
159.138743694 634.315826676
476.080553587 616.119352754
264.389148579 655.369298028
137.99231496 665.510290994
277.938353438 152.951666677
267.371390778 199.790102284
169.994393357 699.239910655
187.858778355 659.614506793
158.37048023 645.810593789
241.351837182 639.146986239
205.865326734 494.008156069
329.437881416 542.393298358
351.979819392 596.06391963
182.996173909 620.058929551
259.089181403 114.444132863
244.858365109 259.794297371
228.577194584 193.317993347
144.373383535 634.693977448
167.587172807 494.906014697
188.345100852 644.706392882
286.670310529 115.156533004
224.435681599 648.77750282
252.179699021 696.275110482
192.371553381 486.287045372
260.679517406 641.787867845
241.1380668 384.280468978
238.177839269 443.402553117
179.227540778 517.621723009
177.367959492 642.747489201
222.202165866 354.128120231
275.494098048 99.691526649
220.899819305 695.059792337
165.451167136 617.268134492
432.022125467 615.505756013
202.190712623 461.124231748
326.837010825 580.571347134
272.043108006 686.926089833
191.876133959 666.559249102
157.671590349 686.014984678
270.565099693 132.537088414
178.102442388 467.095906886
305.916337232 565.743170202
321.138250478 602.292481112
183.625923134 710.112095903
246.937129788 657.599466764
209.166186625 714.57392479
179.96032178 684.827576019
256.845282292 221.229904203
219.370692994 391.325515208
279.200299823 173.001025645
283.252553062 702.066388061
213.725823153 636.644918077
286.763890931 665.485561437
177.306091477 655.308826581
150.231484979 608.683686851
267.717598716 705.604560323
455.759416126 605.01710936
170.50548321 674.038125482
345.642653162 616.420051106
296.373834148 678.514981374
306.245196344 139.086057802
254.14175679 322.839510188
236.060245894 289.624980164
262.29949067 353.665319046
422.841029766 586.665159576
201.148760926 676.863239588
156.620989487 667.123559785
260.248432359 291.515304164
211.591384999 434.867319615
232.022469964 154.796315258
266.252963732 381.477224735
208.078967446 519.067238163
275.334399945 257.207673896
383.56524408 590.202184251
227.837115643 676.314079235
254.856499078 672.25694769
260.511651274 138.634150599
215.293197806 661.750132459
387.012532924 607.644825094
459.979361973 556.346045046
487.754239275 580.61690538
267.29413508 417.677984349
259.386074853 176.400402225
239.210913718 710.532015944
233.14579341 320.700359922
196.590005563 627.041110911
239.054831252 107.502698065
294.884262723 348.746175955
242.175746576 688.627724898
462.094212029 578.383039579
380.594439248 359.570684899
