132.85931145 582.78517184
378.680695548 169.618349026
106.866400854 197.047336877
246.075051585 136.016942924
331.835444513 135.023589419
283.430911411 159.536246555
644.805035624 155.161026908
505.883551885 127.417787041
174.817244916 154.929694103
81.6420167116 147.327841586
148.464913914 158.599830012
115.47269899 160.09406199
366.35550386 155.272975714
73.681004384 180.333921113
91.5444507988 145.707928044
146.144367602 115.117582674
144.296566176 137.049279607
124.470270697 113.85092907
563.953754069 236.710442545
115.975857563 528.713750345
610.770239595 147.145929901
86.4441635535 180.440309799
682.727628945 155.141964964
101.324840745 127.35041159
95.9277691798 213.662828577
61.2851442372 144.431807535
666.871935309 166.68568249
114.983034883 548.054635832
550.055742803 147.895160983
541.194938326 132.038384198
536.119013523 169.222279664
203.856841418 147.25887147
651.99040334 175.426408463
134.647619632 180.00451292
351.42640343 419.608924132
139.351716916 604.787230489
180.160163986 91.9829035684
101.972032868 601.056280532
686.874820233 176.594751211
510.437893367 183.289406193
125.571414439 271.599115003
698.863279298 213.836597003
277.906554912 123.06155415
207.531694812 165.146185395
384.773074385 140.649890482
138.67394253 290.783781561
112.446538079 139.881286033
640.024795885 203.648959705
99.1717362481 180.886466006
161.240854345 174.724038703
318.728231672 116.352330558
697.306681468 166.896292988
581.826673645 171.330763185
158.133402338 103.404585328
246.741953956 155.300456546
240.245688903 123.860814614
86.0295435547 162.518186686
342.246445831 178.483944147
135.125806595 155.840210278
427.375447861 132.703838746
99.4419654494 160.378284157
164.133450479 553.90780583
554.49841774 193.51329287
624.558905569 179.409101943
75.968596637 131.691255695
130.540568629 559.276529073
462.174694038 131.580829281
197.791896047 554.952342339
438.678919444 168.523785146
156.427853534 581.291928413
120.349355022 154.067826137
224.034196378 112.654228622
699.624959281 193.416770164
47.0540776486 157.625536756
285.134900787 149.433101086
212.653679651 185.086269674
101.729879229 106.428270114
664.650410413 194.19212968
708.313380853 174.700735109
359.878419672 125.313031302
657.270888029 243.294976584
199.068790086 136.623547552
500.778574484 149.488783865
196.003622185 116.390287106
257.470705624 105.23793244
169.932923394 125.070375225
82.8526462619 123.655962769
93.681033736 563.60193275
65.6682334458 166.695471614
208.232359742 102.404263628
97.1973562099 279.930490724
108.433720801 577.370612677
118.112314591 180.162550779
471.858027662 160.87720693
151.250204768 195.213713597
95.0378855119 297.550897894
681.04399755 203.274728454
158.239439868 149.658104545
126.657075937 197.903522972
128.695833501 96.6009656523
