101.285275857 299.642756573
688.804375536 268.88054566
665.940075653 223.868595698
124.125715728 284.981586303
699.135762336 244.783345395
109.315787688 325.86930635
212.653304692 170.154159673
632.80798839 241.897357386
79.7242098999 285.261122409
171.196986082 211.670177414
683.874891982 220.747993815
117.808565623 319.91429243
153.523584886 519.028643259
131.621316486 162.470021252
85.3122381044 140.890469088
159.789487429 613.580896668
125.856652917 184.379709541
108.210608741 466.869350822
167.410163038 176.640357326
113.336240568 203.335342038
98.7295692445 182.936885874
142.038051895 209.589735654
101.411733534 528.569295063
321.106964506 201.519629008
456.016250664 168.250515753
109.745894178 292.066103406
72.6009420321 238.27961209
327.659192197 226.155074663
40.5738400115 204.809494125
293.30883234 233.645733379
274.427372945 206.147777004
95.3595437948 326.197236413
129.237623022 323.444885715
95.7859856902 266.517476604
185.344950019 266.538117425
137.406619834 315.079797074
99.2363596889 246.249972007
106.841259003 359.590895753
87.4430048233 245.743130852
242.270626094 211.305391414
135.465415849 647.085348969
350.793658767 233.852950709
136.785884874 227.610227236
148.498472092 290.220583144
471.451563033 216.944093397
679.344521352 246.615366801
67.6861333347 218.128542986
85.1016546132 226.165744812
53.3906944647 149.797738235
120.40566431 302.507651386
318.159426916 250.879660146
125.479756449 346.807119818
126.092199692 616.250153505
148.309922105 457.097299094
136.366543991 362.128489709
334.024025544 248.606287358
659.624919676 256.51420389
192.448673229 306.886766152
80.0112774859 158.151394029
623.287260339 229.367360106
175.842426046 233.086220282
94.5928825375 286.691868653
197.822383529 224.55883172
48.4691116279 173.869672228
156.815320544 646.002910188
98.7478722351 354.859414925
182.305181246 201.274178972
133.870852418 679.987406758
85.7391359946 385.868889119
228.583324506 199.938225479
84.6232240895 276.710943397
112.440488257 379.984152913
110.392493968 436.684913031
116.527991938 362.388742235
71.8493502768 264.060862747
155.107624558 668.533502437
113.984307194 262.284291282
247.577857666 233.695354277
123.192744432 497.015437626
260.723576615 243.274205595
93.2764724401 164.724761573
149.653295109 250.092482534
109.954316356 401.640401021
497.528647385 160.653461655
139.898904096 340.277482025
126.082691135 518.319772059
155.896383358 319.09087027
94.2763033639 565.374126619
649.784919633 239.749969662
90.964626832 495.0685198
83.9669954847 416.631910475
130.727239454 290.096046928
125.337830251 340.664734162
84.3505473254 308.852635611
79.3234010673 196.830543346
112.347956411 655.810656774
27.249377256 159.566603124
113.360759534 224.426029595
51.4528991696 195.269835382
474.928906776 158.169413027
