122.801889652 267.712904504
409.3223409 341.824299791
159.473633362 604.549155606
269.921628579 277.292645537
143.238024231 193.433215482
103.662783867 196.999468032
136.960141823 217.460380661
464.445893485 322.165040707
90.6518970921 651.511467153
10.1272859962 274.495544755
105.593153614 699.647279144
166.74741415 326.719753066
163.861672058 189.13223502
125.290869621 699.270493607
169.492018853 214.682280539
198.928173329 269.274900692
224.383878344 312.877184755
225.986064963 258.785113745
639.120215116 267.700436653
347.819786805 302.0429487
322.44065003 341.698015535
184.548021837 311.455509389
235.099696806 201.526315403
33.7460170407 268.910611366
158.117764897 281.873362762
150.356188331 251.221219226
490.999001315 283.296697935
343.621748794 330.634367892
698.487652303 301.312869382
311.615626018 235.965019203
127.469865896 501.419348415
142.403290797 623.385084363
47.9128885799 234.593810676
125.120324086 602.010107349
551.243056043 278.737591856
40.2868236767 294.29246412
55.0974355304 259.647033597
305.223071219 282.283409472
461.158381504 299.901225989
646.162521259 300.901336649
347.293252791 265.028824882
696.695181926 263.696514925
158.110932914 156.018656326
367.001056088 340.790257964
433.861469414 373.047194862
149.572283521 698.399944804
15.8799057848 305.263876403
485.353951449 317.904336189
138.94276583 658.478101351
270.566565838 350.692073879
381.531109698 299.547760365
197.065957862 200.388501174
390.736029971 329.314830292
184.724469166 248.517270762
221.609646423 229.672078446
142.743816378 172.44673957
92.2140621827 321.110926993
442.7153403 344.666060942
146.657575341 640.448566536
421.796649849 325.139027867
144.027070737 299.086342047
114.820540066 535.929004631
680.543079133 299.140426275
421.619499013 294.868373486
79.3112169447 293.862267298
213.959790096 295.674501891
19.4091642694 241.071096426
440.550354007 319.103375617
121.073073867 520.088073555
690.293729093 283.873129256
115.866577478 640.580642298
191.735831068 231.156075552
632.260025002 254.831346423
43.5621430134 330.226181809
263.873719695 243.78942427
236.022764883 249.763819378
81.7938730681 172.389542851
619.329859851 281.814514658
674.310004717 256.112641426
3.1064932499 245.893666854
654.913092893 268.823741936
211.151870802 361.830507997
400.42714214 310.312444916
240.889117388 284.848853104
95.9396471398 166.821878359
233.054155946 334.840148569
59.0029317862 324.267042211
328.023112816 317.028527237
131.340533486 334.424451406
180.042066029 177.171252746
239.758975423 356.136004141
369.01490384 289.89559581
99.4939522103 667.986357969
147.039730106 676.102905362
260.620572394 311.907114847
297.540480692 310.775155805
667.811890126 288.90823942
118.936568366 679.416419242
306.814678914 329.040021357
112.543023527 168.93621342
