586.429188663 225.687048997
600.153243975 366.89502545
604.938819747 238.201967006
632.45733948 222.94792411
635.292888931 387.944615184
547.497036636 274.991982745
631.686655205 349.57067729
186.47314278 185.250128612
529.193794365 219.371087262
572.658857942 293.522336527
652.063374478 391.470500812
566.179254299 318.700340158
214.716324938 196.110103597
582.282710465 146.727913442
666.95421629 67.344305486
592.931172587 680.773748971
656.372524124 263.311205239
562.232984868 353.20933763
648.101178573 361.714870241
614.042784584 285.154024792
632.204459966 264.984958709
586.315140399 279.993102379
587.359098564 314.949671051
657.191760254 119.062676647
615.586409842 249.698912973
535.875272657 184.152748965
600.305250556 99.3462444298
672.051105614 118.222165301
636.674385422 686.848311465
612.686501566 104.307036161
659.074536493 102.540122385
521.002179945 313.818798985
151.745399077 135.174046011
511.253674253 278.234196868
546.595542438 240.651322067
603.482446305 305.020858334
644.633742563 196.656090037
623.278915111 428.179116157
644.052486815 85.7852556713
562.814089202 165.089871238
600.025425594 697.386320402
630.92650466 99.9650890339
645.553851983 692.797111652
592.653288502 136.54329783
632.533587486 282.826324512
614.135633942 621.149885174
660.538449208 84.0517352733
675.701519404 89.0237397626
640.97654731 66.1810242735
638.011824357 176.02259163
648.328226973 154.648660621
608.713464949 356.502537868
605.244499102 664.416905033
206.163200233 211.513101248
155.951433803 162.475712387
626.212945056 107.15108824
623.468192778 408.298480695
605.010176014 114.342539887
619.637185192 65.3004923801
660.628957606 502.240706586
615.936789146 696.485252959
537.348366113 322.788752645
668.016194147 102.825495187
579.631848681 112.442357669
686.046810837 530.330797657
527.236436215 344.438719817
621.185632631 706.72467326
587.051224926 382.090556972
640.222720088 476.64601625
558.156310803 178.752123512
573.784248313 157.303004312
590.034288358 179.907587629
590.827229231 197.614909995
607.727969836 167.16867898
608.37481926 135.794957865
616.467088103 643.489308421
550.454256611 199.323300196
573.162457045 130.593060564
116.217438751 154.040242429
607.414074499 92.5006518854
620.398591354 76.8250606995
630.374081975 91.7970625392
542.421072361 299.724540696
632.021023501 301.65997781
638.067963701 414.163375444
130.005177285 165.003413885
643.004642808 131.660781502
570.872747686 253.647404594
580.948433301 333.703347233
626.272666234 504.367448682
541.56727672 347.347486818
617.909243399 121.206500766
587.56237825 647.867203913
515.375630839 250.213501708
636.146569983 670.433798951
131.588201075 135.241822417
610.933876575 86.0532724311
613.193408907 677.304206055
628.248938819 653.21684997
648.855262492 305.565250824
