244.107487791 614.392108018
208.392433258 597.281891901
274.616885995 444.823800935
243.491620447 652.816200064
284.907802914 662.625889176
209.853900426 681.13082007
233.126817492 604.37474441
264.873741774 96.1014945142
251.818516717 126.89389395
165.254598123 615.296814969
479.237855985 596.370462049
281.009029622 644.246264993
144.866964616 646.762824226
297.912857988 152.129502123
287.368309444 199.439352009
182.210417843 683.682447479
198.426210921 642.69430226
165.184965488 627.008153259
255.115608524 624.637598243
225.082245271 499.531093399
327.490920745 524.355236278
355.324864888 576.349020065
191.008588418 601.741294306
279.084753791 114.025256179
264.735869671 262.00436172
248.562121375 192.909401835
148.818729243 615.206296357
186.630334659 501.017063021
197.348418117 626.949138722
306.596064468 113.483956092
237.841965482 633.936328433
270.513267871 688.300119472
211.504176111 492.108050692
275.49906475 628.374419521
260.944903238 387.051512416
257.492466136 448.585056894
198.65486073 522.37338075
184.474730295 624.052780412
241.962360458 357.215055106
295.470278055 99.5411315767
237.026460019 683.230574138
171.892594387 598.336521692
435.472561347 595.807786701
221.524148844 466.239962981
328.281155843 560.635627
289.399279126 676.994520556
204.053968279 650.718303475
167.358103586 670.670081745
290.537156783 131.480740338
197.692552834 471.11886309
306.406572324 545.749445018
323.11024539 582.393019242
196.85609293 695.114022776
263.514952589 646.41502047
223.555066564 700.690652957
194.922616119 671.556201629
276.799564788 222.579900454
239.02112124 394.997427404
299.178847596 172.075088402
301.044857734 693.113382137
226.023837064 620.874331652
304.269352058 655.813776193
185.703909602 637.15918086
154.112805652 589.065675501
285.011775761 695.566185009
459.300945978 585.333354938
183.333221328 658.697027002
348.337986371 596.617731795
314.504339207 670.094195005
326.238841349 139.341395643
273.750402104 326.77558776
255.805375299 292.807716116
281.967862466 357.278825401
425.595219031 566.857701378
215.138140613 662.578844129
164.048588681 648.55460411
279.999206132 294.65555589
230.965581994 439.815146413
251.995814985 153.765743605
286.209892314 382.716047406
227.417932594 524.165795663
295.142781379 259.947714385
386.747349699 570.456956441
243.700189966 664.14527856
272.581114343 663.0146073
280.494622415 139.435350019
230.154017812 648.372112882
390.124229489 587.892765699
463.508290138 536.663063396
490.617271048 560.827801635
286.994696924 421.093049002
279.295800514 174.524962166
255.455775991 698.865744987
252.999437079 323.103749981
206.200411832 609.501928682
259.052040893 107.54733803
314.481862802 352.681260092
259.865667004 679.296970735
465.128864217 558.616218019
381.645995681 359.320327474
