118.103806911 571.197584202
187.896437828 438.467257656
657.85429866 617.817159391
388.8121155 649.37565752
198.635368698 591.017740634
140.84004964 585.375693886
700.422608348 581.566721667
671.20033756 586.401708587
167.068208071 690.853676662
107.760544066 611.566572641
149.639188799 698.925220298
113.102442801 489.984055309
154.173995618 672.401263868
132.331241451 561.175982766
589.486004589 612.245876156
128.822562482 546.607710479
133.857204654 669.651087138
667.914192392 556.092925807
168.855658192 214.680190633
215.000329689 647.169730902
168.049165107 195.760006903
621.176647707 571.340329838
700.989345446 613.349722174
235.745329086 640.920204985
137.186358972 434.208321133
156.430064735 242.25080738
591.70721579 578.256245754
692.59234968 574.509027543
413.397004892 608.592341613
101.666801155 512.647986215
163.379260983 531.682906086
370.307229332 653.454698568
307.953957882 618.499473926
181.720626772 634.819534268
131.695005113 700.228309102
179.123940678 478.737649253
308.470980598 603.329313322
177.481639867 704.048609883
358.747504487 643.787063257
247.553800388 361.342467806
668.862658568 651.751761412
313.755361382 296.924247494
678.408179558 623.675077905
149.12664857 474.945136057
185.802849349 251.520557075
182.462767959 676.53987828
552.015849677 594.775330168
451.409984141 568.255772536
281.281392201 654.591505039
485.638113022 597.839019892
166.033719446 461.747657345
165.165374119 439.056897643
221.459144618 625.341141145
131.016315817 603.670011591
513.07610488 604.643525482
197.591212632 655.964924238
98.879717279 554.379908694
250.344784522 628.817192331
620.772714882 606.747340822
197.093530405 186.873191077
331.22090548 641.92240582
101.994882034 580.861045704
563.40591632 624.355001436
149.662054855 456.380090716
150.370352185 509.620733966
127.370811457 523.005076426
687.359399486 607.085143698
121.520850284 467.327354651
178.016329763 514.774732815
178.801016611 660.996538891
304.481287075 675.68555051
141.892171337 683.246762669
601.532955422 553.701038425
181.007446626 453.633935698
378.622345438 616.03670783
351.379035092 673.845862044
139.101600294 485.688246787
341.03079096 612.092257272
477.634839252 581.847631449
164.163831044 559.011859294
650.034229068 595.215066751
151.708702681 651.908400821
457.443052336 553.037836256
445.255033043 596.274501174
100.968567414 601.400325698
331.956055197 680.751776964
103.028265735 473.240512893
290.119064405 302.305722958
175.852457716 499.283179355
208.770153645 617.891562953
405.663461128 650.664422993
118.44182808 448.007577555
645.402884638 568.11258232
149.525661028 530.401152804
174.620602512 171.875259329
422.186498233 574.993430551
205.817704815 223.427812452
514.089562299 576.242774392
553.122119215 562.678676405
180.107053105 230.857537535
