495.016275778 705.78516536
358.783187144 601.483112198
591.645722287 727.194183979
543.299919459 217.09121884
107.567847054 727.868228042
79.714296578 774.145324996
92.5399057266 766.636477825
507.033471708 694.345788393
346.565890777 712.33777839
342.895140948 699.654942338
379.842537494 757.026039747
481.734007744 712.827400056
254.54373746 745.298878489
399.971908222 736.517842404
148.185894679 719.068623553
115.485742772 769.342030629
518.624599293 724.537015405
309.785569205 705.874220632
446.884244711 650.911255137
380.829519824 562.722361797
391.205759156 651.092852111
632.440941395 714.726908716
554.9909909 114.971803584
453.91781013 678.549782876
611.896924145 709.447126576
86.5361042489 784.414597986
595.748434972 675.744313283
345.403938516 649.15929089
668.540041155 673.360003816
349.2221444 502.757315663
403.636410421 667.230101834
453.110986295 698.653901132
383.271675366 691.961593857
444.094785146 698.129540341
684.784037865 723.610676311
436.493453542 668.566968591
478.34522019 689.693884888
356.937796204 387.819477987
429.321936138 669.038769998
700.331359515 717.826869415
397.901381586 329.438623997
466.62634779 643.333538857
316.641813249 661.668566938
298.781801281 763.512632921
572.29585929 700.998849071
422.479652743 744.375257692
429.804095633 680.119044863
661.383822944 709.661214515
449.993128778 712.506746018
700.5238655 744.262884999
380.274143479 370.053613177
371.287120182 484.135695183
390.630929543 414.804185489
110.721041133 755.269375802
524.849096227 205.950135095
293.695852502 725.822049787
426.767504985 694.230744854
388.992652248 635.101532695
426.074041177 707.144119263
393.431444659 588.633034435
636.512958758 751.49135249
339.675140513 761.924118191
696.013310146 703.673585169
426.76686902 352.95673805
596.758332215 701.997150885
98.2625070949 779.596765929
367.392191613 628.595196088
418.010108393 389.921139859
366.183985338 662.357462116
439.795156383 656.333562312
398.099755542 712.580484019
303.952309186 744.536751757
410.840107284 617.881559629
370.592378395 722.769502394
369.000076917 348.281964156
558.859545484 133.546575172
72.0906246562 758.93879334
624.250014952 679.901500763
441.492228263 630.655127799
335.935714287 727.020416064
435.101764044 649.154233077
503.217253699 733.48956748
405.62048637 372.929945925
253.027706689 717.133265862
82.7015797687 746.230426436
680.989432266 756.526185962
403.39275445 679.799853457
355.151627519 586.058324805
393.946669538 700.4784921
358.752008617 463.295302504
666.558427628 736.388582508
395.012059834 351.331996839
384.601831167 738.921670003
410.458406908 726.240882233
134.403580166 769.812207678
274.263250169 765.917786975
495.788904054 676.024302677
407.616662206 718.44892021
123.684362397 739.80446977
93.1443931264 738.578542078
