582.373257232 547.679755251
433.797197596 507.500348313
720.75070405 357.863954213
406.282478578 504.218991905
761.739592622 542.817550481
421.483939255 526.165235989
675.203551538 649.044974059
739.372441126 588.221971711
766.140995922 310.175436077
503.291426542 372.096545373
496.049233835 511.939155283
713.751625385 525.217634588
541.754887796 385.21280808
717.686025414 302.215816155
692.117275331 450.910236629
751.432493417 263.10424998
520.477733465 448.67526583
757.608296717 514.856347356
580.335406997 459.112309845
537.970853233 495.105698567
681.781488127 136.643914171
706.768280204 270.982966962
693.279477597 617.514845953
669.697533061 210.857906476
719.411390603 333.168456602
526.197559533 363.969117192
701.401938355 116.583692691
579.183320005 507.343552426
788.995366555 499.551564033
672.557498161 616.813331531
467.225596282 503.460314135
500.142268715 423.387335553
707.018311881 153.84923595
480.482041754 411.45590105
640.327448079 575.48873747
615.417540229 585.025818609
643.627008114 99.4497895718
577.01458391 569.578560418
685.896323205 665.715821604
782.082195903 297.98786983
285.357629305 544.108148072
753.10033346 191.000590989
759.758832466 226.120757336
685.175345343 532.330463452
709.829290097 191.928194149
516.189937396 333.605033499
729.098222848 243.981151531
642.295726513 491.670268662
748.470435557 318.546122927
764.24780463 574.311290478
668.773553172 100.038173161
687.904515627 636.912695436
792.534004769 529.738179028
667.410733768 180.160294885
609.300390061 490.367864992
788.0472607 546.456249901
654.263146047 150.572498923
573.380994789 405.462447356
703.695542923 231.312286489
457.959409675 474.316707557
241.76047229 621.39828375
503.015624998 478.90291795
670.179394314 539.237079362
740.490244457 175.763042712
678.957751953 422.206412984
615.562926502 548.228593326
690.993622055 100.883680127
633.592576966 504.639465593
607.577363748 436.452381689
647.017751487 551.333949631
756.190234345 487.119500188
683.172156 152.187422844
780.595588866 286.240688408
463.13745326 398.228616926
483.879098541 435.57415804
549.203928058 470.75193824
747.223923391 211.947328656
769.158257218 276.935992878
699.185954244 647.362295664
679.934797605 123.011812574
645.884564486 524.412496503
463.322468172 528.82749492
478.829561028 448.607789313
756.175749487 291.414407186
663.711367374 115.948001299
782.10560615 516.402923375
722.15736212 378.479030103
543.13257253 521.858317546
738.795157633 287.230830935
730.163951227 211.421311295
703.944552509 354.448618527
508.12732895 533.150960134
742.512793424 557.831758577
561.987968571 420.118550807
656.878921724 424.872436306
687.157250668 367.94890046
728.287920784 101.276329473
624.929491472 457.685126132
432.810873638 472.203974953
649.228617577 122.259864805
