597.199505048 253.302863284
532.954412024 234.465675041
607.317841018 288.874374198
654.177882355 387.022785515
103.202374024 194.99045747
586.977141036 398.282997765
563.851522814 385.940514911
595.832909934 215.985444702
203.340296106 247.611824311
184.035951993 216.701525173
542.656099733 614.45966109
604.832379351 325.637424981
179.792117994 248.949880711
554.599140507 624.68845269
136.975877684 200.87498979
565.919773727 424.596588599
608.971258309 300.077695881
159.093142523 182.810612464
606.822790575 363.646806278
521.266761415 186.413171326
543.784512912 313.827781634
634.999264754 280.04006747
618.082804826 312.362096682
598.617137149 523.045058493
629.847670925 236.570713403
526.437770107 433.952813206
660.676167048 163.89418699
530.239512317 281.967021961
676.900760113 278.50214671
482.664937935 376.105528775
557.576189606 346.679181568
579.285386759 568.338276592
632.515239913 424.71235616
560.371628351 530.498510358
665.962543224 316.583798677
601.204671849 476.901989819
568.564759183 218.081622733
427.943831971 360.6738026
574.40754609 489.818406378
687.514166724 309.492354865
393.790878753 99.9018462711
594.357290671 339.766972573
506.705346597 371.100403274
606.001840098 430.040926944
615.378792353 191.623679319
563.660908976 640.834157147
209.885542059 615.34215223
650.136497682 301.719234758
573.728412677 614.006859126
680.103268074 333.070385678
448.930434981 349.156191073
491.516554012 337.866234947
477.17611941 351.00842428
146.412302822 252.041925517
629.069549509 373.762124255
158.53738035 222.644761316
539.055032072 561.737452104
561.629266399 269.886677037
559.442617964 585.054909833
543.59478778 205.782623712
640.899410613 324.135609683
546.804642709 460.065804537
674.69482414 298.426205861
506.461610063 260.943419944
628.576794849 208.97891692
545.804310011 423.466679307
534.772527523 246.763579149
471.340182351 310.621869482
523.026851216 323.895801979
576.876170283 361.700986333
561.489237219 461.170062606
601.17148832 390.438946529
561.003503907 235.708269153
573.25804667 448.463529326
428.541355831 319.78974801
640.334758255 347.124158357
104.600746975 245.060414087
656.003231233 266.582137939
567.158704508 283.979222366
286.410269415 236.100283395
564.964381179 312.822499554
616.092623258 337.796175412
461.113827228 335.682132749
149.340205729 156.052961694
124.877447848 239.138568195
658.698809056 345.254743751
622.318041291 399.398921157
513.340671464 339.25204034
595.339569399 448.894908308
450.629986589 378.234466576
638.569168069 305.181210491
449.883836616 308.320970085
542.950428484 600.045888874
227.048979482 623.773364078
499.026083421 441.469198501
580.502003162 419.729746748
577.631368285 184.904061449
550.63908161 498.914220328
128.951732986 217.531717903
100.522806245 214.831049553
