204.165028166 437.612033596
182.87946019 586.01980619
258.478373355 474.123397116
242.19224247 446.581254899
206.388401323 552.156043534
190.976218343 440.600039961
606.846543049 537.943968317
128.429061897 614.700441127
161.779374549 389.602505027
618.728106574 514.445213899
241.489264853 515.747908699
178.00770087 479.952206891
136.901566593 580.328921222
537.659018997 335.381716688
85.5804214232 86.6809056348
152.298750993 610.5724087
699.789448292 497.748651478
176.748879075 519.603375267
635.544915112 539.880024254
659.669694823 512.063996211
682.115829465 503.47580686
639.220950025 515.450514527
211.491983361 486.711988284
94.2440667944 142.578875771
665.532652165 493.14521318
59.3239639825 234.898794011
56.9513016619 170.37044113
114.916745804 139.320437886
492.429380848 499.975821342
93.0516056526 203.804592215
91.6941900862 127.1340587
165.847262403 445.956363781
127.752832809 566.320775891
142.175520561 419.747943738
172.91014157 417.668996598
240.430208655 482.604774347
237.737734573 433.137813868
147.787556517 498.514473018
73.4590992155 118.406322829
85.5423997213 239.321517421
104.756104184 769.468336148
111.63469145 178.251705169
467.985819543 517.508845699
196.96063834 368.822225921
665.853912848 542.47362392
162.989230342 585.749876891
87.4150540254 103.948357356
106.056660626 105.23235085
67.4517299076 103.428693679
265.590537492 433.245466981
286.442138497 421.260220628
198.820989771 515.960007085
108.248443867 754.470589181
134.076079615 638.567621434
130.403874297 602.608357696
118.606678723 216.004161078
173.185367238 614.423654052
112.500028971 244.441769717
54.053910696 115.082971838
161.758802315 557.586607783
422.950685733 515.4299811
178.261782522 464.677069445
118.139212789 118.04585831
56.6404067506 202.564776236
136.884465368 737.766910299
136.39435736 448.049901721
440.315987243 547.062993586
111.918980497 733.554891449
139.637868316 478.037807214
101.496306048 268.419749352
176.09184469 374.629008335
216.851226555 403.939101162
219.784945551 425.803321975
246.27185099 413.150452148
217.381880929 384.750829255
137.389113133 758.323590141
203.469916416 402.874813345
80.9344869626 207.08674365
109.741978757 610.701267419
87.5937203774 166.745174114
57.5321471376 137.370309351
78.8300140206 134.245194289
204.823466535 468.366624386
684.67690936 536.894664361
224.622139007 517.311908328
113.698463628 631.60459759
272.709338376 399.833905912
227.430735854 457.334343239
188.713083449 564.652581303
141.550771067 551.346856277
163.581661691 478.302480847
249.665278365 390.384418589
153.505837595 524.766627254
144.199263094 395.453322607
473.007165442 498.621718248
115.689024236 594.302290417
75.5994539912 153.566289656
441.214211607 509.316683969
454.069363732 494.852267582
699.240115389 524.441341387
