443.629342582 490.257076406
606.076668481 606.20048132
356.483472934 612.832415243
548.159597387 697.662227039
425.578096783 338.233413165
479.096473629 597.341807583
121.19985312 632.920660252
509.01523876 506.273296792
399.403745547 386.547482268
445.635844022 646.54308189
409.325814046 507.488599187
491.377192425 239.762039724
411.406217909 561.003358324
353.563723632 517.945966485
349.918279889 533.933412095
487.480073878 686.595299342
367.892661987 565.265739105
399.926663349 351.5852976
607.896629042 652.521317581
387.64473484 502.274426424
335.049517904 593.57008594
552.175976741 174.050256929
358.822117506 546.905397813
138.650879331 674.684377285
458.167243995 221.933697709
440.115205608 559.418773059
321.524841957 529.728040399
440.805014234 374.190966942
376.639214316 414.826794486
373.00643463 639.368371873
137.831409657 618.891472836
434.885515905 503.068897462
513.389923573 579.419721507
410.686905786 477.736844046
506.785201728 671.273546721
564.912131791 701.003421398
418.416900393 653.574296605
478.972667738 511.882060202
423.247841178 494.357591373
498.65149568 181.60981209
392.007181231 606.740413694
393.828686973 467.247920391
417.162623885 373.643812233
412.184172733 273.593372945
445.44887726 297.09453812
445.665176001 509.269157822
501.240250789 626.878489381
513.686566222 699.723032297
464.177515126 542.275913979
410.000117166 627.090238381
455.386305454 261.993216384
500.097997806 649.52382205
473.882299424 664.668136355
349.414761243 554.990125053
362.809896229 492.476310233
464.467957464 383.550867483
441.578224354 591.872190351
542.555502926 654.824499086
359.61795898 436.694392829
415.967623268 525.207745923
470.582682364 564.491130701
527.563025136 523.228724074
467.144964913 610.772365513
382.296469143 455.451935862
154.587741607 642.613429418
440.056505258 570.21885221
119.963165147 670.221411191
448.464824434 617.620316246
603.818633922 623.189934162
373.320782732 359.786052617
379.199020844 395.489060578
336.653776385 562.585105875
355.441417434 407.57351563
536.959338681 686.748708477
543.995857108 596.313102796
368.720921545 477.507503916
596.446061317 645.748705637
130.074731268 655.15482957
500.399092722 208.054378511
519.38965417 240.481186133
500.759577485 260.340115003
381.224123956 509.100580088
588.062464427 618.393396765
158.707077822 683.75529828
435.534613234 460.482773823
377.847332665 575.940997881
484.016613295 276.797095482
481.190259482 640.222401627
326.13816775 511.536097382
455.236447188 522.352482077
398.694588361 529.563556857
523.779083698 660.124630961
433.903840895 537.151892957
532.233225418 182.136835752
591.148363518 587.561089226
532.71183184 210.884001508
400.318481313 437.093957851
520.018223339 534.401230153
311.97619089 542.08303125
538.68721399 619.239626686
