440.080322373 208.214113472
773.344643422 389.180937597
743.957138127 346.258194794
335.316969028 367.622864948
769.871820679 361.097982966
307.646170337 356.896943679
560.807160368 349.762800864
717.534439242 364.993059428
426.091565041 175.134811511
722.476784439 423.929444311
763.472678189 332.122317375
308.793134664 372.349376336
757.471699526 527.871883274
515.705158776 391.710081141
681.267634185 103.40360808
747.593137689 547.804779285
510.673110014 408.760709491
347.798330016 668.616107194
539.927836746 358.727804175
296.196489639 607.988733484
485.245463239 392.922106378
699.127319549 427.820513454
704.022225567 530.547381187
644.030303973 359.027761416
711.759360557 391.167170633
454.890586663 201.20720594
618.075557453 171.639131335
689.179927582 377.936714016
627.519593886 135.010461246
673.291817519 383.24372976
624.063614519 358.795972072
297.333632596 332.048889328
277.99148505 664.069128274
467.366970668 368.592354583
766.052963057 433.719937266
352.910576278 392.246151998
275.191664777 633.029157185
296.562120567 384.945426459
631.006197311 185.644184758
607.705318638 372.983756944
727.955418602 557.924493164
754.845404818 395.330217084
340.602127454 617.54733638
723.856913947 448.30583855
646.035081519 420.365440582
739.322364812 364.741863336
647.657895834 204.359127695
657.768928493 183.093968847
648.930616121 100.067180284
467.890176753 177.118383914
732.126860976 401.147702706
308.132189828 656.548483615
714.969479948 539.785367449
750.905361343 488.67544261
716.659604659 479.788674719
697.60457311 401.738841566
726.29578822 376.301257862
763.602699318 475.150927839
672.594895929 125.894888983
694.606296863 345.531669995
748.917595292 429.252889861
465.759015193 141.435969653
631.660429623 386.284387761
644.285107233 123.60199896
746.260342932 560.73302082
275.418769124 359.560011302
559.845731625 382.896941479
724.902778974 584.591369968
296.552887082 681.173122948
588.25876031 351.466400696
444.08426158 166.530382687
343.265311579 645.13601326
366.865543834 628.355251025
105.06849195 248.641558108
436.243690964 135.922643286
746.37215609 580.167029756
294.581961149 641.717415951
656.428640979 379.455330282
728.364145868 491.851908165
676.857921788 399.443628972
503.75679027 353.001422038
734.114448248 422.96302078
693.174812386 479.330936703
697.118073094 369.770315871
704.56870736 451.403410995
734.098893046 521.018074911
743.452519564 442.516283619
657.234444731 547.519903355
704.20785519 350.877452476
333.85956995 682.480380145
319.105592242 668.48337401
324.761303541 633.071875927
323.530046343 385.502129466
415.545796725 214.449373969
663.669831298 143.274771839
703.409755084 571.044205279
624.926700779 102.487042212
304.344647527 620.995312679
639.670552328 158.574265251
684.057580938 348.736682239
