403.50321796 246.158504261
346.654797773 172.630113522
506.791305407 77.6669722083
320.630843382 163.697649595
421.761368062 341.919979323
338.356524583 192.191455195
329.794106579 416.648657644
374.840782334 448.147634584
541.82890143 68.1863276804
325.918518676 89.3412265419
388.917399925 203.283335912
638.489267492 162.441453911
361.898215008 85.4882434808
385.484030367 136.558287161
700.497567603 45.4028116473
410.023303874 101.933898449
361.690882339 136.323229268
638.205318263 133.723449648
541.181766896 90.0415866795
435.519436038 191.704775526
455.164344572 80.4955327966
370.201672148 119.633873437
370.684219803 365.827834827
377.026123008 79.645239728
407.349265546 173.974684492
339.601955769 87.0562434548
566.686153897 27.2758097545
608.514297167 109.813206086
688.483927099 114.671015849
341.687337103 381.459450834
361.262204386 190.5134195
352.444225079 103.728123326
451.276244691 102.817423672
323.877777893 109.672074995
420.321042539 272.867759281
374.992185972 330.570194775
419.976590874 41.4573288034
344.283235165 348.337628629
335.248372941 442.866268118
587.754404998 37.7635369235
271.537177254 531.592029642
471.923560073 72.104782426
447.291135347 120.669310806
512.252398565 207.68141719
422.024186807 104.488098053
332.065217468 71.9471471101
402.950331912 88.6866159259
697.889567785 65.672561845
426.819637392 130.968555465
390.530710697 432.825183576
466.864919236 28.2136874196
346.042481532 401.969938662
458.25149273 261.18569625
392.146286697 66.8710475914
657.990159244 65.1680958162
408.676922433 409.25323412
403.416498836 75.9842159771
394.15749505 185.832349402
375.226861994 102.609174145
339.620393276 151.999561294
228.364300184 638.544965603
367.666848018 174.787517706
595.336491878 175.840069353
537.742462059 46.820543718
640.193823513 35.7677721848
417.856774752 245.025637993
486.554626857 59.2251479018
664.988081277 78.3707510519
439.015946513 175.859625476
466.50040934 231.781756881
663.558153661 97.2491121664
425.434090529 87.3329792871
449.724312689 153.021256073
301.712950789 107.37641566
345.811887475 116.821585425
406.406889438 211.048680324
472.749644698 93.1920673462
397.47315364 129.578709347
347.818246351 423.752637335
468.749939751 46.2104180536
632.296160853 105.895310906
367.540060012 215.879365516
342.134274089 129.300217149
411.113299026 159.883306225
426.742704783 67.1098955708
672.95351197 128.944642808
674.928929437 24.7631259117
423.403109961 216.331522145
384.854307755 105.846151281
413.913178061 120.340546463
421.628121855 152.131979492
391.143647367 228.035709626
366.088097746 407.176013898
371.715631027 157.190404169
481.892195568 102.236554991
405.188284953 194.221696491
497.186085477 45.1862220508
681.592955259 44.5769502283
316.873547435 140.127079944
398.985694263 55.277009085
