627.404359777 97.9859332498
557.573231724 52.1468501225
708.143638358 118.720222074
694.237111954 242.162253455
162.662842286 110.515480355
141.528862077 78.3566451804
620.349583862 151.05605488
541.410847241 117.723042434
609.053658731 187.58208091
133.544441605 65.310973773
722.570841348 225.800945503
720.469905073 333.848766182
111.280944572 77.7222802413
680.638261856 148.583691307
580.86370408 168.770596207
298.897004899 83.0377746636
697.983295282 271.534265299
200.181209116 91.7256603121
180.07149085 85.9888565478
605.457963318 136.171051204
559.63493425 95.2829257735
705.350904821 255.606262719
242.606883537 70.9251701378
568.279325789 96.8169666398
556.299783771 121.330114486
567.753756166 137.183016692
103.852747742 61.2312732523
592.488545391 133.149330976
543.35013154 66.0627002048
622.992933698 184.50242914
325.207051293 98.2253468475
135.465880565 100.689899826
571.004070983 122.530492235
531.338645306 99.6103737126
581.776396756 98.4535125577
620.251304445 120.322641185
578.938684449 142.793173402
280.283785239 79.1042507076
674.683101234 135.429259887
646.255183942 166.318220765
265.493670055 84.241776623
191.284915736 78.765727395
719.164132284 245.055141889
569.12975691 112.544775532
363.926948654 152.691398224
140.955420534 122.75861956
317.665808331 118.276631314
251.185854422 88.9020193243
589.246374285 184.781947848
592.628737516 125.743018075
635.60798896 154.644245454
343.302015016 132.330851057
666.821890155 255.686439372
682.597843459 286.773154828
181.718595644 109.419698428
300.787626011 124.123153144
579.577829484 85.2470003738
631.008516064 141.282300452
677.750249438 167.586727731
687.264030169 315.675228474
607.192728516 169.99305732
701.33024436 318.582562274
525.261220448 78.2802987231
155.944960122 68.9094019833
259.318764685 110.553922867
659.093086141 187.75387961
704.08480214 292.644756424
215.114591537 78.8354138077
271.296698024 125.909740012
692.911010954 178.272299099
692.495180837 103.032845787
599.186935853 184.222338892
682.664668462 123.150128829
694.153308968 192.8870649
718.247417367 279.631123857
160.705612156 93.0723421469
646.524487996 129.198287781
587.67329794 112.396004117
573.24604016 67.8314049884
596.58415608 155.470614053
661.048988036 113.615700534
548.952930505 83.3359945339
503.496948199 687.902731547
289.484082577 105.208072003
285.393017888 125.446588621
631.133639095 168.71748138
553.756442875 70.7908104593
519.898355968 676.41209869
582.634642821 207.727652421
706.16879576 201.021515883
361.942622199 123.873119161
686.558720552 218.2911827
108.935799628 109.096744477
576.245735061 156.37342511
534.979639253 91.1555525216
566.511950907 168.076855826
602.754908631 107.340019389
97.9603935799 89.7095738916
664.032068718 225.05267537
382.966798398 148.332313009
