219.534368092 652.180019833
317.225385314 447.632394399
656.77953852 746.918664485
392.110105115 767.893962512
279.001234211 676.726964792
252.377632506 652.046039521
700.223894994 711.401537706
671.777850694 715.990744891
269.14459762 761.86929174
208.3261933 693.574535422
266.383556419 750.207004453
231.762693588 542.22698362
267.46005266 726.944122947
241.087371771 632.295653322
584.40252222 736.891638166
237.382955532 617.981375361
249.755348787 715.208421279
670.243084247 685.674031619
298.529898358 220.678766876
303.697118267 725.958509012
297.759482788 202.182376621
618.854702177 701.278239222
700.772363777 743.258570022
318.82421364 712.465571568
266.356093438 446.313249985
286.149003903 249.698718078
584.867299817 707.993254998
691.835776631 704.461916897
415.327062867 732.531943533
220.767166148 564.450980024
279.911616592 588.720587633
376.011092053 775.699337233
340.501444821 734.79544841
273.297001542 712.260328582
242.96156765 752.625258825
306.01339596 505.192374609
346.73670531 714.487102581
291.560776322 759.457278921
368.382910984 763.103078704
251.659481715 357.290459522
674.740596355 772.643315059
325.316427898 291.299666692
678.081286799 753.242955334
276.001382595 501.362327621
315.265722095 262.471129174
288.428284358 743.755022527
551.156423224 722.925169542
456.61778581 698.076693703
331.015914925 757.967310394
488.891007321 727.709631573
294.59947062 475.792902942
294.622549809 442.008921759
308.615038767 698.318071716
236.964534836 678.900533144
518.071997952 731.159563786
293.72307359 728.920730678
209.034909407 622.936349931
327.938082046 699.706615333
622.31042114 735.562448055
326.910117571 192.642822777
354.323549475 762.366985047
202.667955627 662.740197204
561.223107972 746.366985814
277.301780082 478.467671062
270.22500258 559.280615198
239.056987266 589.468053646
687.194331558 736.697986049
247.115834776 500.292155397
294.723312499 571.687439134
297.073088469 709.007167996
329.220981015 789.073775169
256.723616274 736.13296401
600.729242629 683.638239553
310.368857464 462.067857587
388.381018388 738.197209562
365.048882318 795.396659054
261.302404062 529.576810574
369.27263115 724.272494942
485.146212889 710.665598288
278.854565222 620.118529781
650.50492065 724.098525769
270.138193657 700.812515695
458.377027344 682.789391242
450.382124347 725.137227291
196.990681384 687.922140122
350.447315165 795.171382267
224.967957047 517.275944772
309.356759364 297.000478267
298.683032854 540.849220362
293.80275064 693.816522693
413.025865373 767.925734945
244.740895144 478.67208879
646.86675697 698.03439418
265.230571034 589.420881424
304.190954026 179.067174909
430.366524924 704.589863658
335.721065466 227.432038574
521.981188132 705.896224988
559.968526304 692.418791736
309.781981209 239.488333891
