299.401302477 249.340959807
262.690931795 341.453614709
296.954320054 202.004692674
456.196252021 515.539025043
342.336773527 669.268739088
338.449566897 617.855645135
261.802168629 172.457714271
461.877763721 354.715297975
459.556781686 398.562474671
191.620980547 329.029197712
617.033489316 533.893185362
391.921058287 648.96824801
145.693166899 378.05384196
613.550109791 484.625919962
529.638143478 469.750512603
293.92073402 518.127349604
250.032209353 395.781269092
175.447987733 357.250995033
413.90167165 491.976632695
270.477826109 138.290463216
343.770335447 328.302698436
417.116187705 439.594322708
239.1249644 335.092994232
535.338267579 433.527081349
504.064342809 366.844953338
371.586446617 291.405283013
134.121534607 351.886522816
222.822780668 149.75202202
240.117358403 366.755746775
489.793151915 406.168205174
298.415276928 281.9426172
328.933959571 690.80162748
242.284582535 139.748117044
375.888432671 612.105526897
363.811080758 237.122378663
291.006629486 100.206948106
233.710640734 187.521845607
197.803916024 362.806213592
355.015022821 204.14320597
521.917539718 410.622556846
354.260106744 646.983436358
216.709670401 343.118715091
581.97405227 528.552860916
247.466818368 99.4527940787
396.32855557 388.553268634
340.117021057 688.823725052
362.82991039 443.025419659
224.8180717 432.561375373
572.475478274 455.513856488
232.918455835 119.180890855
288.97877104 136.83855768
309.716040475 304.846032077
409.195141347 533.471432363
369.099928703 631.317060234
331.654824842 634.845155774
406.249794159 512.754902119
386.937447359 334.566436734
307.153120318 124.940740681
583.500904265 494.299196147
362.03647022 700.932835154
260.183219024 214.164467476
382.468538888 675.521529452
216.912604961 380.079487882
159.445991323 351.335825522
334.195547843 704.634792173
553.931702456 508.645550171
240.208659892 429.09163404
418.249878349 475.378969208
354.162048656 687.927181815
634.081808484 516.880690822
395.594435837 265.354496615
486.91322493 324.811621477
323.207023847 211.154542906
474.412820425 466.577046238
426.801361612 528.34052008
174.257644814 397.585729874
342.076979195 232.805876965
259.116283851 102.51016007
426.788129096 331.010013439
297.377692284 169.269702081
287.054171475 229.057624062
425.130423024 370.756286628
485.226559461 493.023250643
344.273454881 599.92987682
352.746868502 666.267093797
581.232270271 477.940591177
431.181921457 510.034194215
505.950895923 519.206546854
433.650070709 399.446424916
607.354352264 518.574984058
318.449562813 270.048896382
487.803406453 440.951641991
301.378474631 697.931424592
445.23175505 300.465288525
263.763105605 376.865561132
471.739580748 386.961862747
316.110087417 243.591743763
304.578334709 669.876250798
449.854272167 439.076544019
332.846268688 292.091749367
