306.420839642 417.365929514
373.958668677 588.514143211
96.7084917176 568.464848676
202.109315084 468.952836343
113.864224342 715.872247566
201.973664729 436.837542728
27.3385183394 162.285009424
694.583730922 643.046516502
367.181408121 333.614464149
335.351262575 621.474224463
498.994002116 641.391016057
259.935152729 506.220692687
266.298654572 389.596292574
339.62830712 589.287351114
20.5075877017 100.550128667
132.864433224 744.663451591
358.792918817 627.012262087
473.083422101 600.428735454
55.2410051799 585.24702209
80.9618014731 551.599108502
262.429149773 532.571559933
442.188915459 577.316844787
13.0388072659 112.971166543
8.70524510115 126.423917155
240.335899847 319.027552681
220.056409782 444.957191132
168.903088549 447.10554452
311.613385 373.68100061
52.7274973878 100.087589105
241.414558405 301.518722334
24.6297389635 124.987964915
707.594668983 667.343920768
91.6776496275 496.438540249
65.9662214626 571.632898364
263.224334335 362.279838573
73.628008663 517.222521028
393.172505263 627.248141828
65.9695803821 188.179978908
177.857834104 526.045277304
240.474376444 465.322396327
187.08648874 457.623730142
262.503531952 420.812656192
33.8002465145 140.280648709
190.952630256 574.192494088
102.92051226 548.515269525
685.347257358 670.965755234
333.296278222 299.310793713
10.5390142751 149.830169298
478.838745246 684.876226169
172.036417239 493.639293297
246.855468669 347.719424821
108.072508067 705.404520966
126.204387449 498.147626181
165.696478771 561.269723105
63.3093676591 141.82455054
280.188914248 517.753004786
434.116861135 656.176583025
87.4610118931 594.601145856
36.3611108127 117.122819529
133.361823002 697.190083229
298.332015195 355.732100123
410.76233875 583.099064382
294.861938105 389.860022344
210.924248062 335.877148444
99.4152516806 619.400041623
237.072372021 439.835238479
75.509841815 116.313401219
95.6117034231 652.394448048
142.441557051 522.883631464
431.369308428 550.074810203
339.506503121 367.074640226
112.822826925 733.04633049
295.826964396 292.42070891
114.173467489 684.791833156
205.010946759 505.308609087
236.646109496 497.404806159
72.9720908953 618.902875266
189.679281345 380.494653485
625.031612209 626.290594504
665.030351713 631.971131328
674.634489364 661.897261026
472.276816563 661.010379117
290.838603316 330.12391615
170.775472999 426.285301735
293.318835892 417.091917863
106.070272285 511.465774456
224.494435027 376.186180042
144.206255009 726.756357392
127.618728626 672.821675099
191.904474541 411.133725068
54.8081783768 121.19335187
97.1742881569 534.359188447
331.863733685 343.989383956
466.148448398 641.10961001
435.690575211 621.630146831
646.832702509 611.267844657
232.372582247 409.753973631
644.646220459 650.43498291
319.372262053 318.699740458
203.657103104 541.960724773
