226.116103634 759.466031999
218.301796595 493.175177352
462.819035095 629.530543222
178.159200408 440.135228353
478.131841455 662.690074877
121.809560463 622.410205382
115.824205128 734.965972601
180.750460247 771.403659691
482.578756204 620.865136573
231.728608828 180.803268088
132.757958431 673.614787537
537.32234652 561.427311927
239.376538556 131.523160076
216.599050519 443.406652598
515.246171149 456.826758171
224.219693971 398.396555479
199.594395328 428.10300798
530.881919792 546.228855074
496.384375563 642.796455637
297.00406792 726.928308122
283.099929987 405.453721428
214.456775506 415.049776072
144.827189912 713.328673544
255.137802864 110.589455719
176.380300597 687.462619317
221.821808514 145.725362938
500.56065536 154.135744615
457.238449437 499.605593602
572.159178433 542.099451202
115.952957642 712.301327831
115.68663062 661.325931419
236.835056052 167.179350767
187.151692288 614.583357579
226.309489906 197.514674142
277.186223902 778.55050625
148.130304066 700.216727479
281.626913397 166.285156214
98.1953742016 701.677182691
147.495233877 765.987108017
518.628936561 145.998352438
295.96359835 790.862663762
412.294285318 603.473644399
194.451410388 647.077803565
511.8609556 252.202301502
246.425960773 412.834223861
230.540825847 119.863304409
244.50772166 232.713233609
570.178661927 518.422321964
170.917965834 646.202741692
198.796360876 759.455124947
419.850019236 578.397490253
133.608236616 732.469093249
310.375057423 765.752053756
265.084056588 131.421101955
492.339665666 482.828778336
209.585136281 738.510494742
257.609456052 196.797004671
160.3300051 678.843744703
260.630161219 166.564407035
202.272889112 469.562983266
259.086661261 792.673644521
134.370058571 642.509759551
532.613369669 253.805037322
492.493481281 604.620764474
466.528505522 461.099698152
269.78497705 766.511940413
444.333303603 611.515500245
546.99667831 522.526802614
279.602898708 710.13204806
315.712600351 744.025628681
514.734572457 525.991282226
253.709525941 250.408980222
206.368773041 674.720156382
246.242051523 150.792130476
215.71922455 230.626203169
258.645131317 742.217501217
422.611813079 632.102737055
242.534269314 439.27556073
168.14567887 757.416751477
444.019585814 598.629569274
488.994846822 508.213302358
111.848343214 695.175298553
197.752730543 398.248634224
150.958826517 661.783506963
268.529867564 218.023280199
557.942640271 563.162745664
488.324891017 462.387143423
291.620090812 750.468659831
235.555156723 216.978897263
155.328218437 628.207098994
187.978516155 676.64112199
188.588172374 716.471086175
175.002867227 737.52698281
246.394662779 477.675938949
443.548733812 646.166498287
220.004214246 725.895934073
473.013316204 601.003978747
523.886224038 499.605747162
127.189451538 346.244328276
276.584209001 148.651429418
