30.6675944359 207.435715397
699.360146202 149.388739344
687.651167802 106.0153683
72.4615678831 184.83148263
709.350568365 125.792049662
41.4328965477 230.716098292
294.01497747 82.4767570849
642.819649407 123.248403657
24.1682684249 185.143720941
285.707774159 224.587995349
704.149134315 102.625451142
57.8670074117 224.424690355
268.792409556 500.964302591
244.026206712 127.070671651
201.952763199 127.743703634
262.780581079 552.523493462
238.375868424 152.789965974
221.960952753 428.915469253
264.13568537 106.560561993
233.164693513 199.080341895
215.887291838 188.705937352
259.13893634 230.902645197
217.101207569 496.791257599
379.467262858 96.7913248432
463.754331071 134.478256723
41.3094816837 197.629682037
134.488339177 174.438362199
378.717531389 117.830724187
140.675736357 157.703811579
344.223040263 125.748208562
336.312004533 103.629942972
21.6584005644 235.07944604
197.825468201 290.514149839
190.401121426 206.740642071
300.397560575 296.2155364
91.6713666379 207.675033082
211.045277355 221.264519103
53.1649413417 264.859533244
156.446217281 189.900853624
309.889281033 112.377250965
242.182487728 592.791307881
413.745767523 132.163354904
253.535061284 251.426131939
256.718220076 299.39142462
462.84770425 208.656679731
692.728052318 127.495694404
182.088123203 184.854197059
195.565131068 185.676576591
164.929455196 128.984879139
60.9585226416 204.26074507
375.002652155 145.351383843
210.628608926 317.570234977
228.213196208 554.195263994
263.953655266 428.34232763
243.314153633 345.286469362
378.062877612 137.049812055
673.059766739 137.297674533
300.7988845 335.898340369
196.763133932 147.448102278
626.652890528 114.45539557
291.372216968 251.897864298
60.6821583155 182.768800947
279.5463372 136.852440578
163.08704479 152.304233762
263.986522047 592.147426956
26.3281929242 262.358511672
272.294494854 123.761090644
240.476277122 625.079273278
193.795485948 359.107453756
298.313686878 102.714580759
39.4639873083 182.038386579
218.438454824 347.558197718
226.73389158 408.136186204
104.019237256 263.434984155
28.2109363388 170.194857825
262.280709159 615.028784519
215.720230147 245.225881268
305.592428841 129.339971876
238.845007566 465.330267223
316.872980501 138.01315332
209.398741947 155.960864894
265.470481452 271.983260523
221.29716078 372.714634963
514.819239606 127.187390356
232.219355766 315.49647079
243.368469498 493.251916431
264.448263087 322.893523061
194.866048683 526.905944933
662.349201884 120.596452258
203.392112077 453.483464157
198.372325497 387.470327658
225.408177832 276.496448589
82.0098853248 236.05687462
19.4378255987 211.808647834
195.584562736 174.697474543
219.431102442 602.091900601
134.450559688 134.656120085
232.34887536 224.097673379
164.025391769 169.545363104
495.21729721 117.970897287
