436.83874301 336.908375948
207.165450221 258.912555229
616.079189368 334.260449637
546.241453902 229.448366582
87.4918245638 355.304174927
93.3082067817 427.988842943
103.515570923 414.85772864
445.741470375 323.51160636
156.039094691 383.807195851
150.212388932 369.148026945
9.74551159666 700.257635169
408.663839841 350.947160915
120.752429897 396.219823501
25.0336844443 692.70298662
102.70809378 356.850256962
46.6874479125 481.947975179
454.718666669 354.406105016
126.50849152 359.578455939
295.741029681 323.359895041
191.181751767 243.993374456
236.573003066 303.568815244
646.213366314 319.606723621
561.007624279 123.108831863
81.7944485347 572.389273633
630.863903768 316.20691386
20.1151744384 519.784539013
619.408176858 283.967855921
213.89778218 294.305441298
675.299419467 275.280112282
77.43645166 261.584102997
252.079277498 324.185673718
64.9122064873 671.169092939
149.317569312 426.02750044
69.3042513233 593.507866856
677.742525186 325.634383672
84.7959440569 526.476782564
402.211708528 333.705370175
28.5178842033 229.767649263
65.858149563 563.146020042
696.7594699 319.267283951
64.0388895223 183.851360856
309.16786626 316.626475036
177.609887423 313.506583213
108.840946396 442.303494545
588.539653563 308.8647028
40.1011422613 701.068790109
46.2792272649 630.976870514
657.22308777 312.126634454
60.8180418295 698.724194942
697.378700724 347.270809262
48.8164547855 228.027312629
109.934606653 257.352751666
73.513429494 242.019683426
103.295569525 401.912920551
526.377906223 220.413027195
128.232693507 383.302834568
41.437502757 663.818811998
244.222529006 291.754455584
44.6606604133 681.894428876
226.950640668 253.95347875
644.434969293 356.013179754
40.2338703668 542.908506205
684.355289702 305.120285069
97.4270005203 218.301403685
609.34128825 307.451823359
36.507705915 510.741559997
210.385091743 282.483193149
96.4953351061 243.744338554
219.5029205 312.874433344
270.955519176 345.654075805
60.2051760739 538.193251684
135.033278501 420.481872716
251.262568144 278.233613763
65.942688159 513.786275307
30.0627591061 200.403987902
564.376300701 147.057599794
76.539546275 401.804512601
641.272291628 282.794828276
277.904642766 295.842618191
137.733412806 410.635802305
280.36279172 316.762989673
429.214215652 372.847800125
68.4404324643 224.974541146
115.150646171 375.170483736
88.8712409448 395.31247429
670.055617992 358.650547884
164.428392895 411.168548175
149.19728035 284.942843431
83.1851520937 497.521956536
50.6887339297 257.678556264
662.059988582 337.847870085
54.0409458109 211.598343862
10.7118020323 677.673239455
36.2900044152 651.577095501
31.5461760845 541.811983673
78.5636472125 471.367234003
419.622283846 320.973464155
48.8546869926 585.872357245
101.906057015 385.011889486
91.4587375855 383.947436351
