242.458302973 155.298015651
122.986957999 539.365815061
186.306400556 413.056066446
122.896682393 699.871073548
220.561813899 269.657489113
234.270547196 398.297574077
110.404439784 166.783447892
275.047720228 105.647689791
176.88801265 102.370290099
183.748954687 440.088807464
254.318746376 366.860776003
207.34834284 135.769871876
300.831317847 394.943639521
209.396985103 357.88432434
172.002176407 388.320633939
95.9742921707 679.223375932
188.802607773 389.907745157
179.880286991 92.2769518637
130.436227898 623.208065685
154.040617501 162.949983299
177.080063782 415.748520196
207.493450373 75.3294992206
201.737912761 380.676323352
137.769606405 226.904960861
189.571797501 156.728450637
328.224435888 389.872353661
155.492806292 386.86584047
236.17281345 131.801951413
138.065853834 100.327255492
60.9474957143 565.484176623
120.023559178 153.429920254
238.799698919 189.622014395
235.344568043 420.017615822
268.315313344 353.562446529
110.322360893 675.532075795
135.313436352 699.399888271
158.981886962 447.550703675
262.61922645 141.688641899
286.252767284 335.75583921
176.126448366 125.741495157
64.9092343635 546.008407852
171.056931349 184.207936864
221.755947824 311.771221618
189.482434286 214.454804395
213.869718145 233.797776693
261.189972548 213.389004754
80.2717153105 624.888929396
106.177662372 689.424552398
345.731308923 355.351386297
196.702563332 411.570615978
195.223193989 187.041199593
95.7595439175 642.791565765
77.4498917626 664.917347595
167.214655916 410.778257928
113.746809117 117.829298921
257.333810993 99.634691033
213.575684789 402.041232841
138.34439627 655.011250779
123.336722173 111.226951316
302.537499141 377.218157694
345.243571351 398.521927736
282.652268585 132.117245516
214.358100199 438.024740942
157.606752099 144.847655221
148.122743676 208.279789493
321.757115517 421.744321956
109.656552455 194.889488895
208.833991884 428.870008302
109.115145438 558.254379819
151.600181984 98.7257894366
154.322739211 111.820851143
152.336376152 430.009634377
120.590744207 133.346460751
138.59787925 683.981358417
78.7886135732 543.241372565
133.352197478 129.176019328
111.766707915 582.643251225
126.798332828 196.660916881
194.73891679 119.10970811
220.926606032 98.9539485452
227.27964695 105.429478228
132.500893939 171.322007608
86.1046543665 571.866923288
164.702861142 280.230605815
245.759669541 293.697227627
224.055058063 397.177568475
218.189881189 168.166413653
65.2382751464 647.194323853
182.109651551 370.760775218
255.978219312 183.158680072
153.515323107 243.831390917
119.094920036 666.067201598
313.683978046 368.246046177
190.964323137 101.082083924
531.778490144 436.215975638
209.07876882 87.9687731675
179.669888855 252.584496597
279.440579715 161.532806007
143.862164742 417.878613955
88.1053142524 604.806544147
