191.419418771 606.808172763
74.8545927955 428.142305441
414.758753957 477.082264497
35.0788944661 373.586743305
435.658647351 508.859471254
81.7861555278 475.136679916
68.5635402634 597.918391765
108.390357242 632.301315599
442.250283454 466.228514808
76.9157033133 147.125615042
105.122358346 518.394424632
589.001118085 410.243645576
83.548084495 96.9928667586
72.1920545411 379.096348354
588.275842947 314.897875454
84.0577359472 325.337799923
53.6895594383 367.021437428
580.269392869 394.471822035
454.111740239 488.776927812
265.410463447 576.289774843
268.453654191 404.935081084
69.8875646914 350.601708993
97.2613926671 565.209049244
99.2570369414 80.2552311615
163.676004057 529.980661079
70.1433543398 97.2833720314
499.448034185 155.714123453
528.294955937 362.098335554
621.814191943 390.177199695
72.5376442786 567.631672234
94.2928481182 507.701786437
83.8874149179 124.866715442
235.515495072 465.512787396
68.4700395136 174.368955502
246.795008245 635.086745949
103.720227612 552.896604353
125.980811609 133.113131555
86.9161794282 551.010851371
78.1713299392 632.134151367
521.756959074 144.333333666
258.111932381 658.22339789
354.509392803 454.440494163
232.865608686 493.657628117
505.381668869 244.599961039
107.067694892 338.16935852
76.0308876415 80.8627589969
85.6108947866 216.681556993
622.568699212 367.557094421
195.692781131 490.305184801
124.333950937 621.895028943
371.555190639 425.948060131
91.4297037029 587.483766382
279.116625478 615.207130114
109.142238142 97.0348317993
559.936989811 338.353934412
132.326994235 600.189534021
101.418715142 166.44382605
127.358221314 523.563335741
103.789004884 136.818265666
61.8459971496 395.890112756
211.124856243 675.662326474
102.770729064 488.346829167
533.4116206 248.77116907
451.588456578 450.082599535
534.257578097 316.407207989
232.684021351 616.413446128
397.040520446 458.745943191
598.130256541 371.591878187
255.851542459 556.85011619
289.24935988 595.041851034
573.230241828 377.232605197
96.0047996463 250.010843218
235.865230504 521.732855991
92.0431905856 109.620970046
56.5746472477 220.304928105
224.59885717 593.124996415
372.065276432 480.401433895
97.3024973926 375.368803076
98.9802947303 620.087596064
387.985520177 448.813777637
552.097562962 361.244673315
103.680505153 537.373031182
52.8185970991 333.598957535
157.627397601 503.101863913
110.642802876 193.798079352
609.215787467 411.965736465
556.046404036 318.203607539
256.212540094 603.843036403
76.9369776897 202.568869448
173.749179391 470.454034268
197.612897874 519.874503157
141.49258755 563.684195556
115.651326538 595.697529158
101.000974211 415.591126751
389.392104558 495.682678879
198.494364569 571.563357737
418.693594812 450.693829745
583.187163463 351.437720404
36.1034885833 308.939744442
120.808172532 114.68464132
