333.745433761 541.463562851
236.154398188 695.294446943
298.804627142 541.264081425
321.81448562 509.993186898
215.91561016 731.588161993
277.835881387 321.236902501
312.840157293 283.93275676
293.447130811 271.866250127
358.307830461 519.031535517
236.606830367 757.401740609
279.533795847 668.525306573
202.052453318 667.384162726
288.714470138 628.747484876
250.90147247 721.669542678
500.435058684 725.648058989
218.717737834 765.949078557
260.958559943 740.649757554
326.409989309 629.568788884
170.767070458 659.266121641
227.337499646 617.534194413
204.876325072 706.595910851
333.505476503 602.840330041
522.663374789 742.022540492
477.675229264 747.108121789
160.723871526 719.329365285
197.15041228 755.464315676
277.567866999 192.611041228
294.812330702 146.780281603
548.86945007 720.654365389
189.094110005 701.496844112
499.748570144 750.960591935
269.832630306 464.325620208
237.110354857 592.126267296
175.83334072 646.189740397
309.755223221 589.968729588
221.416617275 583.13748481
230.06521498 706.069220721
493.936727773 770.865425361
256.33827742 478.842947638
199.728337915 726.961752518
259.072767627 288.051740347
230.872261851 655.760896306
529.083084743 762.801189792
141.560366993 705.457304057
269.078866598 565.756559721
302.674122573 311.924521966
317.270270933 178.536323361
465.360648069 146.07902677
242.149643463 705.114743303
260.167382796 267.358475886
180.609074875 680.697456835
198.133427006 775.213435662
259.729748118 547.697511434
350.600069816 503.671934161
561.802151139 763.289583309
207.721291317 687.59870439
243.014418973 740.465610521
265.809535022 611.357429838
555.086020202 738.37144316
235.267018656 688.324295009
283.767631119 170.810133512
268.87057076 654.314586015
283.738758287 252.914665342
165.641988529 692.679453938
301.27383636 518.129507477
182.156775251 718.723070517
579.727625443 728.866611984
146.275539846 691.25158387
293.666064769 595.279031137
315.163310792 568.999691387
335.885702056 485.663396627
180.015069218 756.203756968
294.290722711 98.7474488329
219.760026632 744.227812711
297.010825902 496.312041937
216.155084727 754.30774739
214.104653355 641.837013691
284.922337547 129.339989534
265.854693632 238.004732386
292.922026221 299.84908522
297.762349972 184.173347741
277.335498762 695.39898875
278.818334911 103.101897797
263.905796343 197.870345169
348.510309618 568.171055803
267.111403024 510.253644131
148.126464943 736.799028513
221.670146809 719.911169848
244.022407151 721.099684495
279.229906607 150.599667645
588.156690837 748.223314358
195.401784428 612.564562884
313.483924545 112.633754164
261.5480215 679.301525209
239.392867418 675.506828292
322.859702612 135.0379189
189.801124318 742.375335008
297.714681626 218.018992557
294.272576459 114.369737841
149.199334125 671.52570369
