221.103562144 372.184013659
226.978382427 639.004781567
248.629252962 317.417613429
254.761562306 637.278499157
156.95318629 688.179430115
143.708192757 653.644535406
292.840415656 174.618093618
308.219363316 591.407607071
316.187271995 616.878502741
154.190540637 604.18790492
652.753414096 619.451633396
248.809855208 732.548277112
126.065213796 635.482629673
659.815531524 567.979210226
606.302873754 583.97231901
214.811950644 583.234759855
244.095829338 687.495444314
180.50299287 637.148252514
174.740523705 585.345661381
282.214686735 152.650873348
247.86642236 522.12799118
271.264866816 630.254705132
201.378296211 615.677738878
611.903571164 554.903231154
352.602787287 592.043276057
302.251812582 337.916439071
131.020906876 614.93809793
273.647360154 175.486339475
217.35794746 649.854784697
341.583093684 616.090767587
212.276930522 490.826844402
136.56234157 668.392399346
265.134960435 152.635528662
216.197204342 684.398262842
265.04614253 387.852918003
296.696416786 102.807020205
278.333356365 196.712473733
203.970466548 633.516683302
268.106982447 350.093544926
357.702522398 609.642700443
178.405370861 687.104749468
182.705462678 603.315630687
626.525552201 619.703422851
264.19617452 118.202157491
240.566924214 586.442479227
142.409085981 701.455699099
231.005467054 595.890311222
182.440529835 653.22790642
619.595064143 569.84412693
282.202180288 134.17898369
304.946212344 126.921774847
225.140469902 513.217779064
237.812440944 668.005428286
219.31514164 699.840539105
162.20028108 662.320716824
224.787201448 617.212773977
331.219533317 458.556757856
317.917025514 102.758489707
626.427080704 587.393604052
216.089163429 727.664954004
298.939804833 214.318626274
236.365978432 726.207746779
213.092868855 662.903481107
158.243468882 614.054198344
166.432515637 709.540677577
607.806182359 599.249156146
242.813405488 700.163550414
200.106520737 585.550917304
194.9817629 718.162467511
663.347139005 588.775004888
350.994730183 271.432113918
452.715613802 373.830940572
246.88914098 337.662453184
379.697591991 612.454240525
264.322268864 663.842060715
157.421118467 632.095464252
255.079523201 370.522616783
281.627949092 102.48611703
303.176053436 570.40503797
315.930638607 155.624201187
228.128175833 345.777340372
263.561453743 589.007699618
494.389667263 685.055151461
193.11178057 670.84170471
198.193625059 694.213974861
634.804542134 564.658880824
245.98065303 618.612502344
516.751112682 677.803556491
280.137719926 612.961704296
641.411325298 592.88293273
233.237361195 473.57969121
352.983810618 630.339581344
125.128750373 676.52285054
433.939449166 363.457743424
244.378276542 649.213186618
327.490175271 595.468910706
242.659883321 395.636250381
116.067882185 643.511217291
326.520914681 631.099417828
251.651722578 498.935974047
