128.009167064 245.3470188
148.038627474 697.277395038
205.524273142 669.156742494
178.552979552 739.458659035
148.32172601 447.680235546
282.584641459 671.635385502
95.0189344637 330.701095152
143.607362324 124.58351335
105.321965245 160.028767105
215.191696784 697.217865701
265.669676767 641.564775291
122.889611707 220.863587199
329.087578367 669.05286252
219.43883677 631.173050767
151.09148742 652.069488727
155.443129132 738.499965005
193.024357632 649.762516087
97.0099261099 112.868270506
203.624535406 706.667442683
121.895958153 312.849408294
185.301600442 675.809730202
99.904134475 101.289046627
206.992580427 646.405168173
107.292478021 399.045484801
120.051369883 287.861798261
355.073505891 662.386169434
131.954703068 650.024829406
118.856286263 183.396178149
79.7360301065 146.73872549
135.380238287 710.37948115
107.4820549 298.453000423
143.729472859 306.758891103
264.971543045 692.274268722
288.929957621 628.020743244
145.385280547 733.145155696
194.683903501 734.334151948
203.43832538 687.382183502
138.077033168 171.232574651
301.693303286 611.064462136
106.283000933 223.149545673
111.123594865 689.584508851
127.854879874 345.674737599
140.866650209 480.951319642
148.006678259 395.09425855
151.627419434 425.962775245
159.587733279 295.481920205
120.667435583 722.665247921
157.227443201 755.165847826
365.654182438 628.040152413
223.508993556 672.695444043
141.360222557 333.052069747
171.083571646 719.461142876
168.122754953 734.692029912
183.007930579 660.247725412
112.079507469 202.59980607
140.668612101 103.642189151
234.753137147 667.351683847
210.223225526 723.189719263
81.2492792632 194.811963023
310.172737165 650.521980961
377.741061678 670.226910893
150.367338868 148.630769386
253.285476479 709.318567946
115.396095945 267.210716389
122.85501775 377.411592998
352.458616437 692.767189207
96.6892370782 361.493409851
243.239858946 696.614476013
189.919069508 697.311727646
82.4007656442 123.195266936
89.5265343375 170.606180208
161.450151387 688.591417167
103.490569888 262.661192412
211.205674224 737.6436954
163.551138627 673.505472463
95.3390859055 237.141779189
190.214390789 713.071871641
117.629266998 356.109345845
122.539928528 147.705929199
122.799372035 121.142014962
134.233412644 138.205559611
116.963150299 330.634541657
102.09267962 709.00835622
120.650471941 467.296109757
154.169756135 467.818465571
252.716355361 667.443202169
138.245631546 277.388098625
162.622384328 722.21955704
164.436429281 635.478952782
153.380376636 265.977234672
126.758716946 428.026205564
191.329692436 726.938382549
334.918737304 641.387727521
113.025623795 130.879933082
545.391052216 430.10328893
130.049389774 104.344993174
134.576416955 450.613617348
151.537218012 213.828781527
129.486616287 683.023140235
178.116443982 709.843546989
