451.702230617 317.294423089
363.719832135 430.183411853
488.886845239 278.956631728
442.447533693 472.914333406
146.83782591 444.482110132
111.30173376 407.169046928
541.450121027 196.885503961
449.644877008 393.397869611
464.428259052 430.974813069
111.81142136 358.863718283
510.958870319 446.774570248
430.685233208 564.395328578
100.77552386 388.879745653
524.528685919 383.805118316
484.55543371 405.026291832
295.459806086 350.904815629
422.305217987 512.862353698
161.397756643 391.436180203
150.461024896 337.640040182
530.826833199 163.166572767
428.964564226 381.376222347
471.06986405 480.32437846
221.650057079 376.103874693
489.127990325 362.860511123
477.920921921 390.543307219
533.297407888 300.454735415
98.2727266609 367.557853563
521.764433454 199.325732607
340.841643571 432.732244149
480.117010497 422.65366424
341.857814591 339.8810615
112.751069329 420.920214947
512.626473854 175.409310197
347.013788144 471.696178637
499.985514917 338.669293978
546.283611161 104.507587427
525.989220168 224.79789241
280.409572951 398.817819989
507.470339718 311.52932985
495.661576064 415.322593319
242.768932138 446.223595818
157.613143922 355.768217986
497.313328199 458.662245085
513.087679736 119.555182332
368.112894063 373.647146267
121.485004213 454.064250051
324.722852052 365.797328316
211.069353125 421.123209286
494.896594256 385.163066404
530.81505619 137.922093108
554.712185267 126.244912906
357.282654601 350.816153357
407.798702276 485.085421082
388.570035352 517.033744178
136.494369041 415.566802661
314.810617593 384.488349915
453.040113483 334.98151669
567.635444719 100.683087965
508.18850905 409.204473938
385.096529154 546.177321875
545.233104633 240.784844758
414.100906885 552.040807851
321.136538272 437.760886747
128.934829616 366.428932373
237.493275157 470.087385783
488.763873433 428.763485973
422.725840167 526.873145666
197.62502664 345.98703728
268.739758136 481.299380332
532.306907106 405.596916836
481.483185172 250.712113058
557.113612055 340.554482017
485.623675392 298.433048226
511.538349582 418.304295657
462.829288137 512.047264203
127.178941177 384.380089955
491.443654435 319.439492614
531.369612098 100.484581007
428.040749176 357.253805862
565.032625716 166.418696963
462.357753058 297.465053149
412.733489831 389.030639492
504.255498231 695.066729778
278.88787108 436.784224142
275.376912189 457.57041171
513.165807594 379.794093295
382.103695325 409.633658531
519.959057996 684.465324218
444.466896045 425.636067171
524.080992531 421.587530579
383.812695683 332.424482836
495.579699946 440.404675475
99.9961213559 429.775795748
555.226966648 317.955032753
385.016905738 443.615053923
468.301561194 399.405428302
475.580900934 332.189154318
94.3325549222 396.014945962
482.72241679 444.603217621
404.98900462 343.495909041
