551.109852662 593.621986479
526.728403835 82.2657369178
677.994376209 219.795317371
577.138301266 165.850325432
538.171854206 45.9027514249
565.810637713 604.019288372
708.911699742 115.310110918
697.536283921 120.479153059
544.40836373 675.049293456
500.938278093 618.0599118
523.819839276 699.533390092
133.261071091 131.040789421
524.40974965 657.700018268
559.625586677 566.819156762
656.762424912 180.108817149
551.10182572 533.95851774
506.525918062 668.228493953
700.575300901 77.8648216596
501.77657695 85.131672442
534.675362461 179.715042808
494.802619497 67.8506564829
686.170374361 57.411676599
690.370239839 176.761925351
519.049915073 152.752005776
151.994437272 103.584754526
477.253319302 126.743180262
664.991278477 84.4847161241
699.549033892 91.366443645
603.517439734 140.789022255
107.311117946 128.682981659
580.290358401 530.169671606
583.449244819 119.817622451
562.224300497 28.1040793406
517.083064716 106.482393365
485.002091393 693.037755279
509.439606259 194.103621527
567.729141908 25.0093388454
543.177966681 691.08536426
584.943015294 60.1949437567
535.723986708 34.5440952304
647.800065394 467.381764925
562.083906411 16.2581043936
694.490422957 199.14561225
478.03685895 212.919737916
501.831031096 126.670997809
551.667138022 663.495629697
661.485139601 103.746848818
640.848021206 38.8505120363
550.923226526 94.5020592843
637.363886975 111.257475744
494.275658939 201.331362714
490.25246929 167.218335961
539.736919477 65.0057815057
547.589908933 625.007990216
641.030692747 131.263265342
523.270584392 193.328491499
526.693592111 563.694352802
561.248663996 77.637174302
678.690205408 139.381830062
507.063636557 33.227293129
565.476571816 45.9380093744
520.923844929 598.53985794
648.047662982 149.48636816
471.147526918 172.110021756
546.249709696 459.730281078
122.435701613 142.95458758
700.735091347 134.494079718
111.872093222 91.3579596232
573.158454559 502.241695677
537.532780616 644.904238918
535.934865288 147.247914768
508.144402446 681.960673709
675.48544425 9.14550432671
498.976026986 153.142422526
598.512672098 92.3139187685
551.544862797 174.167575301
155.09908209 128.450311692
590.91822812 31.615375875
645.681588171 20.2418123664
583.196800557 554.450887254
678.902840154 101.292089003
497.810881902 640.786315956
644.624978167 10.4173930644
621.375455198 73.6414188929
521.128925957 623.138628908
545.427883277 118.392415632
99.0389330147 111.170132062
535.597348083 20.0763346977
564.246737792 467.791962981
527.792601839 55.915788745
594.095400015 178.464363268
131.136020024 102.307226307
690.369835955 25.2737830183
552.785678705 492.618573672
485.504910794 50.7641140768
619.102712855 10.5669830333
519.661119345 70.9200726976
656.761515215 50.9927863427
664.796887127 24.4535041182
492.032948392 94.1708124561
