536.474741312 721.614951815
520.50695025 672.277008724
427.001488196 591.919132418
699.920800182 689.588140281
117.718681032 687.901485065
323.873357996 489.24169662
347.605718395 542.443417445
458.875530301 348.73393604
216.69705134 672.915595551
184.975711389 670.201970071
365.194243614 663.432580096
396.519305101 426.87883677
203.695792806 704.897072771
405.82149486 689.570403197
145.907112531 679.501709182
344.240647892 601.86561999
422.326634796 462.018809525
151.720180902 653.328003224
361.016586487 435.421911001
562.718706209 239.983011693
378.895139747 370.581511373
453.790371507 590.097352138
413.019110306 594.270981533
441.810851731 694.927657604
497.867158427 373.980036721
316.118392678 535.758222427
646.019884753 209.298059466
410.064131898 367.837655257
698.967848402 651.636635301
269.307914472 621.082865325
359.8522547 411.412790749
657.080653393 691.790777198
437.360534302 667.174234129
373.265311701 648.819487984
455.27833163 628.35622318
424.059837349 654.539540245
452.923010568 375.766819491
258.077346416 680.91631098
364.399094345 615.295645263
697.630713874 675.192499738
428.905273914 109.786086445
326.873298245 439.950360511
269.966468735 595.130480039
367.15480843 488.77507958
489.253907315 327.653017875
434.384830118 722.763911457
250.215613788 707.448412142
448.218447903 609.306149056
432.330910186 694.074895994
675.729453277 680.895757035
228.058981742 614.612818666
261.974050166 562.084801527
265.930437399 583.402787754
166.463422249 732.312531527
395.224444182 610.780753515
166.926315136 703.095751375
347.027298017 656.646723073
509.833545919 711.931011414
408.305615037 668.362064831
428.632039797 350.358712795
420.373252702 622.593398636
315.653762226 602.461377134
658.753570246 665.436116987
507.00783943 693.229199727
493.428746317 356.345630268
316.765719846 576.57714961
538.286298175 699.092286666
274.006758526 531.580176298
296.834289706 531.675192663
309.010173632 472.473803619
338.206739642 637.88762493
351.75785485 471.512441826
468.035929362 390.678662812
355.481329966 576.333535828
226.903722863 581.393223846
442.919030057 642.13945679
98.425749825 743.204907772
677.757603859 653.393927632
442.6636799 428.263973057
273.116224636 267.407794598
396.142829448 409.356129529
391.887460912 450.851655401
248.697396173 589.169664277
131.132528024 271.867502749
138.846697056 750.512521384
687.290652897 719.727498549
385.246221398 471.990399736
288.036113864 561.299431561
413.211626172 638.003193437
276.585681836 650.480772144
435.646616255 615.046170673
242.271284458 546.553895937
400.358890893 651.55354168
224.509622463 648.818860709
311.75819024 517.73527771
344.582278226 501.219885958
459.063284816 324.560936777
368.196325193 636.50019591
126.843164431 717.557788344
106.115744032 732.878267759
