737.14792152 163.300494596
412.421295986 207.779704564
747.623345893 345.239304434
643.44561795 612.316069258
680.742444075 295.587363251
594.006558277 677.517828509
574.044124029 210.63882335
790.463216181 76.0618797709
757.29719953 103.830199999
711.165403125 550.237776588
717.060509959 453.306618909
754.771101341 138.341661836
579.183595631 702.198005377
756.107496252 304.277327644
501.802743412 208.377600452
648.912580005 360.326938185
736.308377127 312.762674291
744.963249472 79.7458899563
698.432935787 526.592451814
719.038938272 237.042232737
688.323059044 429.226316219
752.553027386 61.0525053398
745.496770174 283.405706687
543.796457344 207.713369469
710.866062629 199.412734035
617.181004762 704.601366207
378.512117279 190.414924175
760.535968268 114.707108672
731.467951012 85.7549631601
138.446159665 192.409611293
680.406675676 189.463530625
741.335783006 236.298684856
649.930448255 649.114517914
727.98975803 532.38543548
368.71162683 226.671171915
631.583202329 635.214178
695.795534507 463.154040756
770.491868744 119.229702784
722.244811665 473.734167776
721.741224794 140.901890104
104.693996432 179.455602302
719.216576941 263.785388685
459.481088793 199.161938766
719.959843507 294.113331521
705.540310661 281.089607356
752.258204269 208.723889418
126.320054046 204.781982254
390.889207118 223.601668265
645.164665549 673.824458499
702.031693877 486.142074601
739.272296538 259.416302019
663.166136815 561.68860919
592.208254774 556.971886251
720.713300365 330.528942591
736.569221395 121.791879154
770.559656136 69.6810840815
760.225346436 324.539379041
695.352164223 574.116839392
703.129125153 119.623212232
669.381578594 643.382696745
598.521519238 705.407869744
786.184171684 91.8942998012
602.660274916 665.023937163
719.665197535 173.692377997
682.233362449 245.300660785
584.562679834 718.104064347
494.195488971 152.235876131
696.061113584 603.154742367
683.503497548 502.80808319
724.964692604 67.2696852847
726.389864204 100.032671593
664.383615608 325.529559545
700.737280967 180.122736399
663.018994017 620.163746638
655.818233412 433.897755446
695.835563841 152.507963965
671.828045335 576.003878877
661.315178372 209.879416755
783.018972063 100.345491919
759.5624835 73.7295034704
770.936815015 81.4355346823
694.019077895 215.668158954
106.362990446 200.374744903
377.699824006 164.689900256
478.819259609 174.012550194
715.499566658 498.939917239
728.423882168 199.827039773
684.424486271 348.625229067
707.283048183 316.359691814
743.54174241 173.677203373
453.281070897 147.542772793
654.075002386 603.837573397
606.815441651 688.446554615
754.133028331 83.6263010025
763.768499856 227.658072589
765.921950096 47.8281048875
412.820115708 166.300217059
778.180308564 128.462304989
123.219662421 160.218279645
666.20045796 471.990342026
