656.592109393 455.178599888
613.84937901 406.194941364
774.174749716 594.20462625
547.28723535 206.867984042
291.849254287 386.300432303
246.766831429 424.261394058
271.881158557 417.947550226
653.223623731 424.21139501
717.391336368 658.575945608
594.222082252 459.286491448
735.522405929 699.76620977
696.397401467 505.883861558
363.482923968 380.567648725
756.312794918 697.793184772
312.503740004 381.04858321
295.752888557 430.710440478
669.027825578 452.385732958
416.787256225 366.284732319
667.301323289 406.86793346
616.953468718 360.316384391
637.097467775 431.065643332
693.255792852 481.110216102
566.633517004 108.489264923
627.262849526 470.646175159
667.08622185 463.948212631
271.144255922 444.502599506
668.821806482 427.273458124
589.35566134 405.274593197
702.505256979 421.933839682
425.686111669 328.968390807
597.9986989 478.337119162
776.952785357 626.497427492
621.792069697 442.14975786
740.364192096 588.646019422
739.943972928 473.864884515
635.237168503 482.616230693
643.394501871 461.091293135
716.125462381 255.382977285
649.357498093 404.111060513
714.115602214 450.553168591
746.247921444 192.358400282
697.580924509 368.657523916
408.642557579 339.425534947
393.795740006 395.195457502
679.761204808 444.962853702
784.950819285 700.489520831
606.982871522 467.506426079
689.09950928 447.532734713
775.137628342 670.928994323
721.977839722 483.816015072
744.155670352 245.309749069
449.230323419 326.933277686
737.39242113 270.192470848
293.815143428 408.292990272
528.997967002 198.861884302
374.970262477 353.345982005
676.209537076 506.915937882
630.569862785 393.308950836
776.770240782 648.169522274
631.032789497 367.767499351
677.038822913 477.212286415
567.973055608 484.492150127
702.10961153 434.529404994
776.737498006 218.194338201
662.258910758 480.929554134
308.894450521 449.367899576
602.091686174 427.547186036
771.116870478 253.707711745
575.607374862 480.019326027
687.524639306 379.417920095
750.951427908 650.640900738
388.271976155 369.651204715
653.614410001 373.739220156
635.934000119 506.116199246
724.910844298 218.424996574
566.836065448 130.006237859
231.320830699 398.988637552
686.380266076 419.631914204
677.498557311 344.966462604
575.188071371 437.916679188
668.472050285 367.108990975
722.974663742 522.967967658
759.181495003 238.766123866
348.521975616 384.943836768
256.22301255 393.757485661
702.111235339 472.84529728
652.336618847 492.804303416
594.895164393 369.629478514
678.370532591 523.674462781
434.833069633 308.470218971
720.531020265 498.309302663
745.355983438 210.298985702
733.886034976 677.10313475
778.398271404 686.717094433
331.513279212 437.494256091
370.353485146 391.742929485
682.67397828 402.969388556
755.577479289 677.195466531
319.937820088 401.808581276
277.102614416 387.036972456
