427.194583053 340.539089219
266.488643821 219.924660764
491.265122955 400.770453392
499.484157103 430.765021712
281.855389091 613.001393893
193.970391625 546.016836521
216.752982067 336.430224196
718.189119163 472.18672303
633.798006365 473.210351542
161.180982056 272.755645703
341.379839032 350.966502651
559.596573507 417.224597208
123.935710283 429.038413693
294.282812896 288.866342426
215.530933708 566.316551465
577.832008047 469.09261633
619.025324543 448.614011755
332.742474951 620.039673004
300.731868052 633.919895933
148.561602715 138.929701838
189.394903684 258.710750817
597.53752168 439.027623873
238.795077349 580.10616633
226.13384731 314.37185748
308.039498174 416.657580829
224.615727657 545.359270402
94.5376868742 411.341164253
463.528937971 474.726264904
330.761437188 277.462245372
485.700807762 458.656602056
602.313570549 491.384003715
127.731654741 218.782048177
437.86836733 452.299812137
339.037022775 422.483781233
223.793472137 284.04631846
223.628490228 194.445630756
403.492739307 469.236489467
497.093415986 502.16099384
623.622154829 411.486643757
149.433421974 207.610609716
230.897265936 523.477105453
302.515206352 604.867847999
368.716157273 379.511454987
245.810290398 353.961299872
360.014460061 604.72532361
112.639660756 179.447178964
242.884310251 546.7627456
326.440169995 547.054653101
128.536950153 408.308287058
391.813896647 427.973548353
322.548044521 323.355983627
350.89109186 544.52777322
437.381901855 431.647563578
533.210716277 452.804839079
291.995599921 655.937160896
354.617315305 561.465314367
220.527577761 220.617143688
242.611912611 254.249606498
165.018412042 133.912342268
669.91191864 452.178364401
109.416268043 398.303330962
712.395656605 450.423860494
213.925762265 254.841096396
289.752148757 576.465695827
324.521134294 597.322888778
158.777499301 245.447464176
654.69358514 440.307595623
317.57433641 569.245620229
332.647252895 639.351356481
386.635927509 365.17140563
683.753208114 423.244849845
339.316776714 399.197973041
703.462087551 437.253299779
188.993194292 295.981134382
251.184042385 297.641406072
277.245241863 637.446231386
454.364747353 382.451069193
264.915189459 350.911109353
358.120696618 308.620539573
137.280597294 172.885910119
520.689891236 355.448740886
182.576111303 174.446141961
455.482215555 421.289645082
254.293020677 563.067018658
343.480100383 585.67837889
531.985291795 482.535296599
172.275534809 218.072248415
420.227149737 399.081994796
692.957973203 465.554544587
151.197819011 173.696099557
263.740411357 533.621830576
283.633343498 344.090446942
101.777938259 440.263187981
121.990938694 123.862078315
292.716101897 390.683345261
121.211968704 149.467594426
381.141979743 347.183261694
81.2750281908 437.698271635
317.771158935 370.643533165
270.121051963 552.626173037
