506.284961998 427.16979922
695.053897115 592.982745873
388.049401571 528.777947623
638.107575419 695.884952625
500.876063659 377.995359603
558.827242414 555.750547679
138.099322383 718.443803277
577.116820594 447.472848097
471.42711709 396.672137002
529.263333349 613.467919481
459.398684257 434.644395091
579.073089369 259.478595692
461.833722278 486.488850763
361.319448036 428.314209225
346.415553748 444.161018066
577.4599918 685.952723605
383.38319227 477.087861039
474.432900755 383.373383341
696.985330411 641.501867336
440.573423992 431.346927934
349.755856432 505.013578682
638.469289253 193.309990999
368.271967953 457.431846866
160.481270894 757.626497196
546.009544393 240.637398454
500.335223278 492.682976188
320.73235653 439.823668001
519.04079642 401.072642253
436.110148443 402.610119489
432.286963719 573.838498686
156.429061671 706.151767515
494.941947142 437.832172575
597.960498923 549.851862508
476.208666875 420.050352788
596.654171103 668.433962769
654.782652233 703.07805632
496.374506985 608.843027276
543.821173044 449.669253587
486.033015109 431.680669317
587.585887133 195.030207884
440.369114081 535.092983304
461.48557299 410.914146699
494.565336174 395.338246004
498.79001998 292.63873631
532.97403889 315.743859064
508.701741064 446.446354693
589.89707613 611.495925381
603.556525752 698.711744532
529.208609694 480.192143505
483.533884395 575.738192496
543.368251449 280.550177238
589.865031061 643.845056235
563.65347269 658.964989645
355.158887855 465.378741066
378.129036037 404.322338697
543.414697544 408.868105781
517.954165832 544.711442376
632.289374773 648.514224744
405.436999653 407.412055673
470.147440456 453.88857778
541.620489247 509.503707671
593.401941635 461.96148813
550.202558497 576.317471047
440.70264043 412.407187668
175.136440562 728.864985562
506.736086877 509.944485517
140.978246062 753.33726857
529.227638163 577.939877533
692.911781858 610.593121428
440.221081042 380.371301299
443.27855956 389.091581907
336.384739717 473.055959124
404.333133134 389.334391134
626.924146481 685.857054023
631.699881153 576.747294419
427.489756502 414.974641208
685.159368819 631.040220586
155.73228132 738.840911242
588.55020675 225.664868174
607.927108091 256.221622642
588.086154919 281.867534594
405.630071115 422.631451281
676.692740476 603.209498652
186.153609097 759.581927139
505.390210653 406.438399205
398.986671442 490.32377925
571.121788796 298.831573973
569.02203155 620.844384198
332.770544599 421.874094456
520.358996938 460.572550486
431.180180823 445.942500255
613.270263694 651.640564997
490.673845886 467.909043823
621.143898483 195.300731495
680.054545268 573.807790485
621.269942371 226.267634205
477.681983056 406.803688079
589.937299233 477.917491135
309.89645852 452.414822514
628.221568896 610.337199103
