698.950917387 552.80816502
720.192403492 504.931193356
376.516510196 531.456609382
462.195214973 496.810403017
537.84206765 490.121720584
607.967208898 513.556517045
679.2671232 437.197638852
650.866035763 429.10263093
397.285446097 495.331095931
113.307907081 429.502687091
354.23742572 493.182883651
174.758955399 494.54740363
642.940226056 505.060622894
100.116751069 505.453683806
150.229517888 432.540185929
267.176328299 479.308433043
259.618077233 496.235015444
227.117477062 472.592897367
744.100504702 501.69792667
657.854544464 530.466554865
674.55334949 448.244185052
121.107631651 505.733980873
692.399602999 433.22481268
182.352921665 451.052963085
348.691386419 532.566901175
108.754845602 442.556238048
680.884512637 410.775166941
625.591111443 543.226669736
671.860576781 462.321744058
663.536517249 422.307928915
666.609169363 481.779446142
425.912432192 494.570213523
688.141650072 448.276532511
341.276688897 505.090435924
675.609992848 517.644023018
711.89077261 561.317644323
320.288941559 441.790894132
596.92401074 554.062382285
704.829839973 445.073172066
686.488678487 492.53865293
587.264476405 525.913641357
746.284308443 475.899274362
492.164924709 478.247483377
449.639773659 515.033838183
605.896361376 485.644035119
685.915447121 514.006186168
208.657343387 483.627963782
725.493826929 488.143234222
153.072306942 510.866728226
420.568696966 520.739325271
470.890347242 464.9098781
699.802198606 415.900606828
674.678684329 476.234628002
288.518138688 458.858081553
505.634172722 498.60533897
444.318301125 469.04620927
118.470014355 483.227128553
691.617940909 504.007776859
267.79687798 518.040326495
636.325682711 447.625831773
139.175000322 477.176148639
717.312535838 528.925835514
699.5675876 498.130388826
686.33939712 465.987360117
122.421680836 454.761163668
700.100503449 527.209870996
632.1522044 425.211780147
756.149897194 526.017721993
657.450510286 486.189778356
731.002343305 534.195674846
237.496783645 502.68820739
399.942225582 463.320090878
735.53009841 447.155579052
100.718932244 460.028204499
573.950109375 493.749949792
548.101161346 517.019739702
209.54581712 444.061227893
700.13328159 464.005867616
715.088512544 423.462926858
517.027786138 463.983186639
754.6345022 482.65185461
380.613181337 479.855109832
653.155724732 446.587893491
338.588751483 459.769226002
427.942415043 450.067842452
309.451507795 470.352704693
160.774981113 459.25002821
561.341922243 547.326314085
99.365322993 472.238132911
333.780915611 414.915581705
524.842038046 527.883199111
684.355701119 532.748644355
223.457950758 517.725431093
647.330603936 459.37891439
490.021585318 516.484676911
484.350737329 533.298546856
717.877605119 464.707432194
307.546258588 500.826799432
393.474376859 516.584487603
254.88214592 440.443078999
