654.966455621 618.46023508
545.360992622 420.203882927
164.198229072 364.580661839
514.151523781 418.246748575
537.225957881 337.157370129
518.850351917 436.448274013
645.152241368 373.294269441
581.561137368 370.006652056
618.112692532 489.865851848
315.052797617 408.350867314
622.620697413 540.594439138
345.809417431 418.101203054
554.490825437 366.704905182
112.80093172 337.5794443
351.231919571 396.481397027
606.187908724 178.84833969
535.396366611 470.815595315
589.49559532 193.335770412
583.482454758 428.966628545
645.50671066 532.522915796
620.847042355 372.702854387
150.577676681 350.03775121
666.155734473 349.669920608
361.840528052 342.709318016
137.67226694 357.519603591
312.491188871 377.468883359
630.616018858 381.27373406
643.47647961 557.9602159
599.183122643 366.452827357
638.137171172 335.530675741
546.211744458 436.277818675
553.623510986 451.153833397
622.646335748 410.905335255
427.064024921 395.237493707
673.014754786 625.06467843
657.339011297 648.149032258
630.59346795 133.06206931
629.05236613 635.52759886
662.116492978 402.262356969
637.103032039 464.513322767
136.550946485 382.278248065
635.327851643 421.025643981
579.51871577 288.079400082
580.716343579 472.605754003
599.77512412 323.950093867
161.992933827 379.062104032
414.904609989 346.25031258
703.177377069 497.869352096
191.563802321 356.063139934
468.240110947 370.136520316
605.164027393 267.622902204
661.282730558 367.227777063
598.000353129 384.337129585
615.768397062 151.636088893
581.494988147 449.5176741
574.557771331 252.702643727
174.365810787 332.288199641
599.597245092 433.807763409
444.980212451 349.528342103
541.220182076 390.888693818
284.389864657 396.020980901
685.273180843 511.284539397
698.289544049 528.838549333
602.324289965 410.667678915
341.84111508 365.634953398
656.092059777 584.482364688
612.700475659 332.134569387
679.338782105 548.424637333
597.683672657 459.688153326
672.807869603 596.091166552
378.257291987 382.931255164
638.71403785 195.884548157
655.758122203 441.169145066
286.658723209 363.515192866
510.472028388 383.415981749
663.016518836 523.033392932
588.731287122 160.374197701
608.793541774 441.450210568
673.033155716 382.725780133
607.717764755 285.655105608
671.511087133 569.470290258
498.954591772 456.186709979
556.401379895 397.287343923
620.263102651 173.350945178
653.70134856 163.707278901
609.79371051 196.517033164
335.484266499 326.819405458
619.034885615 585.779102181
143.235299039 316.937495218
631.612496624 157.818457962
101.529620229 363.437399723
632.434368625 602.587746196
376.573241341 412.039314886
574.100179754 400.164171933
449.731774517 374.999885833
119.425495693 366.295038986
643.16719938 401.035166012
566.499764677 488.567895697
328.361606473 440.155162348
595.805135838 135.073314269
