399.821336037 513.038454117
330.729548544 700.129426191
445.017799553 569.152289904
435.960466253 526.57343373
357.279464773 690.700340533
374.098588268 542.439656878
616.986287956 744.004721419
204.290448372 775.752553626
362.419291727 450.735246818
616.770612767 721.33826037
408.496157355 642.605360036
322.381425122 632.287796
224.43210322 742.891814427
543.98548879 332.32895088
295.181037895 87.0513353696
268.325570837 718.570446078
699.849547142 707.205374317
309.198532596 679.231510066
642.563062666 747.293437615
659.670302596 721.178048758
682.422776051 712.749327764
639.55246488 723.321851337
366.812778006 627.532135989
302.800307155 162.686007896
665.801489591 702.959787664
267.841866633 258.721664761
264.385568331 199.767527457
324.524468109 147.130958314
487.273253861 708.970655884
301.600350239 227.446930079
301.580647051 129.422350487
316.428261452 590.360308153
176.007689229 740.388444053
319.968502042 518.315758885
363.917597879 503.041672234
408.094739345 608.580420404
440.032754655 488.327562344
269.616385039 667.800509197
283.205346718 116.071369577
293.309918803 268.507441793
291.846197514 741.663037491
319.456937999 206.520445502
459.795476091 726.48912779
402.864791004 407.391900685
667.729110153 751.745790425
291.98029995 710.267432476
297.242995868 100.733396281
315.624781015 110.121225942
277.030324081 100.228458831
472.277133912 466.970449675
494.631086233 445.462219512
348.497605584 661.708005903
297.857651687 726.014840911
225.51602106 782.469239189
185.627965118 768.838170729
326.24630034 244.895371403
322.28015881 697.638191668
321.399933574 265.241886716
263.615654722 106.256848298
287.620205139 700.172634445
416.929973466 723.7149801
320.724639329 618.441626492
327.411921219 128.601592147
264.474016785 230.227076327
335.364113751 714.118098007
273.640157388 605.721497913
435.733041839 749.324786994
307.96450242 714.846486306
264.62123716 645.366817345
309.941629875 290.336644732
382.071971512 413.609704018
423.170392569 439.579225128
420.691552754 485.861765766
453.266822893 445.003557225
424.599493068 417.118002987
330.862384114 726.926235664
407.843543202 446.991851683
288.66292409 236.725179842
149.008250656 773.37101505
294.229321874 202.745510116
266.861767091 142.536090802
288.610435754 133.370474768
368.17290871 599.962686935
683.377215093 745.988668041
385.928249849 651.43472674
149.917954854 780.121917732
480.437892632 425.413805125
414.088769989 553.009398845
337.058862043 683.737600908
234.291701993 716.846028717
297.777920596 639.670517342
458.594445459 408.771439385
268.731763921 693.084579934
334.981083253 481.07609045
470.703694989 708.033990916
154.811529564 750.910366712
284.662531207 168.503123492
435.424213759 718.002003055
447.510466654 704.342480738
700.352201351 734.078547738
