327.408823178 238.594860492
263.114238432 311.45848559
326.029797616 194.620124457
476.685527133 493.629963639
372.296331654 667.846211785
368.257467524 614.526158153
291.689344139 169.989766544
476.976097955 328.792008912
473.619454736 372.068874055
193.819123898 299.112221716
615.77910162 503.921222501
421.888608779 647.657154938
146.908220446 348.0849417
610.722736813 454.759717608
535.193939927 440.275461596
293.922588083 515.959811914
249.734907747 365.793377485
176.985724581 327.293950622
435.46996628 471.148154437
300.423379646 139.998518693
369.782948627 313.365066532
431.714926825 413.581639727
240.51652754 305.135616901
542.25719669 404.342069275
516.017992222 339.334551964
396.515824104 275.358231903
136.581149958 322.003974828
252.730771131 147.415439052
241.271816456 336.804275162
500.755198584 378.249156269
324.795597032 267.659147219
358.903966887 689.820300291
272.266612267 140.012416688
405.634121773 608.260436178
390.947693368 224.337992559
320.903356369 101.064257557
263.703898387 186.963932634
200.162936185 332.899388568
382.302955633 191.752966805
531.676935399 382.271420898
384.050991705 643.458100559
218.147661882 313.1590514
580.840634476 498.585407127
277.451349922 99.7139324518
407.176400007 366.253615713
370.085012188 687.508353289
364.267951231 441.066417415
225.533568644 424.795715791
576.48463657 425.804243163
262.909277799 119.474033524
318.878846779 139.230647694
336.022959528 290.442351129
432.106986342 514.134267819
399.01131979 629.12234737
361.443734724 631.305032637
428.770148949 492.974479845
409.560436004 315.230094839
337.082795023 126.856861376
583.070134456 464.302620499
391.998190165 699.663475133
289.765549225 209.220983063
412.343471073 672.967508462
219.620728712 350.220151058
160.724324621 321.37702153
364.170901979 703.68828129
555.775871805 478.709045394
240.692498193 414.809085379
436.344066579 451.454580697
384.113872693 686.256609773
631.610067326 486.983485348
419.66554486 249.82881882
503.349234315 300.687795331
351.728259914 201.92620941
484.651277685 438.382304991
448.137385196 507.253809097
176.702514808 367.695186876
370.908343517 224.515763784
289.034966569 104.569100189
445.026199685 307.223365474
327.360801018 169.052927633
315.37315554 219.180459731
441.725372754 345.766179107
496.522331904 465.239071018
374.132859316 597.04221588
382.604808808 663.395002669
580.110387218 447.998764906
451.705174104 488.16365528
514.949162493 490.647142662
447.900392579 373.052910112
604.161494733 488.748289641
345.0458497 256.169518612
498.355809969 412.873650651
331.355153467 697.028975419
461.403141244 276.196899443
263.23439105 346.908116004
484.869051181 359.994259162
343.705850357 231.840845611
334.471516493 672.293548414
461.522831312 411.44143654
358.870365138 277.185308341
