152.672827511 354.708821828
134.306404139 469.140576429
107.392429154 346.997802221
117.720238383 337.890969683
73.1690991166 633.724328798
60.3524845447 255.721378418
111.231817176 208.34953806
75.8534175823 182.210150705
175.245955943 343.966434244
85.2761733472 701.079259204
155.771472043 435.541909271
115.859246844 417.521376208
147.88450931 404.435795568
97.6822315422 659.633105532
511.094758699 497.197622284
73.111383761 687.188571134
98.7517577718 694.033193775
177.261745841 413.01792764
77.0123510303 396.990059032
98.4887803173 371.756916746
100.131491494 483.308429734
171.623417726 393.22261824
530.434237154 518.813636339
487.001350297 532.682161815
65.1121702625 521.318878397
39.3551293668 655.915696159
18.5155681085 148.731277016
38.7046864174 120.165754512
550.903580654 512.281606604
90.013026678 462.35078653
509.768435514 537.861833369
106.933761404 281.343397975
78.3186095111 362.852676336
68.4648926078 388.547339959
127.256830976 388.383045412
67.4394869462 351.111529661
119.305326873 499.737534823
498.666719992 563.807501157
55.5660837961 293.283642269
70.7856842086 551.53843547
32.7946662213 216.416877397
122.753303368 409.170048531
535.483750957 565.852120988
34.4008498408 507.709507363
89.0723037957 353.433639566
79.0366642193 249.503857245
77.949642991 156.776593991
458.224326543 150.144376681
127.995310792 487.798513529
9.18667507117 193.148178461
93.3814568451 426.460030165
42.9876597081 699.498862711
80.1356448843 336.5078312
118.657209016 356.84744241
563.706230275 579.29283552
101.269417698 443.192419296
81.0692333845 674.764082701
106.711564586 384.724566659
560.640439056 544.734993994
119.218362369 457.783059196
23.1123915061 132.01928219
140.588773215 423.010118959
51.6819884016 193.283396774
54.5940009373 483.062745962
94.1068573211 334.762617241
77.9373793401 505.863962177
582.547383121 539.455911679
35.3106672818 488.105736
116.318315729 384.670152533
129.649220486 372.686837309
140.109720097 318.525039206
56.3958097029 700.392947668
37.2929999339 100.320949143
55.1388100147 660.291106525
92.4312750555 316.993112287
30.7078204993 679.516858211
90.0402354426 392.210533058
15.641287575 117.166908408
26.6304308943 174.777942791
66.2699503204 215.736301065
45.565551527 139.268260571
160.793262066 461.033237556
9.30903722877 100.24237701
11.8734442116 163.35905981
156.37351782 384.530841631
57.0615461744 331.323999124
47.8914458793 538.894192237
91.1466946509 530.286640952
79.2730880143 588.452033073
7.05415597305 132.89582281
585.734890201 572.399681686
57.788618539 370.399806006
54.0807923935 99.3230216032
140.955486808 453.049256452
126.136721127 439.176013962
62.7908501575 114.652535144
56.9668027658 576.293344005
47.0038147485 163.746604637
17.2020470097 99.6968924912
34.6621478717 466.186321504
