736.390787375 687.510392996
673.53489173 543.472857647
148.203101139 543.513801497
650.271334095 532.926214498
635.440778922 474.19468106
663.827010572 540.799681023
737.533941374 526.784675347
687.134403658 514.279613101
691.246110725 618.1604419
281.889060552 585.168845083
669.350389949 642.14813701
306.621867964 593.649185317
663.104926437 508.433982014
105.354534223 517.173856057
316.273344705 572.850234912
725.005396293 307.840494439
662.93536162 579.496064227
699.541810463 324.783305627
703.393732134 559.064346137
705.154191204 638.963841676
717.465681229 523.486969867
135.131601228 529.094186055
749.303542676 508.13512177
315.250237746 504.139242537
126.806010163 536.72800299
283.162902935 554.911694501
725.927446155 532.591702011
707.810229858 658.262369281
693.343758416 518.497119363
712.58242475 498.905475856
681.251589776 548.76653399
686.098929446 564.889909598
731.633630105 550.432149553
373.578779618 566.918615037
780.238508605 684.236526189
746.01980321 698.694708013
750.936638631 260.065649072
714.780749912 687.91590599
767.622692135 544.163503447
740.156880466 599.318381539
129.835025552 561.736388617
747.835621339 558.075590582
677.376484859 437.824550738
702.31584955 591.156687681
684.046569635 482.364196692
154.107919805 558.487899365
355.803252752 515.544941573
780.036129848 619.057264717
174.083774264 534.957929917
412.841290806 540.189280663
695.035070863 422.454478167
751.012970356 522.056016238
705.141081077 527.673333609
736.093384848 278.570133564
703.575740468 572.919986707
666.070394219 404.939395707
155.600492459 511.101191256
717.241969914 565.594623219
385.951037475 519.109790895
667.335435733 517.186597536
256.068194137 573.508951181
745.950284915 632.42931645
778.619334171 640.257222665
718.110622955 545.396344153
310.264312433 542.727578424
739.063203622 661.755609136
690.159157649 494.191746935
764.041726976 647.424932886
714.850692698 586.420307704
765.401226385 671.585874558
343.606978379 559.423343485
764.273566149 316.678310524
768.945540701 574.999566992
256.341281276 540.722261615
639.238982379 507.076873826
731.499811797 633.759376845
708.219024662 289.040835866
733.964377853 565.775276523
777.591740114 525.75443042
691.188177595 444.745351889
796.971646805 665.693819537
652.882109045 546.372940146
681.399563748 523.749461832
749.63520407 291.601744516
780.758788274 281.398437366
738.44529217 313.939282341
305.086265871 486.252739748
692.696934645 662.009005019
131.803659082 496.034436992
763.979704994 272.971169461
98.2887844578 542.94394703
720.590297452 669.147896008
340.540214904 587.864315302
691.35605189 533.529504286
394.46000541 545.857974419
110.789332048 545.748417939
754.16429407 540.033842965
682.773913873 596.693248515
294.046229416 611.129867897
722.95933408 259.335250829
