152.114256856 407.786937651
155.36264551 532.721234699
205.983401014 445.098851348
189.181135309 418.546697176
173.175988704 502.237559058
140.900728714 407.591290776
603.351205828 478.076354252
108.35157603 558.21494474
107.868920323 363.531248033
612.51789596 454.777263629
195.851900565 476.859188091
137.44353183 435.753004305
116.404738082 523.976237813
537.991625959 339.721736002
30.3223908134 93.8810012555
125.818633987 556.83394836
699.496872209 437.788440894
141.177473146 471.296355069
632.673324604 479.970216661
659.621589044 452.085475137
680.110547749 443.586166191
638.384689198 455.465780557
168.439278196 444.969961448
68.1925507551 138.455334081
665.122106211 433.163964258
22.4323611505 223.254953511
21.1992408825 150.227737238
89.3533495181 138.707765831
498.40351347 440.606970627
63.5328561654 192.308329875
49.6662032566 122.298408611
121.771901015 405.292095886
107.96601005 509.688061264
92.4539592945 386.18244321
124.277693878 382.552306562
189.406021821 451.061226193
181.793361042 411.592083757
117.597549809 446.717592568
35.2648459488 102.113280723
45.9869984101 228.305462201
61.3773893987 737.257860566
83.4411430446 169.619749572
474.508723698 457.87165144
143.042026487 342.817314251
666.038551505 482.492871089
138.393044302 531.044174135
44.9853249421 97.1675561664
59.2618864648 99.5788229539
20.5216007436 98.6122614403
208.559829089 414.636926787
227.776560338 408.783907086
159.9334766 470.303051969
64.0892878933 719.348933432
109.852747364 583.786768726
110.312201524 546.188131566
90.649762175 201.302969206
147.363369946 560.298138625
69.2543180009 232.953635938
12.7330611116 112.897940473
134.877674517 503.99091657
429.583584206 455.805319096
131.467683086 427.176349902
78.227471376 106.445139455
19.2289918137 188.021857818
91.9655413167 704.956537967
88.751746683 411.774766998
444.230408353 487.380929636
63.0361150639 705.641138435
103.530011703 430.179658402
58.3473722613 263.60821084
121.793614201 349.699175852
162.05208833 379.767230587
165.879160833 399.617106455
189.346991756 394.287849758
161.66320557 362.960511191
85.942408621 731.013306008
148.610231704 378.721487853
39.7627317043 190.434580076
85.4700075964 556.272282393
49.7252671659 154.957980877
20.5245349046 123.612811637
33.512542722 118.124522489
157.541581337 431.537033544
685.313433583 476.926905995
178.832851405 478.54862454
93.9256544888 575.343401344
214.320338599 386.094182775
175.516117004 427.323720716
155.885577005 514.434366469
120.699340546 495.090627549
122.807765016 434.460232527
191.621285168 375.708028932
126.465241244 471.208287728
89.8891474505 370.338793241
478.309576587 438.894386009
93.3321416593 539.226983673
24.391695257 137.175062285
447.03653908 449.611259476
458.129023931 435.037821089
699.092241119 464.573196837
