80.6877888353 703.478033647
131.77741401 476.40208639
138.55781829 311.404224307
118.474982092 480.404912919
211.032384311 383.729565575
118.408973474 510.757387681
678.398311478 368.363388839
207.337451047 434.518005056
331.545330712 358.637191252
161.855442518 403.731544417
67.0237513675 661.250144274
186.624968436 402.605816386
186.681889813 448.321586278
124.303482373 261.400725852
181.90557518 373.77088838
162.949376354 253.865738527
139.49311469 545.884528934
207.820217387 365.113113314
155.748081469 496.298225639
88.1096908836 655.23562416
83.6958498453 136.606386006
111.221320985 239.051332644
699.927034078 339.932234557
74.0300327938 197.171716619
131.687142216 284.27764319
156.188367129 372.468249748
102.340748018 117.752576811
94.0963185459 671.71237983
232.144742158 342.067695246
680.205662124 345.334235432
138.064050238 505.887041805
145.647812066 529.921505718
108.737321738 152.589073014
160.128163085 431.394514861
113.808194331 712.918218663
95.940203263 714.817131675
44.6508420518 103.656475607
84.0242649754 716.290546672
697.475602568 399.594418641
366.228967266 331.715723149
128.351552583 374.575773473
432.931663221 191.984661894
168.657467577 230.849901475
178.616256689 536.81502768
113.038456892 180.061995523
146.692994416 357.442152899
134.214704519 236.209403678
127.957304475 630.682645517
164.071892826 302.6394117
221.74899127 405.657519323
69.6889728386 103.401439531
702.424325016 368.766437277
253.978528245 380.66749659
74.602882892 174.823885462
164.880958427 520.581748922
236.359592498 385.085562797
57.3786413627 159.69385398
181.070113605 490.053033761
107.404471821 206.744380394
142.751001036 468.582166526
130.959104952 411.715243113
103.908873794 635.986013193
126.311422544 655.915740159
413.706409596 199.329455474
176.730012463 353.404265679
98.9533743239 690.809680658
92.1838839354 105.380122892
121.716321483 672.558873492
180.933465819 513.285432841
116.176397801 702.194467627
205.443744563 340.702368307
84.7340035992 151.805153337
541.430912989 324.158274064
149.73844778 403.681290354
156.084694581 458.150550641
102.037223236 646.143131915
152.073419345 223.083900766
351.108609886 317.796709848
715.708681359 388.489720187
81.1104379615 121.261123597
126.043747754 686.992522067
125.428384801 535.965940052
148.274237351 488.37454236
185.896300032 275.794803616
64.6798729515 125.916844797
232.061808313 362.428941979
182.231450354 326.091108037
84.3094290644 674.564153035
151.537756668 266.929318045
134.22325789 206.560872946
121.321576554 296.869305777
81.9272666429 690.696071479
206.883496972 403.918143627
173.641784279 476.913267931
177.711761961 396.217686818
122.900634145 330.385531602
270.390139695 101.104727985
166.705358057 560.518103635
137.119771947 447.397612709
51.3113422293 132.779132451
