315.520655946 683.768223588
224.056369604 287.00738979
134.267247776 36.5287208931
185.951265816 306.597402829
294.637990216 150.169151591
181.511247508 347.280263741
574.923335216 50.2439114467
319.18289207 170.090321783
327.114981235 346.504164446
205.703847696 108.352367261
276.27056549 558.243028534
216.4322535 129.046663758
283.766059616 169.969936861
98.8241923074 9.96142707226
230.745917125 105.646028885
300.779438482 125.113039871
195.091498398 393.104827875
283.77149235 135.757655561
258.805081641 304.708378482
298.780912627 552.37323494
395.289831743 116.435331523
119.508720845 17.3653109521
600.811399631 24.3660429131
239.380072195 68.3447894428
108.975655749 28.0748259331
204.360897975 82.7273401953
414.501457005 113.320031583
296.594427125 588.18442585
362.403272779 142.435030833
571.517467571 27.042313979
216.003107765 325.671085275
215.656695559 363.941499198
405.717701427 139.170404094
254.181623167 155.143963667
333.930915287 690.381491616
317.813031841 710.261184142
327.657176075 100.155254227
290.435861564 705.323478004
594.302605846 76.0400066513
370.632196311 317.563691644
103.747597158 59.5527750909
434.707326088 197.984974943
352.225211949 126.912180137
246.290933453 373.99988297
364.265517652 118.283001931
122.290584476 53.5929170864
255.102443053 93.7538132508
371.498794659 500.371734867
153.354165661 39.9340931428
274.296536944 153.576392711
369.683304498 93.055644948
598.745320129 42.7887760759
351.725125032 159.468661887
312.123457256 111.278332401
250.130090413 340.072342041
330.416360259 159.271786724
139.507892953 13.0170487819
287.790026645 283.515545141
267.580852609 109.299821242
246.000365843 224.008644441
179.527509526 96.7345460429
337.767176356 507.747940593
352.69306592 531.172094774
410.115581612 212.871743182
225.709463435 83.6758375325
314.711376854 642.826085781
398.289410351 91.6821492061
332.091926376 553.712598983
279.677236246 316.197600503
331.591240179 658.494637649
241.764356236 109.303368896
341.26608645 117.42403991
535.995194727 332.091910491
172.412616204 73.4767170799
248.330094091 173.836557154
315.418496355 528.733021672
278.454414135 115.140201894
341.312712717 291.637881034
610.503735686 58.3824070037
375.153493775 103.916682676
329.28298415 616.700343439
161.020535556 372.347169439
241.75582748 253.050765475
316.544615862 132.344997526
346.01295457 100.556339984
317.311198979 147.06324673
211.800564433 58.4854431633
276.914965395 640.638689454
111.847830917 13.7545828755
323.106326224 116.213197849
84.9214400051 36.6780845743
293.394183515 671.358578754
229.555188148 135.486073469
269.012785373 241.940093704
255.422569118 137.155759414
97.1342787615 45.5546849034
439.816833894 123.476598629
228.399079693 401.319808909
209.703274043 153.947822249
283.692086741 102.449704734
