431.741262275 671.910180386
661.468683506 769.240174964
344.710344836 742.224459956
516.767236729 720.708695403
471.47207446 690.636132596
100.505978604 725.914755757
158.807611236 771.207790977
662.399408872 497.11753241
113.928049349 763.298674528
407.368511367 624.694018642
205.110797477 728.61765637
400.044823088 735.720422567
547.59638659 685.520832127
683.452548487 757.254569852
129.696182717 774.28342232
725.120985759 746.623158307
702.841742482 710.617613062
340.224428744 767.848747221
202.129239181 777.945646661
279.079145759 648.202983462
703.565533662 788.193309184
696.862016534 757.244857784
583.042166335 418.174499604
629.223798801 696.9591335
673.387965933 427.595553161
686.90032309 485.920140983
280.509526483 721.601096831
512.586215522 693.501625676
608.035416907 719.565106252
320.729687295 743.740759907
92.6460468464 753.687584692
528.873760707 695.550165036
654.431248931 399.287937103
622.153248816 399.72663992
373.02773355 708.51957565
337.83376001 688.13026622
518.141876838 671.134420635
103.09768706 754.09960682
621.845614027 445.635112945
123.744050939 716.459587517
588.899023175 446.997647511
375.91066968 747.115129148
647.924446256 371.953136129
707.48647316 751.877561571
727.303193229 776.722719049
556.917637394 583.940931023
578.186818294 692.817821623
527.80587612 278.607506026
610.747256079 698.083111507
654.650141852 742.594223056
495.996429149 711.160286977
464.885181915 656.245709642
363.77225754 730.473923702
248.204073322 710.164785771
124.096699519 736.90744885
411.670367131 670.715408406
692.833103907 725.572564591
158.516827209 740.757331901
433.902040069 645.559603749
674.645237454 739.489691798
669.204492849 703.897986342
262.296869906 740.657413151
715.917228695 734.095779274
372.719319562 768.386714244
685.26686797 466.095811524
612.269806251 382.833961062
191.792242089 746.497339516
685.57852755 719.622735133
631.308125654 673.360133752
492.557714408 701.7570758
620.439397603 422.147651755
719.537189458 720.591631353
665.41264705 354.124771494
656.904593911 687.725474476
84.5687128552 760.968256574
677.244282349 384.336319746
129.416466564 753.114400279
714.244956403 774.749635213
607.998725222 674.854441581
426.703668405 710.925574863
461.263323704 718.696258216
147.870335107 724.895640572
523.252603949 730.397414292
326.038664742 722.807221856
709.61376889 723.159575352
176.570249396 763.713746998
573.791162255 667.492291313
659.997734664 714.913869477
494.529244365 669.169234737
546.819749362 707.323234948
651.807441 457.347042069
574.983846292 710.988249899
512.88330868 716.153537372
682.519706806 775.830226467
193.659342782 763.27909177
551.93786908 548.958416791
147.80252315 748.909008555
505.264208215 689.293866799
101.661817354 734.244735141
500.083404066 513.270420211
