426.347342878 479.671774054
620.909395671 484.286968501
686.968047902 644.305002667
581.386630236 442.874746941
720.375504887 642.358568247
133.645759407 439.10513073
145.387405652 505.487748011
332.391156282 481.725749024
710.002052481 631.643746349
633.212172332 256.678404815
164.080529661 474.064313771
674.687769609 603.611083763
646.022391981 134.386433867
619.526425541 451.368368318
553.805949311 469.319126108
630.837458053 396.625152041
605.015452398 432.492804686
664.440553048 583.365164858
737.8298801 631.596837471
500.377363384 427.455692642
676.791357966 416.560791216
620.425083304 411.87887765
219.817954033 510.047476632
662.310817874 95.2645240161
298.59149642 482.812127734
625.108836057 154.922962353
694.156966297 111.622295421
458.361486929 445.822440081
699.614399053 588.121814308
173.065020359 500.755236813
119.637608734 452.031803914
639.237565217 194.1982753
280.227478555 448.275806206
625.260644961 282.200783721
534.819438695 521.725188866
181.137305594 482.665820629
686.689586866 173.307768926
125.210675862 481.105297541
243.537136075 513.557176667
710.063754727 95.0419064473
528.921971833 480.90488892
619.683828418 572.207613877
302.142795236 448.055458024
682.51853848 274.538942954
651.042146285 417.338745246
637.741917602 114.806473514
640.551803586 324.88692601
689.46896717 566.975299738
255.969700014 464.167919118
386.077287951 488.858784488
631.065976847 555.352613476
201.535651079 497.981614866
593.124198245 541.522520602
671.800312624 113.209054597
504.843168264 453.936934444
408.420116428 485.085562491
658.067598694 280.257110067
243.335386902 486.166553613
665.125299487 172.319300643
604.038478576 462.688718468
438.353112512 447.130161205
161.258899302 447.139991103
699.38131614 296.174888564
719.308292546 612.483750718
444.525859895 404.363549728
478.47162772 464.732438025
642.997302958 603.247565285
657.988916152 557.653147541
434.914775531 415.153961849
599.76303225 506.938332208
619.026243133 542.138177699
648.786074986 345.27895381
347.73256033 451.281678793
653.17737402 156.319116764
613.737160682 314.482972349
415.978388917 419.207775155
619.471769825 589.172416273
647.540617623 436.535677801
303.932126367 506.622954181
638.213857188 583.451877382
577.454619615 518.926441147
145.636402477 469.934407083
601.459303811 404.963653464
209.619616457 465.781520439
664.886204047 310.477454982
704.144187043 601.431842037
461.068156863 417.028762817
482.285860465 433.824723554
634.309116566 299.308012313
228.9284271 451.80755595
316.167648656 465.29527155
362.432728563 474.529379229
276.890907843 488.215894796
651.160839981 474.142545634
654.971785069 618.698330294
390.639392892 451.550206748
694.087577626 614.67271271
613.550277741 524.63426167
124.269733295 337.849192411
682.990311666 135.742979204
