253.273252979 651.420491737
657.83201122 645.695208773
473.487188527 619.603901176
495.500051988 591.557882229
574.66048445 193.918121371
553.940142188 197.251963445
581.274828874 458.004393875
692.016123435 656.822659756
399.477725863 642.393146506
495.706820509 562.39902056
370.105691576 645.921468236
127.61020978 677.084201067
584.863262196 221.850107989
431.386581989 655.010744458
530.938439082 520.884985376
413.418724128 569.313251944
355.287808346 590.716482752
485.082302573 578.428715426
718.217682133 653.791223337
599.466132046 611.705014612
590.645256342 653.957792295
136.246345442 683.769942779
596.220329334 490.878143892
507.06078659 541.869733992
192.400247757 675.728847046
465.625178088 571.090099236
706.018197283 614.735008998
597.432295499 628.179988053
746.480739343 682.74317292
616.968153335 204.69101186
578.315237572 656.19603088
399.119319619 617.589764693
587.542752322 438.555125769
372.375581191 607.881827944
630.033106879 229.794921556
257.96750848 625.767946007
537.382476901 546.538966559
565.219433156 606.500853236
697.044642023 616.516998592
694.377733007 680.364565707
576.483182819 588.94307037
748.776061782 657.333172654
576.872224628 149.960357779
624.162134312 639.943509376
666.247411756 660.682462444
516.305608217 655.040959931
174.058484725 635.12549088
700.961527769 652.019986683
492.062034737 641.012635827
526.323283062 613.503501117
633.499549361 615.492925952
603.194616013 464.781148703
647.988651232 629.082157226
518.198107985 580.399445573
544.901465182 568.760088001
567.348533037 165.835057574
113.69542862 671.876366394
680.195471394 649.94119119
505.112798885 624.634331759
670.1926558 619.852876059
141.827386432 655.14715004
561.265135579 666.919877539
724.602890001 682.869302879
678.005579198 596.98016471
150.951257863 633.061872358
248.314626147 687.912343374
550.620925395 440.149613414
686.140286395 623.032085637
559.153097928 641.424242791
731.012998235 662.212057288
342.232342118 612.265977978
521.900044678 558.2847664
723.117628201 610.806738006
99.7201333863 650.954400686
566.013696205 582.951120267
536.106435809 592.74206107
509.900828935 168.854933627
700.628166368 625.860449156
741.847916244 625.623359961
568.486973125 469.877542317
726.440794526 632.997389978
423.518324397 603.640204701
659.332767032 603.621809528
438.924731114 582.952715158
540.303458988 175.055425907
418.760563261 581.50781522
119.451313324 641.044289482
585.949698886 618.230804718
100.213625511 670.871267454
601.68691839 179.365043976
501.822246323 601.864877912
621.492511138 600.778064128
354.470901848 623.158572801
539.274911555 640.366755049
464.127690576 593.490155076
552.841653397 609.082941262
704.759112779 671.992559566
450.103248242 628.514395487
568.934046714 622.147540656
551.020947136 147.217611575
