205.627073708 300.923196759
378.287993355 494.077358601
63.533534548 698.68538642
237.021892114 501.743846335
36.497986797 168.899024626
104.71711317 435.714427394
275.00444323 162.51644777
241.592548209 421.447171875
158.835457772 210.075822085
129.379193237 662.608776987
63.4515290885 321.47236964
121.890589817 106.383125579
81.3143109728 438.363783851
60.4578975556 360.643103316
87.7523893909 466.499717701
150.105570167 529.807706937
99.5205104504 640.396495767
13.5082233619 188.349457858
388.736481576 541.181964812
84.0912376607 330.066347555
76.9261780183 685.698209711
517.945352259 171.85360522
108.337778476 489.20639271
280.98560917 198.707950195
43.8326283799 116.594550309
106.48097751 475.727198146
57.0694759046 417.65899188
197.820091163 199.394297471
115.952774345 210.896308252
85.0178949789 699.903042991
330.245052271 163.359124873
137.072767167 328.646818737
198.281658393 445.059766662
52.6758833145 297.835163725
146.451280584 504.802630682
238.442116181 523.425674107
116.5507452 698.540582974
203.233149257 345.453569788
167.109459555 326.529355638
111.824591021 84.9596936225
100.676038594 682.772617719
8.30663821113 287.527215837
172.697541798 176.415691043
14.9213044407 130.704269518
3.90247444673 154.52296958
163.328478372 368.813778606
124.690810471 460.189841807
180.23577064 522.854762683
94.8011078984 422.463407516
113.801707311 682.862905294
48.2123321117 139.819632414
158.755532725 489.937529357
115.649358966 535.933392363
84.7697086205 622.358844653
27.3291162723 333.692028547
351.644225265 308.179667169
93.8068279437 523.704402545
217.994624637 480.391697289
83.2762864049 233.403568637
110.603446042 358.912422167
107.34135572 502.884851003
286.809482763 468.557166909
121.412757332 494.11476069
270.011808672 339.431419074
327.338766379 189.30255887
107.795429209 518.618603302
50.2661356411 256.314734015
68.9157908819 537.344149319
379.909620306 527.09946351
23.9851019249 145.989371374
133.898033749 186.304101866
68.8409628722 662.800470526
60.9439580794 203.624908963
194.283191584 512.415523267
234.576919412 465.282883979
27.3156085767 299.6565752
355.739998706 520.253651612
289.099828135 181.291000464
93.6985758202 109.54956203
159.065760735 133.577825808
117.364765996 138.426792496
162.161512613 403.105225418
328.613098737 500.723847772
20.5761987472 264.459261966
177.937513979 298.409022473
89.9362780129 662.464281829
70.1006758654 135.537212055
135.209283175 520.83438476
80.1331554796 378.365158726
182.253790238 408.390340555
75.7863723849 416.074178672
175.316080296 486.693867601
108.849515045 458.998397298
130.805582716 90.9607076743
342.134192603 478.527919904
132.274254322 116.49415732
114.943209513 249.403020747
275.344814294 495.357790473
57.686287815 640.189262962
198.746034321 490.230287184
