281.061871419 522.694470251
462.725788169 150.409191207
247.075143259 209.69671164
368.170276549 100.238306515
437.931398125 77.5417187894
383.053080751 150.946953548
653.69909487 10.8570419834
535.052416905 13.7137946575
300.709791715 124.102052672
112.885889045 4.22622953525
278.197115324 127.062646954
168.469054368 57.8091756285
457.510032002 101.524147185
100.637276355 64.7215907893
140.882587853 3.84728438451
268.376610365 47.9732222234
263.649606342 65.5716894736
245.477570306 41.707798479
566.517567136 225.793071792
261.956589859 463.544592884
619.216404577 23.7682996289
120.207355884 64.8229134893
685.902551047 10.5792949405
182.475454379 38.0140907801
229.791928182 221.591038503
99.5361590708 5.39888765656
672.769618666 11.5890032458
262.669888 487.04478766
571.78286177 41.7568223309
570.921876852 11.0381869941
563.927705521 60.1017951114
328.330061703 113.15530628
670.135536771 23.1538786814
256.032611887 132.959098401
343.53400928 413.552694215
287.812849429 545.679253511
300.063871563 22.2614049406
250.500546962 541.713326817
695.365539247 25.3256825909
539.110843318 80.7868750694
284.818340194 280.170252512
698.718034835 71.3202332524
398.701063008 72.2371857133
324.862896233 143.608647766
469.66040129 66.7956118573
296.916479886 306.540920257
224.434349335 54.1748423431
643.377549622 76.2630477025
147.604691915 71.6883222891
291.279756883 168.510296746
423.764516799 48.7371179143
701.615144525 7.43529329389
608.951511509 54.7303521427
280.154934925 30.7418322706
364.777833388 118.331128905
365.89082876 69.5935383979
126.742890326 41.9265245223
418.271635529 165.894626087
259.867308589 87.5199046112
485.719596225 40.3988535611
143.473735028 41.5063220471
309.020501766 490.953740003
581.216596811 86.0943477685
645.241516115 44.2961001787
127.070468643 16.5012936959
278.260421633 498.080669993
498.537928959 14.656351447
344.883145001 494.061209715
495.695136564 74.9994977725
303.646970602 519.030717423
237.150910259 74.5498516178
345.784818944 58.189311728
702.100298498 40.0986341421
100.397341568 20.9713388933
403.037672377 104.42293731
327.642562721 179.713400611
216.15625612 25.4517448236
666.559253513 46.8645172145
702.562672308 19.1116677317
449.025426262 47.8261008982
650.78792363 183.276486457
322.22939814 79.2163270698
528.305838173 30.4451658432
310.633005715 45.4132443328
381.38558353 41.1867943522
290.334567844 48.5954785976
158.297187978 23.8602670908
240.581832091 500.482981253
102.052252775 38.4796352528
320.701229032 14.5293209716
254.950953243 290.332429661
258.838151378 523.511194981
229.968430661 94.3765303422
514.349883072 47.1181433465
283.469021047 202.122037141
252.880732273 309.038145512
682.799786917 54.2764887803
277.47708431 73.5448932305
259.614635273 192.442653122
248.088665412 13.1234427996
