466.332400471 256.236281911
464.793750708 272.931082036
492.414406339 229.564837289
539.239473352 246.116817125
447.23013487 668.18352918
443.616888023 511.7766093
487.757281098 547.923824234
177.038981655 38.3872113209
372.992074455 123.683383682
494.75860051 240.953761036
465.952703607 677.087298597
488.887710868 312.739887961
388.34681967 584.354486158
409.971817621 80.4648819077
521.159925657 165.435590064
402.764181161 672.638341349
527.860232216 235.550274796
451.775806327 528.448185289
466.981741458 600.470890631
546.748034148 276.062696011
410.09756878 150.927973169
516.296921609 276.148678536
514.474868899 292.604669333
461.747470479 159.568693361
383.349458108 148.48204116
441.231276901 128.186390281
467.493533157 113.742383039
524.914481397 223.366821103
430.540296146 648.885362658
418.699708328 97.1598295936
453.425002665 133.914616471
418.866398829 549.707080785
210.552281388 38.4445449329
466.997452255 243.490712332
191.580902385 18.7590751749
521.6358905 301.154462217
471.820931272 165.543547913
462.764646125 556.768653628
487.192101622 157.801115671
389.408058164 99.6566548245
411.374280525 698.161605038
443.533108319 151.042137404
445.843493679 697.785264785
415.581397889 131.412983919
553.920930662 249.64910668
468.989905454 293.454889224
491.28846243 174.178132916
522.072801866 204.805822029
490.966409573 148.012901542
487.425916888 198.836555651
475.306754299 190.521128192
465.831885996 337.678703692
455.224542637 491.976266032
415.742700664 298.366176312
421.441144466 579.446340234
493.748199898 214.832918937
467.282888052 513.496331865
423.357794406 112.320775849
505.290582476 137.328057163
472.162897745 621.267477687
416.256807768 633.965113817
486.507176314 295.240923698
513.033713801 188.386297744
481.570738919 107.753475352
483.337098612 335.99559813
376.577341105 616.099434514
434.418204768 710.429604958
433.118318585 598.25588483
482.488159139 582.598847871
392.637385001 119.848226338
396.850467642 133.05792272
472.901857879 224.244338406
214.823487054 14.1873584101
445.170970732 300.308601205
460.82332308 207.040833103
425.735510594 683.408215371
506.787108992 251.599623051
464.593886986 97.2049196035
156.988504085 58.4753413809
439.413138119 106.518963149
479.35230204 126.676852939
451.533101678 106.93368983
505.468514727 271.717980837
533.763107062 274.734584717
466.723200845 698.903182517
189.500866395 57.7724136872
460.641250893 183.156868908
365.639307153 597.251698446
481.626612043 272.144397098
469.361838549 654.023475172
452.321287769 317.110244861
529.09433466 263.988187342
414.078215641 610.780996177
167.372464677 19.1952853488
439.747118562 626.809333164
144.642833899 41.1318196228
463.569768033 143.09849823
439.607579053 553.968464128
448.622537883 574.820260623
541.515867866 215.373876073
