163.336759665 381.435598795
785.216776816 538.966721804
744.359609513 471.353046793
650.531216153 409.710639252
778.085650328 491.593187565
145.377345919 386.03026421
794.195736697 335.753450489
742.830941135 512.496066216
122.873359999 365.491067155
762.519441125 336.760009687
757.886469746 477.281925638
371.370233058 319.90990587
712.250593501 486.351584651
764.393544816 210.849318292
751.335712942 78.7550871135
762.832330813 547.300991043
772.255386067 294.165185338
376.479512358 342.352401405
776.866883577 326.314638599
759.248584091 306.896027652
764.738444584 242.760287492
757.635143113 327.44569311
420.269787869 360.412689687
727.493543763 392.265653617
759.097796276 268.062387909
468.952243874 314.945683863
657.337944333 352.891757824
741.765773611 411.528443851
742.071625328 312.187474372
726.411903031 412.030940644
707.911546935 386.455137335
116.912534568 377.084595031
681.693543342 461.495875379
186.987931216 356.368628908
395.032122022 279.49563088
695.869206301 455.988780649
395.602133668 294.701004917
162.984126943 398.036574242
690.592145224 346.649465803
693.69892041 390.945656293
743.637787302 641.51266949
748.305936471 426.455608932
740.776164732 338.383730002
690.474692187 418.510307562
792.459153146 317.315722133
773.972657558 512.461909719
695.738055701 321.850062239
716.645515112 333.699398323
717.611936476 97.7799586584
676.244757052 426.933097919
719.752614387 443.994855833
666.871319545 437.430029788
752.031916168 603.00427838
741.016383244 553.826675121
721.316711037 494.846600142
747.422634337 443.062763027
781.113313978 566.893118872
708.500922437 419.955916841
736.29758378 92.7709215951
727.427350263 466.182537812
722.980958978 350.938225052
185.872395686 376.926274872
718.004536724 365.442130103
723.845474197 154.70614196
775.417854679 591.977556981
91.189330257 385.172886235
761.59839615 348.674352527
719.061141007 584.137736331
102.753026367 391.320053071
654.702926184 367.906567419
141.581410921 359.128721135
438.978810678 314.883179275
458.423456545 341.475794915
488.175467737 343.730211699
162.021156294 345.983695076
769.178261456 630.739826199
426.151419733 290.917135142
668.906730859 376.787247533
698.254635212 487.6052558
699.7276361 399.399367621
754.485651676 102.289346583
695.725374888 360.735077133
399.989307639 319.273551538
784.420351964 293.386285473
705.196463263 460.239967848
713.885574739 521.116370369
695.055236181 431.220990428
407.084927825 333.394060651
749.985969313 490.903562258
388.124252326 372.04257809
124.995847634 396.541504396
669.887882575 396.867528715
204.614757971 380.483804949
100.278224634 358.718308409
739.261352375 279.179022297
672.298453834 480.666183996
725.911517177 114.938671373
731.860923697 310.993266403
738.011793279 239.270524945
786.299641042 266.121002788
