334.507787017 677.487042176
243.84741805 289.872988829
138.39433579 46.8540749106
205.709004521 309.700902727
314.181153348 145.941689176
201.052040467 351.533007695
572.033004224 62.4150234327
338.633612506 165.485484955
338.651039991 350.372001727
224.6622078 114.609037522
295.641052144 555.513890309
235.826461562 133.837438105
302.750738004 163.74517557
101.359262269 18.8886750224
250.414600195 109.23959523
320.429641835 121.396216323
214.960611842 395.34921716
303.358098725 131.734563781
278.458049868 308.397374965
318.414218174 548.592919723
414.553264362 121.805825309
121.175879804 26.8357011652
599.424838495 36.7015693668
259.331822344 67.6263445838
110.159026046 36.5507126099
224.276543299 84.1555717401
433.023961324 120.782568538
316.225061904 585.808279936
381.568902074 138.267774381
569.260985054 37.1670384549
235.680518343 329.248538877
235.414772234 367.007598817
422.234572147 150.165936841
273.584309784 150.301410185
353.280659532 685.369110412
337.684238816 708.043273616
347.626738656 100.659954451
309.898646392 700.832934633
591.598056919 89.1285782161
379.945770274 320.286612462
105.618311161 66.1221872646
436.37581819 200.431621172
372.128867262 128.85392658
266.159000441 376.218215852
384.159782814 116.316861296
125.55135113 61.3779361842
275.077219955 92.9780212166
390.975994587 495.830943953
157.973283876 45.6899975265
293.270790937 147.260284392
389.625398736 91.6143533251
596.699377322 53.6354918349
371.491286531 156.537286435
332.116790109 110.812806709
269.671365805 344.330475025
349.733924128 154.09188287
140.988742341 14.2460050431
307.422949885 287.251771465
287.540783144 110.519802285
264.49663572 224.911266395
198.97318696 100.709053815
357.481130415 504.391615813
372.340267313 527.453362796
410.012699457 215.875713274
245.644620159 82.3884180763
333.967181876 637.430339079
418.273793008 91.866817079
351.522435519 548.980651547
298.986829801 321.357232943
350.707722017 652.617151727
261.76107252 108.94142162
361.218105035 116.225216534
535.876194246 331.701999535
192.341190998 75.0326277005
267.927006067 169.94739877
335.044630701 524.949480763
298.424662002 114.094572423
348.718329801 294.029130977
607.536193103 67.8706334747
395.130811254 104.758973189
348.270713219 610.41917752
180.554758031 375.980117522
261.677070875 254.733077497
335.941450923 127.470342324
365.845776793 103.098026014
336.935636267 143.227180318
231.619412847 56.0394263223
296.080900289 634.92520929
112.948893004 3.29955889114
343.067789571 114.992241023
85.2333061107 45.2666096204
312.631293683 665.959295446
249.461692172 137.398145799
288.972651673 242.921658656
275.419410568 137.440301519
96.6538438132 52.2019997068
456.160214783 132.574133103
248.280479182 403.446997246
229.655552557 155.169076102
303.666662547 102.504184201
