408.325445066 272.485968187
482.187481476 132.014745726
485.874704883 600.658035232
474.724049582 68.2588338435
401.477143082 102.520314817
347.26821778 141.228495314
372.56175261 134.842044778
520.765353913 146.925375212
420.175803944 657.119973202
312.684002631 347.61442624
435.169237923 699.874301522
446.079631303 325.888107736
420.543532078 77.8505688377
454.749590065 700.772513073
425.176610926 96.8428358126
404.583215836 153.173475602
454.07960218 230.628385513
459.918062686 68.8675893745
608.140669587 103.990331055
495.317339437 79.6408481753
453.75327752 183.997182151
457.753083316 280.809154999
468.57218131 38.1333534511
347.174468451 348.065836121
436.071436031 258.93527699
374.162546808 166.145461151
557.258668524 139.072864927
454.954687629 145.27572464
668.836110212 116.177113811
437.685430346 29.088320583
300.402582056 410.796035026
471.260985466 627.188002442
361.430342124 285.794531909
453.244442963 605.108863131
549.306789812 275.63738606
352.512485857 362.154796648
372.8215124 315.936872182
488.294257511 65.7492083314
555.174517252 109.579632784
597.548859525 167.176604481
508.024118443 22.221747167
695.733035203 64.5333662246
424.523628834 34.9179541693
476.587630165 103.417968597
488.867330905 211.543462908
479.118955092 698.414253875
313.413567859 381.179382117
544.429093935 177.016624032
468.098538999 665.005315627
498.418949756 272.237460912
512.626116106 57.2763569778
450.598121254 32.0972733265
517.694127579 73.5737479694
402.838028502 126.142132465
460.585627175 55.6493905059
406.728946612 49.4961706587
400.414185362 373.724106559
514.986270585 108.432964403
475.557555994 653.36333141
521.761545681 82.7911379491
426.697191486 295.735225768
269.81351976 436.064463593
631.468547528 136.670954616
550.545595297 40.5922919891
389.936462768 336.783765509
395.066430661 183.801033397
326.451113713 307.036381987
551.69874556 61.3647758498
278.023008001 421.696090733
681.63649209 73.8012879447
445.049508353 645.817565316
441.819323546 70.054493286
595.400380435 78.7968202344
349.903320164 395.695090761
482.991507596 43.5216206306
463.271190016 48.1176703854
331.700005784 115.372527759
593.735298862 125.584220905
665.051643071 49.6518227655
296.730998317 323.618602911
651.37081077 64.2746337123
468.360255651 348.681809607
530.308371698 53.0814888137
440.706883394 96.0870806425
355.307792403 108.818306961
474.609989947 263.738184251
367.724077272 375.91231708
483.267521685 85.690022092
422.199521483 359.04044438
433.631343196 4.1362695856
481.501198821 302.925343546
501.317961238 41.505498991
429.013507403 673.663380749
476.163527091 680.834496753
426.469775438 161.271029976
458.577580209 100.559111111
648.846278749 95.4648704098
448.601464384 681.238680713
439.143204685 120.957792585
376.799440881 101.788533045
