400.200459721 146.811134065
339.457835635 94.0065400993
495.956748966 203.646281251
496.637424175 322.28612272
133.581808018 347.636453588
114.447799836 316.496963293
414.436106351 273.568426987
320.272854253 206.894545992
459.231012196 374.873575685
113.571501911 303.7474062
504.885481018 270.017734198
529.480184905 392.693361607
97.713500696 316.744681641
456.586625958 209.094123743
388.901916999 312.024739186
264.248346839 320.150064048
500.680203331 347.866110063
173.923326828 329.254641802
139.239537279 322.046402531
392.00094858 241.04928216
326.629686171 127.746348019
515.40967538 344.117295568
189.656913799 304.613192646
336.36886397 139.222956659
327.80591816 186.720607554
344.699887805 222.827068629
99.2063914126 300.519069512
373.80590462 224.191864065
311.849345833 90.6157177804
451.102056268 351.543743239
286.110816171 334.823062012
106.992436403 338.663242767
349.159187137 202.353399524
308.694155788 172.874633686
352.868235296 146.495780911
395.906301369 175.290880733
353.273320112 217.189481152
236.1090823 314.071693136
445.067205076 171.194236784
425.450972742 252.705949756
216.742402629 318.766014053
147.752092125 313.437436807
521.600538339 321.748993034
345.75053192 183.516528369
302.285517026 384.213599919
116.306062209 361.06106167
270.321783901 353.21965619
198.887991302 322.656215794
401.575667053 333.382197895
365.91275653 195.424982193
412.694294898 230.812118501
290.210785479 366.274893906
464.9954802 344.333395737
478.564896649 360.669572122
151.531389653 346.702060576
250.510283851 358.374927204
352.690238524 122.082264075
406.05883275 207.21438581
457.487894161 247.467878168
490.359208823 381.697178731
415.169591357 312.471941973
509.771016818 387.758151971
295.448572938 120.36936392
129.376611492 306.674214948
206.930262066 344.150752359
440.442032987 279.05777919
512.541900477 375.024729572
166.120467692 312.439912461
214.875992514 358.441957007
467.691628602 213.897943607
475.307730719 164.994300269
423.481450266 346.932193902
461.361934737 187.017453354
472.655910332 256.557018802
532.393223844 367.485017191
125.8921409 329.684710859
420.004891648 181.745730943
358.623490924 165.00489554
350.782515138 99.5794106401
394.661020208 283.301721174
435.141224862 144.802295893
315.944492045 98.6571390355
500.826241146 689.517704989
243.301425999 340.314987511
226.239828424 357.656486636
439.662636956 310.180132205
323.64263565 109.411888336
515.94361137 679.052250364
417.789230861 381.957843827
483.623525101 233.594920219
307.460203747 357.335644836
479.886641448 300.771791781
94.8056216322 348.356772869
362.239527337 261.981091412
310.373274634 151.046511515
365.929120139 298.388955557
371.829466729 135.195999686
84.3909219994 328.414801621
457.903569551 322.679052487
323.284206275 380.351752947
