360.818777594 647.168712369
444.739208119 514.874483697
588.023170149 786.913244358
405.364243683 473.586009278
615.200070477 778.080991453
103.306545126 616.445191987
102.565711002 680.092408436
280.009837751 653.628607159
605.324892854 773.030931583
454.841825649 235.090548716
117.292084571 647.577499411
577.049961765 749.353824622
467.549598606 155.833189789
443.309976866 479.715259563
441.281782198 609.328267441
452.866477645 416.729745077
427.361901909 456.042755651
566.264236407 731.971309583
637.745900466 774.332427353
426.38065274 591.18672253
499.053027203 433.225070569
443.008829485 437.592200756
139.976621674 671.140664138
484.694579203 121.216615241
239.159950037 652.288590678
447.855118487 183.582837322
521.511784144 146.614749978
395.016621581 614.189229054
595.558405537 732.103495575
116.643669815 670.772446837
102.568227088 631.085817992
461.700480003 213.213148523
223.607069092 619.048494139
447.163457895 261.234397619
427.359637477 653.503907158
130.329476018 655.226589248
508.996958937 197.688124636
91.056030349 657.149674096
157.378567164 670.44950549
537.14031439 137.767848135
431.748996682 632.140388111
527.552281384 722.177165349
253.884242779 621.206691638
520.950871492 254.231947087
473.740106601 440.255497014
459.611536316 135.929582263
462.735158309 304.726000129
592.113948753 714.858686972
197.397919668 633.947974875
322.747900181 657.239135727
528.403719868 699.339061621
130.946222687 663.098139396
468.334483901 665.972039641
494.347701221 142.536398364
427.41604304 615.38042018
344.311865667 653.128346556
480.558742593 252.585199826
175.493561767 652.733631129
487.842192281 198.982956452
429.149484708 500.45147381
387.127917881 619.605500452
126.496221011 623.557785171
538.12479253 257.394992733
614.467162541 755.203969315
392.704053504 576.245853946
405.884820814 628.476441975
562.675361982 761.728394412
569.765261707 710.963823731
385.04667887 587.113754366
470.799033363 632.277469343
498.264137409 669.685364411
470.45106124 325.669300453
299.551779795 624.438949542
474.453990593 175.338346441
435.956839147 294.193902095
371.029862504 592.97746162
537.193531771 745.428078176
470.662295012 463.224415263
243.413828051 675.739664567
564.733607261 745.95183203
449.110394184 643.584815642
105.389862515 644.637678131
424.808597839 428.328494972
146.157210985 633.999753452
486.462255966 291.371213367
603.257539798 747.15024549
404.633667226 587.397905894
419.305088698 601.463374026
455.828941151 282.223431467
160.861434292 618.265193246
259.231976379 635.950121321
305.728914961 645.247523436
213.178436776 656.161895993
474.429183741 501.812176365
567.474505214 771.465989741
333.169339786 622.023608095
593.164832 759.957457909
486.597577284 648.11220412
123.684685796 339.732127039
505.438155867 163.101595059
