591.457709313 365.945859944
487.128176776 295.269461072
646.777297753 220.401435728
460.044488626 292.242062394
621.427954832 430.907319601
480.077941292 316.532692426
551.64405006 474.372264201
595.162148673 511.07245783
650.55272056 202.887918582
508.336491482 153.702936357
547.27981099 302.645653499
669.167684111 384.904226035
554.9105996 179.544513555
595.770718625 197.361578885
684.171002404 253.15112263
630.53251885 142.468677073
543.892107072 232.09119738
656.115571647 359.597101302
634.191733864 261.122066566
595.052644184 290.153030926
671.360532072 86.0775487335
591.042671935 154.658147213
587.512568208 437.178876165
602.153905557 112.19303167
612.958291533 206.33897115
536.59765573 145.783871355
702.5040642 71.488395113
619.258355513 304.303911912
678.286227046 342.400892049
561.977667219 441.730036217
513.176066718 289.948693366
522.002489254 206.156294582
667.911258784 102.060528593
498.945093187 193.586428933
607.522923048 400.97348153
585.568248674 408.3438338
636.286900663 64.4985594097
563.519758766 407.333454994
558.06071833 495.250240296
660.641747415 193.624786774
276.317863094 540.885070523
681.412546101 104.717383288
661.995151528 133.517133443
625.734106566 358.743393178
645.399215331 118.105969922
514.893261782 123.469561177
623.175747405 129.213754495
683.518066594 288.866722663
626.137328581 197.620768299
607.808437168 498.423411099
667.896236613 44.1299198069
566.117559585 462.530517513
632.30420932 404.09159988
614.269164455 107.166059932
651.618474248 289.154291375
622.968030525 463.583959639
623.575973572 100.513631259
591.207032715 233.484600397
598.619011961 134.579011202
497.000827544 258.799660175
232.357878441 633.769548079
530.927632418 262.969762431
644.073718974 368.680892377
693.849983629 95.7309935856
655.843339317 233.297168206
597.664217234 373.2177207
676.79552626 77.2124170727
652.913453677 304.822955294
627.447473935 242.058738205
621.550786214 375.415473721
663.872051631 324.309959786
648.279043013 107.995613901
640.028719586 167.519452316
478.998585055 180.736579615
512.136561772 219.387995103
580.32767129 269.119808362
672.686030685 120.109005371
622.02152309 152.620913609
570.355389618 477.943038324
666.569264126 61.5591110988
643.859461835 330.173398945
520.689930075 320.040032835
510.029439451 232.70222214
622.446572625 177.046051472
643.602211603 82.156236058
673.736949331 356.691285663
673.915565173 219.755499465
582.350712166 313.278624452
595.387836266 172.981610651
634.048823244 127.40651163
618.266815853 210.62835648
555.334417426 325.315881787
587.655520449 462.870875887
570.356262137 223.380088541
638.175165733 230.863842517
602.077130401 223.212310158
682.434978938 55.4975038487
664.142263059 256.760403971
472.368627716 257.866016173
618.635300596 85.707722113
