446.497066681 703.036084764
180.732527656 440.652778984
168.123520741 414.432720029
70.8285011306 580.969554688
210.449295867 437.881615372
99.2959599691 469.912934587
312.176611899 205.877193515
376.482574743 285.655414983
436.908304469 672.946415012
147.094744095 478.900949076
193.454104009 417.202199808
59.8102307983 591.789569419
457.193372762 455.838687578
92.2485813338 611.430792162
189.219013849 103.928884873
436.045306511 482.428264635
89.9272332808 639.466550734
350.982257395 327.136819522
122.527998252 434.260746332
252.69902751 202.607635628
101.543575123 591.955127464
115.930311289 512.728001108
110.310702929 650.45258767
151.069121633 172.494749994
371.708664981 216.722584779
477.719882337 707.571680689
141.619321485 136.448344634
247.85788265 174.583519006
137.546796975 121.58937751
193.891492406 195.047029413
172.471697581 183.883165976
98.5143566133 451.457254301
145.529470153 328.044564078
118.524452481 486.304199612
446.837327162 408.745824865
69.356817566 644.855030843
268.964058014 241.414306444
69.3892882881 612.168535608
167.681536231 142.478789295
138.069332827 412.590086183
144.714682684 642.411856824
162.258125824 456.054963754
278.761244811 206.105723691
123.376170029 586.69806995
133.576440976 477.342706375
156.683664967 415.528514834
208.086128731 165.320870381
233.017212496 146.36184351
162.409603591 90.0529041885
489.475033564 687.739466482
153.125916052 457.84308672
167.553631488 319.727004294
126.289792065 635.512908296
428.33416099 452.313651743
121.799046894 606.712605276
340.176210719 204.428444171
158.483820786 433.314823878
446.522197601 439.864504038
177.451103295 104.120951916
188.439309027 159.539908085
409.825044884 412.489741195
501.864437898 667.336073226
141.008714151 459.608693206
159.235873312 105.505927844
373.911033187 677.028612072
71.2397722415 561.781411652
104.09617943 569.190398116
134.604223055 666.001517166
305.658719474 343.608428692
129.565528315 400.663163576
468.842672015 677.203353334
189.151210251 311.881969168
337.324729525 249.707418031
132.114166229 275.359150786
478.793188106 653.484573272
467.077855845 473.765856883
292.966189771 276.292496008
365.227955639 384.953667728
142.605923775 607.007063345
144.094268358 447.06289018
124.557438204 464.747805035
160.870937515 473.931039153
103.074745287 621.677604378
284.692663759 174.724828897
138.100495784 504.155839551
160.750568347 614.85789085
407.86868327 445.428115392
96.1848523205 665.877517935
317.521679973 175.399360512
330.415635174 354.284557835
314.663406363 313.123358355
296.239530019 239.296520915
78.0174433563 596.525151533
417.564241841 683.392215054
197.241517445 130.399465521
117.725134188 673.22850438
138.787436411 105.265059828
185.107293564 225.746050606
173.000093291 123.706807332
151.775995223 156.606604802
