348.963908679 306.829725749
278.628293678 650.479167936
395.276706698 608.120843598
344.245981318 698.385875822
315.175033584 600.116050459
489.608840888 665.442395943
299.153534302 435.5925057
373.401894511 121.800921741
334.39604618 177.126561659
423.405489708 647.452689172
461.498564775 610.831629122
346.98804885 268.529784481
515.623232356 677.895714616
415.432824723 580.282915918
306.155591325 625.442855419
304.874289227 685.206733959
378.422665084 597.107732937
326.50316722 114.928473073
402.904003181 644.834862408
334.201876171 401.190643859
368.29150764 622.948212725
329.569533192 100.154884607
397.770300721 581.238655209
301.049464355 521.692315866
333.851917229 370.942403741
540.11561704 673.902951608
273.685160089 633.208420569
344.580473056 221.668308824
309.052865961 153.657694529
210.601721008 662.579472258
318.344927545 389.973486227
360.083858467 384.429079669
478.800465122 663.405289047
487.509460054 631.300116806
250.962385168 671.708829471
374.280863853 694.422524227
397.549236123 625.267816832
367.012038877 187.376066135
481.386141729 594.028071138
330.461371045 272.64051406
172.575378396 650.829140211
334.500892377 446.132636961
296.628665101 627.738985338
338.365415451 521.191614745
335.676379385 563.43301877
379.177420747 363.454280494
181.330326031 678.028555017
282.968065169 674.84569613
542.177669232 651.614621821
424.626105828 621.103010422
353.535299585 421.022832816
344.872946038 656.98991687
329.457553281 679.716391639
356.398286545 606.024567296
337.697270304 243.319195001
370.501743455 100.142673372
433.667109489 597.635441175
405.438179158 657.72833549
304.52203481 245.150679123
507.047189161 652.606856533
561.263251467 678.470071027
379.924023412 160.767129542
461.763714757 672.935392942
337.866243667 323.656949814
320.061897912 494.98143387
536.877539653 686.978877243
292.374691865 481.666539565
452.996193827 651.580308707
381.47842919 637.053081895
311.961389041 120.653929964
317.35500195 199.077289439
311.040100807 638.773418831
318.833064125 342.459393669
402.371952516 674.135918667
334.141743626 625.323586297
316.45828679 299.351898875
379.624624591 654.072871547
320.665975555 463.071898016
351.987705241 156.645944796
352.573330397 118.740593075
364.023511648 136.381254462
326.767935154 424.583609306
154.690622087 666.404170012
275.97864276 623.79167005
310.575679635 612.463655795
458.634173294 626.696739201
354.755823962 352.995818023
319.982346147 653.671208661
331.877816556 603.723355487
373.854589637 330.721983972
303.803565288 572.989989347
365.131412882 668.409945953
529.38235998 657.786464812
342.213004929 140.308145843
565.624010471 415.186881747
359.492064956 100.902398315
292.610871584 608.050819963
377.703928557 254.059794334
192.472522522 631.248184328
353.630206698 629.62143065
