202.754793341 311.257585638
125.881581176 184.57276797
190.077462969 285.350722074
240.949118758 267.512998244
112.561171661 151.538981953
329.950406184 251.634736077
461.635126159 253.093814364
417.710985096 261.228743509
327.946387674 291.187259109
190.768989997 551.493128715
222.059296835 358.407240309
126.12355058 330.318534826
205.488878723 339.951900531
220.882236142 497.167362185
376.700983813 297.304133438
156.05938274 316.239988551
209.124751386 547.172781707
623.816822044 499.698138944
77.6715484783 185.817475231
141.84506953 313.522601033
92.8773074341 120.657307136
618.39815176 478.775428191
399.123281941 306.608037923
217.469231433 271.852094093
117.809860983 288.051205935
102.565656822 224.065654102
278.473288319 205.346533843
304.438377837 210.50487303
390.341718939 269.843270611
105.311883493 326.883463508
237.314047365 298.148765039
242.83047921 235.870137701
150.697515242 116.123605853
90.9669756516 206.323509848
211.870736455 568.01986096
137.655414864 294.176559393
140.43499231 148.772991806
281.282827263 314.468494961
195.356689087 205.119133265
73.375615121 140.308063313
285.621724158 268.104073251
127.369430345 99.1604995433
395.577032547 339.787009756
96.0615864334 256.52960108
147.767117954 247.201912283
347.44146683 282.020246505
413.857674833 225.542524102
305.244893687 186.611049694
140.747373069 220.037966069
260.512728912 235.647416598
124.402474855 263.761159208
125.42422151 281.882844008
161.026926663 184.272980022
308.851663882 277.665835617
409.485470841 292.210961566
139.7527272 338.316543542
189.63975786 525.617547986
147.87382292 205.759618293
431.428372233 288.277580381
109.063595824 92.5130891258
230.195946781 180.322784138
181.390826546 365.508031023
301.102312192 242.239069467
105.659669335 250.089988565
164.445317795 267.038049729
104.091205533 315.581303601
448.808547572 277.952466919
100.970980013 283.264523322
169.499515642 327.007874222
247.392632009 324.794051719
275.724253259 250.917835341
228.589687046 586.629598411
250.241222912 159.949659603
122.637917768 245.23559417
209.176702947 239.326996731
148.429631141 303.132650898
118.145554135 314.503060891
201.387243687 172.329497125
232.242403373 203.494022841
359.741466791 255.219348995
442.948694444 242.406717406
213.510805106 530.98218726
193.048961042 145.162278316
255.09048382 217.363702741
228.59987509 527.610926828
164.597018311 239.36961522
94.2712658301 305.569733251
109.554623849 121.132951693
148.219091234 288.102789751
175.88066901 170.429209877
370.347445204 279.031643829
127.192957758 298.572426812
338.084799454 220.276231162
175.253165005 348.521851862
88.5263910381 102.289521851
223.245838179 157.071863002
82.143891634 173.610743326
379.191196701 236.037805324
255.655294366 188.604335864
72.3072922621 209.771736175
