323.611807949 486.519732184
109.878155456 303.274946549
461.011058104 576.796514676
489.872709614 609.872164003
106.302727302 614.585713761
50.4162669887 618.509867721
85.3634865867 442.046378619
704.371348889 650.974013686
674.936971891 645.410892234
37.0174436842 356.77061208
230.399145127 492.229107647
597.263254875 503.295915168
75.9568322966 591.273477958
190.561600038 418.434036221
64.7523576021 633.795241944
636.30269409 636.66719069
664.548989032 619.933840208
156.063732041 596.423542265
123.997950593 626.019999458
48.7685920039 95.6907176426
52.0051402076 343.470604772
648.966090507 610.788490843
78.240443559 633.520988962
76.6349327897 406.299039042
166.200287346 519.478831868
88.2093991457 619.161331508
66.5184196095 573.142910925
464.730734118 654.559932527
214.5922186 413.993269113
478.484503965 638.269020971
659.536704703 659.979639355
47.5278794901 229.207584563
411.955839289 630.353369525
202.158615788 531.777503264
74.1108842598 375.58386687
94.7465412157 267.277142662
383.243348119 641.137695544
488.501814373 680.675971806
666.96353816 584.320833622
63.376308804 211.984160975
75.2345030746 576.27396442
126.251999128 588.681753417
258.342079286 521.34306382
111.426605495 465.422771801
183.559969129 582.865400548
29.067226357 130.565545605
87.3390325234 596.786041144
154.573119381 533.424104481
90.2910929877 575.601612214
373.526362255 605.813424622
200.565157771 455.580071561
176.754135011 525.680158336
401.016560682 607.024839964
524.12601998 628.18898889
114.751767124 652.041104091
179.657768339 542.348661967
78.4282931596 306.961701533
92.2138452862 348.737194201
68.6160737339 101.987213385
686.135948985 628.236733336
84.565614656 560.58400978
702.723325848 629.630689611
69.9910431007 350.439873911
114.074786152 567.7756305
148.322189991 569.751403231
45.9412009945 319.461457215
681.209095921 614.628981047
143.319068079 549.965837854
155.509360998 621.106330931
289.738933138 513.955177631
691.148320477 600.596451517
206.696812413 518.096481553
702.487601511 616.060425071
50.5329747006 390.242583068
94.9330024474 382.944702146
101.741363984 637.753528921
429.221156301 560.305569105
136.470271287 475.148731164
234.057834282 433.785205132
47.3956285801 125.357002598
534.282525188 360.564638695
104.870839487 150.888278233
427.576484019 598.944412481
92.9890570044 612.10736613
170.931211841 561.295511949
522.033797429 661.290067649
72.9818275537 256.798741728
397.020959364 576.869752785
694.160595096 644.189341864
71.5125537196 126.997207052
91.0141764728 545.52820826
161.800089963 474.815812734
73.9988577944 610.367942433
46.0750873877 79.8583595176
157.939939677 505.224118426
34.0998348172 96.2329305579
279.360663893 495.389980561
57.3026144815 606.790348403
186.976655391 492.694728229
95.7709268357 566.133864024
