301.792143909 683.080822613
537.651714773 323.368409837
131.810155556 350.245837401
154.589331086 283.172303595
211.550654179 257.415984436
187.127223474 292.608242385
561.311232707 298.245212029
373.875525981 277.794012454
137.291753164 331.010119538
96.3097089944 206.232310339
123.513008438 328.648655868
100.145908502 298.605118559
197.809217339 289.363245234
102.77374349 368.330027013
108.414774887 209.593857394
120.645916124 260.534136791
119.941244196 288.155922837
110.068754684 250.324393883
659.238112781 336.660954333
196.72722163 329.737131602
420.583503691 291.738815774
91.3957472331 326.444612009
620.560138345 299.127740992
105.289144895 239.240247277
142.33710192 652.749690135
83.1088887922 230.73596387
644.955648895 293.923227759
186.696359512 340.613102664
439.854522983 306.819965004
434.91901369 278.131435665
325.650942389 226.564542167
145.537346563 312.856058601
598.190583339 309.613989739
123.307427133 314.43450023
217.790490168 275.919694505
319.69802123 669.485036595
153.481763434 248.276839898
177.122573126 339.518488152
654.527374913 316.589572923
380.894753054 301.066169975
181.284223017 313.532963348
686.197233489 352.587887953
203.305932245 242.720652622
152.48358649 367.424822261
247.054566283 255.890294454
296.752946326 266.609873005
109.246629747 271.445696853
626.753184231 346.152367004
117.065083156 393.285104724
149.1764678 358.772143653
252.40470883 229.579632017
674.330135598 304.92465961
227.197674555 286.68898786
140.794011791 256.068412056
177.789347594 276.467387403
175.22822956 253.866352565
91.8007706274 304.98648322
225.117619363 319.941730165
120.451679078 373.169558472
318.465742357 263.289511893
106.26171679 294.800024702
405.797665153 325.69415589
399.884004392 303.184315519
574.30416079 319.100592048
91.4072761926 254.159934522
325.487153043 692.091016525
356.344178552 261.041520789
600.723288496 337.234692684
276.696117313 255.741476416
563.755902387 347.594054007
110.31184314 318.834078971
153.630047526 271.250302318
679.973198663 326.073406699
79.7123795986 277.264069692
177.51955465 293.556049344
174.415689822 302.890301461
125.37720618 235.300193522
628.567930545 332.761829717
696.784776316 318.06613596
277.871067635 235.446511646
700.596833169 338.975149727
135.931373291 308.529105333
395.551516846 285.218399354
133.340812437 281.489936473
163.440798905 247.45326607
134.054950537 297.960800976
100.331797223 272.957924777
168.315047905 355.748849394
79.934813726 310.719244748
297.631050543 227.772755078
160.969144243 320.594734206
208.400366856 318.737005184
105.194553389 335.682118824
240.821731542 287.144056864
163.186431193 308.055219593
158.497093676 349.453566987
648.982270433 370.315409781
113.175600028 355.815369096
138.260896145 391.565196655
137.24864941 221.916701425
