469.758181615 660.068280939
424.059226986 451.586650955
457.385950556 620.696379502
457.885394857 599.91955772
475.465988256 278.98520838
525.599589431 650.550055649
721.407214808 674.04978751
690.062491698 675.852103443
527.806279528 694.1923214
412.200821916 684.131461215
477.64254477 703.99477307
130.233743721 699.18940453
477.420530097 690.097347754
437.458336685 656.830314003
610.637820608 679.942804337
417.741618376 654.580301094
439.677144377 698.05074749
636.372263996 486.453962742
415.107550994 481.907043215
366.666362073 672.359249511
498.110252867 125.158707128
635.710679508 467.782488345
635.960437688 685.157683657
431.32261789 599.11083678
149.6717669 672.377842547
403.564635797 575.867303416
494.754592488 523.825471285
517.323969366 543.37649184
614.612036423 659.404176664
109.997235524 696.957105963
488.897945536 648.400477195
459.751024031 564.830804494
527.051964531 130.108128189
426.624057239 539.257332951
435.138830785 706.22899021
330.302914669 685.433044772
500.262293227 260.55633103
515.864287217 691.549951764
444.414639051 419.108509801
493.542405776 246.16027306
489.917477892 624.490463055
522.603228581 107.727320815
616.913224568 694.429325218
268.120235734 684.874912096
431.662655334 582.823227387
553.617966689 682.44633542
683.617740759 656.938361264
483.195886482 441.685293599
460.961147363 521.524874303
495.515544623 547.887145641
302.038543019 685.473283284
341.976057047 664.012537709
441.01887493 381.656590937
517.372774844 666.967366993
654.47040275 668.796900897
354.317408676 688.140055471
402.157480405 657.593882084
451.627542572 484.737256857
694.268589993 692.596620669
508.179887704 93.7009106724
462.949823667 343.954211317
432.088271893 671.583879306
492.034405284 597.725662724
306.796957248 665.541716263
397.81728015 629.066105713
136.3838724 711.577299975
719.719704168 686.239007764
117.777889317 660.264060356
454.06286154 635.43240483
499.916081745 683.636639573
471.174021936 582.86653846
464.030016362 696.537188354
494.55647876 316.490359574
399.798418045 591.155867989
474.135646409 544.436757045
425.857004401 608.371924343
154.836641716 697.193892752
477.08835669 319.933661997
469.187621448 395.883455761
572.250629799 668.082829715
711.550726301 661.164538027
440.402122544 687.543285372
510.351731464 277.594241139
484.882142333 509.230231775
464.291671484 676.307095084
444.008151855 562.911072675
99.4186943269 679.999232929
511.714561766 141.369005143
418.053288713 626.797269283
465.021618431 306.143575004
597.242588824 669.413267821
127.57377001 671.111816786
528.386229403 318.224694747
438.040377211 635.432793604
504.948516617 107.060946629
507.341077394 292.428128522
419.737538372 411.756634719
498.71257085 460.995436741
485.629279644 361.377058573
423.460447085 512.568564732
