484.325000584 266.99100475
391.032864163 376.860808107
530.572444909 235.905927756
491.480993233 438.350917964
138.312929208 385.122025398
110.217613024 347.190343775
600.509195707 186.618220856
472.922116387 338.145682115
498.248906715 381.508656035
109.398520062 298.949195396
556.866755911 408.596768452
477.193213445 526.976673162
100.859210733 328.941336803
567.242435439 342.29360267
515.943732235 354.166568095
307.124265743 292.208658255
467.29819002 473.193896618
151.992350776 332.269692929
142.383603068 278.20956205
589.728194371 152.421521378
456.72644666 328.248580886
520.1150365 446.081516524
212.610626543 332.958155377
517.762050125 310.162947601
501.657997541 335.611894533
582.154060271 265.72113804
100.776383418 307.680629205
580.245075355 186.523805473
370.788046328 380.778629892
514.021881448 373.35032671
349.812995517 280.471600159
108.9386716 361.055146277
571.857223292 165.957315177
372.819763017 417.54184523
543.040649073 296.894461066
606.185873065 101.345332406
583.614154573 209.143182421
293.5493208 342.442783862
550.461061261 269.738961604
537.115041751 372.112524028
252.354050308 387.06883488
152.221055028 296.051552491
547.175881352 425.502025462
572.711398305 112.884709654
388.654243913 317.288884935
114.258947421 394.513372585
334.336048895 306.621579675
221.99086663 380.010623099
530.813933153 337.178075125
590.438767065 131.335485426
614.332513509 120.863937274
369.285531025 292.03384458
456.655265427 450.451884819
434.978385413 479.035967842
130.879753546 355.844182849
323.088723806 325.189855762
481.145807402 282.012623696
627.493973602 98.174613821
554.161676309 370.864544864
431.452832074 508.51357042
602.872447204 224.255337659
460.958196768 514.635820174
342.352834248 382.229389377
127.632241196 306.464203802
247.859721014 411.082776748
526.924889335 383.227594459
469.655932018 489.648163096
184.490061574 291.507438312
275.054258337 421.68170348
576.55956467 365.809876558
520.25965551 209.926361171
604.640053913 304.004099244
524.631558941 253.161105766
558.66299342 381.782351643
509.964630674 475.071255947
127.273998557 324.402670831
527.134304079 271.365633369
591.24194484 98.3431239575
449.010628831 301.046583322
623.993533339 155.661736326
497.551365899 248.972018143
435.121718234 333.395487591
504.904836657 696.518935104
287.065248178 377.451104171
284.075925465 398.208706979
553.301431858 335.265323436
408.249441979 355.64559984
520.648603869 685.886894593
479.336620031 376.826067011
577.133448837 393.738770906
394.700489744 273.430625071
539.198440271 399.871638477
98.7668838094 369.863718251
602.372846917 280.891804541
410.495322802 389.309768599
496.152010633 346.35883373
511.462226836 284.295682318
92.8891650784 336.048663391
526.917504153 404.353846008
422.761988903 286.193265857
