569.849228471 325.556582551
511.3641075 203.390765285
559.234887984 302.626532399
566.742195156 255.331078904
491.638343225 195.951898014
592.976864214 183.063674887
631.707235691 158.83918324
608.698032195 153.268949938
585.939156922 264.072299095
554.827314824 430.137695141
600.008877341 360.873812534
276.743931885 127.387123374
576.773542583 343.333133362
574.606226756 376.91211552
606.843297001 267.436298032
516.049627594 296.901979211
568.355593404 416.983604488
634.574263041 506.112552027
165.971603165 170.999978332
305.101388457 105.929662748
467.658950818 169.07644095
622.300621252 469.499064803
620.810115318 295.97837695
571.342374148 288.039773865
184.621791998 212.485251869
483.409351747 224.500124011
594.83307525 120.060257965
606.829637777 103.96830798
609.191655202 197.427182856
250.525997062 158.447150694
586.273334119 310.516036149
562.878679263 192.391077697
525.971009892 141.127829454
204.393030646 148.17819887
569.84439503 432.578391734
276.741762777 84.0041137199
509.839332671 180.241800982
605.236963424 316.601190547
544.570877305 195.275665197
446.040769154 187.200024555
569.1292409 177.633027761
505.503721359 135.660238036
620.50657167 319.668468628
122.732645221 217.363761926
528.325191849 241.728581681
584.91009289 209.128458752
622.029131751 109.124372619
607.166460637 84.5715949089
520.529047129 217.275532965
571.583172747 156.108065075
195.175168483 172.808614326
494.021551516 263.804720959
531.868210532 199.9093714
582.279833711 230.965200574
621.91651299 272.278845438
310.255613646 142.113710056
548.031707535 393.091957047
520.939461543 205.668754756
613.779629342 220.715228435
488.96476825 141.210335205
573.767811102 108.759691489
558.147010934 361.276413626
584.975558837 154.053944164
157.155946268 190.571684208
538.827770599 272.152417675
215.212758303 189.307063581
627.567061642 191.989587372
135.515937607 197.814905021
542.748159309 325.742308748
596.45640893 337.972740591
568.006443291 215.68965612
362.474846586 494.529723526
580.69259578 68.8462128251
502.228929648 231.085880185
547.89349885 221.564707652
508.127355025 262.336599808
278.449600601 103.413820191
561.094014475 86.3421140604
568.170614702 135.517188561
595.468705122 161.872238663
624.316452649 121.924980576
577.068148481 401.925788721
553.307074009 68.9254645319
573.630600882 119.46605978
590.700957567 401.505224805
536.403179257 229.898638073
147.123017219 225.018171312
486.153463735 166.987437577
518.132796826 250.822310777
553.407198745 97.4191865538
606.020294005 237.876030439
232.666549536 118.077757957
600.624468542 69.5267515952
549.117772112 343.013618453
466.598657946 126.587245032
572.597704458 92.1756309847
456.990122514 205.683431775
606.928698539 131.131603612
574.955567035 81.6665195492
117.273432817 174.994512722
