287.535669202 152.952576081
186.32878298 292.009348578
469.260024384 420.547716988
173.893964425 676.833096941
369.284487257 375.416868819
116.044591873 650.283761574
229.838086896 220.481154947
345.959125265 130.826490239
294.018097521 127.578338639
452.064791152 600.753452859
243.937213171 386.844046925
299.028997529 187.579046283
100.820385267 672.608141785
431.08390651 322.479887062
227.827303168 158.577142326
407.374313406 431.486660926
436.890601863 360.542766247
275.485546448 109.269919097
225.07983582 470.138915902
354.440410651 325.490717455
213.316339206 370.52512678
289.844840772 97.1223239756
378.604805612 269.530118532
211.505792659 194.793128725
315.78485024 288.420757225
138.463197466 698.781510544
153.907488114 279.638358664
294.769945321 143.825175982
259.20413844 103.273283659
124.816854391 332.030402534
246.75703671 176.603630276
353.146108902 291.4139423
179.634749497 696.066936305
256.645250534 476.088862463
140.798241563 301.355002818
160.371009005 690.138575614
221.348860453 402.975729476
326.123381905 222.176801715
248.174763261 415.291758443
264.106591177 167.57556238
98.1972400859 322.367608683
393.823624368 341.15152292
203.460077713 159.858615852
429.700226511 390.678810622
403.219239736 370.180474726
383.614568263 314.587497882
113.362905147 349.749062626
162.520451314 307.319764557
172.3493451 708.002264891
227.648800528 431.091070072
347.001147481 240.33560992
197.702884845 645.698796652
194.130962974 627.606409452
453.688256987 406.254533312
268.943295176 134.023752166
313.889309701 133.19843193
466.896216453 383.877380617
222.436751837 642.520450155
236.862702755 124.661714851
199.708068467 701.012400746
120.323072334 676.020812627
362.455255329 148.540511604
125.569895203 634.053400974
290.248970737 231.344387263
345.414823449 357.984134873
105.724059934 697.662312493
226.743298998 103.869011757
222.646388413 673.070421718
209.57619393 447.199463032
256.425808806 93.3727390196
255.655730494 120.533138309
381.164706572 411.137565262
261.361591213 195.154261935
194.812970464 685.138272315
181.302322419 380.631308381
242.685601254 147.644543361
200.873345958 659.787433216
273.244689465 272.758759455
326.155491825 116.140961969
296.760754104 108.568695245
326.406412364 196.056075246
325.308761734 326.657096533
99.1206993704 346.188125039
155.910078139 262.375506811
213.45063075 131.430161108
239.658818021 449.114417654
310.388911428 260.292724206
430.730661185 429.739484367
401.974459602 404.927012576
334.076709007 269.486592272
194.565167314 108.570739301
181.119543441 667.672879707
129.273232074 659.264172701
306.634584404 160.039861398
367.574240507 191.179540494
310.502016232 101.056774973
174.840648181 274.212269011
329.655705512 164.195125804
108.450902749 317.874773149
192.958822637 405.425473365
