390.194213987 666.874026084
376.82627814 607.472668515
378.587663161 456.57191206
697.274254086 529.693717099
124.214999785 528.537848759
231.849848257 358.75729813
235.108032941 429.318256841
340.043102192 241.782366111
172.889823413 520.188061908
162.958476265 512.524793628
243.669909079 596.944324506
296.572752458 302.540224423
170.319239254 549.028677488
294.826307695 587.175643448
142.447691959 519.981561882
227.190643237 493.221343323
319.176456775 340.493954559
141.98525466 494.794763445
261.52449409 310.543483796
555.976804177 240.18708753
265.012485 258.346283266
411.060464064 454.276283856
271.311782738 555.840899362
322.49365039 598.946510984
378.797430674 267.68034906
219.070068182 409.107939164
638.757902726 223.493722749
292.246570648 259.77298397
699.816211831 491.899040261
195.263934162 481.536679997
255.305511361 291.865199371
655.349732223 531.870653271
373.550623716 532.571382132
249.105346956 575.382607809
402.821497744 495.839991673
295.614804712 569.861131301
336.663532531 266.767437031
198.882816922 533.730637059
232.476737333 544.410867546
696.167415962 515.401315004
421.238957178 117.775808578
225.817476601 316.285926738
193.221234652 455.82821278
268.727471225 364.486775364
371.054878324 221.351834228
319.392340269 623.777051957
205.315742975 557.768638354
396.540983064 475.538425468
369.840539171 553.609157179
674.144929608 521.027516187
164.397771877 468.05315879
184.247382349 424.298252589
189.955181417 443.746710529
167.493613009 574.457865151
254.646077003 561.808133432
155.025741569 544.193154209
226.613304818 571.745389011
367.305132231 644.170835099
281.561372278 590.681071271
310.364840718 243.215697544
353.99012265 492.407105709
222.474648653 473.650678212
657.394538258 505.585767956
367.399680185 619.317669451
371.920507114 252.769576093
221.513011883 448.503999952
391.155083303 639.501693504
192.258536686 395.406608107
216.395087836 394.160396893
212.137061745 345.514880879
225.369366813 525.065273891
251.330863077 347.412464355
348.254319541 285.039144393
242.745921785 463.373633792
155.329469358 439.101958992
377.492312873 511.556865113
123.026608392 589.474164504
673.526739279 493.550751026
334.606007299 310.975582523
245.120623371 237.86558568
295.349829911 285.290333002
286.774225323 331.080755321
174.655977785 448.593475217
136.382261963 279.867334973
160.565007016 596.273877358
684.995142767 560.886997046
279.709496127 353.387626445
209.97539379 423.379745559
283.952447893 568.632154766
205.174837012 509.095255693
373.145529557 487.284717223
171.753596904 404.094051995
273.715164119 574.498663763
173.298833268 498.312861659
225.138407972 383.30130194
248.923235258 373.482688075
335.613825194 222.961469153
247.75401153 554.002913969
131.337883928 557.875766658
129.372277137 578.79651415
