188.856470854 716.845301505
335.608625682 429.825112117
145.286337532 456.5526445
263.574628189 394.080266673
306.144004289 394.341225951
295.36828715 420.939831018
611.78762133 422.82354124
462.097013733 393.628118014
224.054422719 403.994373731
127.157068595 388.681580905
201.802833489 402.459402389
156.882815699 412.701621366
326.304656832 413.546566264
106.065718146 436.536969373
150.194413373 388.50056819
189.440585982 338.409876838
195.199926133 368.971585547
177.365522867 338.777518691
535.061402657 457.424461129
168.915481074 676.359023969
583.000522953 415.552810645
122.85737796 439.919765253
658.912278929 423.659902459
162.157758469 354.897573828
127.676580593 471.915323977
127.004235931 371.339610567
640.17878334 434.617742691
168.948260806 692.228931098
508.713250412 414.46263044
491.92900126 396.976611206
485.009181094 433.958683942
243.563521181 402.700013661
619.953610378 443.077194224
186.926023011 431.630283501
365.163873739 457.554498673
204.267547251 732.41707163
220.26634283 316.424227889
169.558327337 724.595422855
672.679483836 445.898988983
457.37074956 447.852398082
146.989505088 492.586417173
699.723829846 483.465506936
278.244434449 378.591188988
252.322087483 424.211727853
343.355825714 399.804942267
168.416999379 501.579882555
176.891264722 375.415197912
610.481020279 471.942963402
142.569335859 440.041981829
209.582301748 425.245167136
300.523420165 373.800041926
681.569312918 435.919644355
548.223876586 438.880325856
204.054275113 323.894272619
273.802711785 417.02761333
258.815007883 375.341742395
125.484537257 419.574986184
314.326971943 438.232458512
188.641953843 401.939302776
411.335069881 397.667279635
140.084521227 416.72456754
205.338303686 687.546389323
511.867603114 459.714287856
589.596768546 446.828865816
145.647329815 360.305196627
192.598611797 693.580564467
436.041481999 400.069029683
224.734826993 685.342036961
415.956103968 436.553619943
214.518853118 706.884611584
170.044050758 400.988203184
250.478384226 360.418312355
700.953044751 463.177860141
111.30177532 381.386923773
290.738998513 408.490092871
252.798176618 447.259006053
170.27108524 325.106539058
640.693866629 462.93766114
699.736900167 444.063763782
326.899013811 381.636674068
659.652693839 512.644223753
234.957346112 381.496839863
469.969119384 417.473160318
230.6579219 358.411434207
268.690870037 348.907572058
215.434706557 358.052188867
152.052385655 339.658543078
155.968010516 690.030763361
112.422130932 417.348457962
241.045091383 340.444277953
117.705048617 496.167466933
177.864179508 705.62187678
166.270484527 435.621609202
438.685007879 428.636740233
198.814714262 450.424856672
133.495806484 516.81467229
665.846808526 472.587546994
215.90163236 387.125446775
172.035683135 457.571177153
195.279790384 310.656290911
