487.176124149 200.887702942
520.218695092 245.820325046
362.537474688 698.682254733
472.858843436 360.95340777
312.275868162 136.029577809
126.486250596 145.98107137
525.565072016 154.426591975
457.020165029 214.088628862
451.806247422 169.929616486
428.402125706 645.389228111
331.242866133 191.460734541
413.805475708 129.481923721
103.600294794 144.062630501
310.998449679 207.518895651
108.057678341 171.230710043
435.140754124 556.519020995
398.830967624 630.944503227
266.205727984 114.550030509
491.556610019 261.942619735
348.391481862 196.748888162
376.087443262 683.825745411
559.433710223 204.52614431
146.46537767 195.40225902
523.801145389 186.485652842
317.882446169 106.231639551
131.943392157 183.403199678
119.603780399 134.111602222
492.786784852 177.150735669
409.359760304 165.423979155
384.452880793 699.73247903
562.393266389 132.710716846
405.288790209 195.90236164
420.357869459 243.870498713
320.880829167 174.699568866
430.691297805 516.1890257
471.641956177 384.596123318
415.956599727 700.236772034
466.919460131 204.410259648
434.759813508 192.770452051
407.047790228 115.028652505
400.305681248 683.042792008
245.036774468 136.617015133
470.596822 171.918484092
281.224636971 115.487297709
252.646993066 108.267514513
413.211178909 204.613774128
158.651852586 171.663328108
364.943917727 446.198907705
163.887838749 145.216372795
413.453564336 672.158936502
334.2838624 127.401006885
429.008751111 391.484039535
404.26547431 582.571122077
380.088150112 611.546933294
260.021808491 165.071766342
518.495318954 221.660079298
382.315596323 562.899824601
428.305518642 268.664285575
373.063626138 172.762765916
371.432150365 211.821696383
388.402716931 523.06114598
462.774629933 233.068690534
410.177445526 524.228498988
494.825472626 215.629407561
561.262661089 153.850617694
395.918216921 548.437208061
326.751863383 156.625436091
354.134535087 574.855174832
491.35592126 254.812530318
297.036096012 126.490874511
429.202114743 171.205556984
368.548923934 659.146180504
342.5991924 155.108071586
444.66265741 389.889281578
433.476706856 242.184527695
284.992171983 160.66654228
476.400329038 250.941353815
532.694184039 159.182220273
387.466570229 135.195843399
454.622867605 151.426034762
410.028243481 152.086942784
399.07857679 227.291085187
472.480342411 244.016106323
271.186689295 143.916314651
450.157550555 195.695285127
389.211693515 654.567806202
359.458052987 139.588995021
418.601453652 538.379467656
328.277121228 221.949946072
419.616736163 226.193927766
146.03684915 141.582254783
433.246838387 366.073170516
136.824158413 167.377880478
424.270542251 125.609342186
491.971991146 230.499383687
425.275984615 148.626931493
402.174474329 185.146507849
451.469257282 255.543658641
354.935642948 620.976233784
444.308862992 350.674759672
