474.089229652 284.171035261
381.53998371 394.390980905
517.507743034 251.049023016
474.990723865 449.667738979
140.651922113 404.977868188
110.540592477 367.184791458
580.993429451 190.958636673
464.410091804 356.24077636
486.703127846 397.754887364
109.62438402 318.947918318
540.217253377 419.674857987
460.918207561 538.583029169
100.59145024 348.938154318
551.231229379 354.27417627
504.343608791 370.445299664
304.260912339 312.002162417
452.113605777 486.20238281
153.817094571 352.168425186
145.371247041 297.981724301
570.331378216 157.274727796
448.332876094 346.401699159
502.643212799 455.810467581
215.621704242 348.002883521
507.686148257 327.437608277
492.158991873 353.195972094
565.318511059 276.511925008
99.5387791864 327.633857456
561.133562285 192.399916471
361.383389074 398.429182093
501.152868025 388.659135634
346.901007959 300.249863427
110.517382154 380.99129476
552.146101258 169.337453869
364.332943457 435.644873332
528.563083077 310.688573573
586.195823159 101.967924494
565.157150073 216.837123942
290.117018417 361.789091855
536.630608515 284.184277927
522.159682377 385.39167047
248.023627023 406.594253723
153.196392482 316.022028008
530.07743522 435.858405933
552.856476586 115.287521311
381.395071647 335.924987169
116.554203348 414.381017037
331.444612087 326.41052524
217.160229122 395.929668964
517.961028593 352.497920968
570.570651184 133.626034611
594.597497234 124.096411694
365.385729405 311.64696131
439.460175353 460.663960305
419.382366417 491.556434474
132.840179707 375.747682942
321.266788735 345.106642178
472.319453627 299.95233796
607.497666884 97.8125146414
537.876186521 382.473894912
415.815754939 520.590835693
583.814031167 230.315054112
445.029743802 526.721261155
335.686638881 400.795713677
127.956609183 326.455789128
245.225794929 430.856369683
511.816140752 396.312368145
453.287504907 501.139222801
188.539680586 310.868536155
273.733906589 441.633161869
560.012550827 377.026555566
507.703067721 224.919665779
589.428061716 316.985426374
512.952196918 269.387116016
541.750607095 392.45560487
493.448468825 486.325234186
126.864870451 344.391108155
516.463644967 288.281170106
571.245887693 97.9603344206
442.264790826 319.872655691
604.547192445 160.315806149
486.766498067 265.813951659
428.160273151 352.139364479
504.132462366 695.724236771
285.854452919 397.41436426
281.234220519 418.004549138
539.551159809 349.788420283
399.907921205 373.820751895
520.950334314 686.2135337
467.890921777 393.222629816
558.90754895 401.966741329
391.435842179 293.161678343
522.798650532 411.308034822
98.3707617515 389.85496248
586.858938728 293.511214729
402.381800518 407.58905635
485.787990218 363.437672269
500.631896649 301.105722771
93.3999591986 356.039514422
510.954007264 416.379684321
417.017540679 305.349687013
