636.682308276 112.823314158
640.628694235 146.344298258
575.813774175 365.559743071
329.910660072 173.183920399
498.970890667 527.07448348
173.347964496 213.852365133
572.37834324 86.729285986
680.025285444 99.5256233869
652.760961578 73.4919565968
611.529579114 262.854484606
656.348766934 146.736426895
640.570972259 126.78255037
267.85712666 166.554772477
613.924600427 138.6594117
576.487010784 55.1057535265
502.035261371 563.694016824
611.914103691 226.639373719
664.847634756 60.5430800054
522.880804371 372.095704911
550.447182108 345.762087062
624.305116378 160.853433112
662.880554963 48.4917438611
536.107714149 73.0293990966
559.703471147 60.1179684482
135.79766872 203.726523685
297.209959049 161.759580352
139.858520735 252.912952807
629.662736278 92.9920272077
616.329308407 46.5154243489
268.697567859 122.600975022
582.638471819 77.8493494833
674.262320295 141.786831327
544.225675016 282.661307624
533.003174145 358.031638904
153.906758899 200.816311426
516.963761884 300.86950053
623.586090877 182.726150131
110.225857864 205.690959385
591.497409636 223.690511532
613.984435566 108.998716771
163.216786084 236.974337566
594.054241164 147.196394501
599.461728294 82.0091424339
592.857032119 300.641535244
564.576181844 324.051806506
665.069970036 162.718835347
557.127798544 113.637387964
544.242561775 86.5052989643
485.690932966 636.180800787
574.694432529 231.099383544
119.348368818 210.428472216
439.952757025 473.930990344
547.523435401 235.805844088
581.702619665 269.289740906
622.591593245 80.3463127635
644.677926451 84.2190353488
632.456033377 205.123659409
543.526633072 379.79006835
608.978448804 70.0462551937
526.881223212 440.3693159
279.978404226 140.074909493
658.533344586 88.9520381066
324.746358706 101.185771734
100.321836947 208.301630824
557.195757389 395.315467812
323.262566811 135.712179275
635.415620649 41.5050554428
534.347218795 410.812181152
568.394783966 246.55411628
656.663617355 31.5708392364
639.109004583 60.1565173802
483.537960854 544.313982807
596.751566988 107.610037225
517.646301772 421.994215307
596.140865682 168.452233198
618.420963069 104.143518839
520.533878756 392.46745732
99.3449554358 238.084389727
667.582769942 83.9333192676
677.549179499 73.6313308818
660.122659201 114.771810582
640.721394002 163.960044689
252.17564134 138.349430355
112.001569912 243.816535994
610.082731444 92.919926426
554.287108304 271.767009567
112.863520339 225.102374595
512.185926143 538.431384456
549.798129695 424.033938238
128.878246995 223.25036716
616.256555427 66.0153176448
543.249440439 302.606021806
296.962381136 112.465192384
649.92801 108.866112876
647.89960496 102.475690133
682.840089367 49.8434283611
145.16124759 217.252225741
657.877079591 102.231865267
305.910935721 80.9900969466
594.701003594 190.175387448
