762.115637621 628.482040381
643.640825241 255.57314489
683.959844461 438.763648962
646.000486768 374.704972355
714.584686532 164.474827003
778.27320526 633.57638645
714.54850877 335.093471944
699.661597702 340.311264543
761.284018953 701.931304811
714.716653566 660.402239364
743.646709155 704.39324519
129.360930983 350.72025468
742.709822636 681.403644714
754.716645063 600.619599511
669.43836429 398.603399891
740.487938025 581.275840174
724.703940517 694.783049148
702.505365229 297.186956912
622.173033229 257.993746322
561.690225519 392.504187124
708.992020394 113.608770966
710.959369625 274.223353107
694.419770518 396.597622946
608.368067383 353.249554229
153.202535612 323.264558523
590.322918916 314.996978304
682.478204506 303.634764344
697.453048377 311.089657936
649.192433409 355.791852598
110.830081909 348.089057113
773.961344985 579.137349775
652.926838046 328.420652202
743.697692419 113.044188779
621.623987422 298.531231689
704.653399362 701.765838592
529.925698999 403.379117469
738.770214451 149.208745318
758.834046857 728.128663096
679.57246429 243.874594212
716.819411996 141.983403346
709.192835674 476.942941324
739.074715083 96.5497126489
693.56974708 418.52413802
478.266303782 417.349292104
609.011800661 318.368895884
769.024908078 690.162914511
681.61711807 322.53204817
694.814390649 249.603392653
651.222339238 288.496125983
668.810306412 328.823323572
509.505315675 407.911635825
533.028099452 373.362911637
674.380924422 219.893632188
764.301696549 653.999200235
670.103039796 348.838887876
548.544047732 403.097916168
723.931221652 594.712114207
652.438987113 265.153279919
684.605202025 359.033383285
714.802783739 94.2541729746
697.07312199 211.301296875
734.656803525 631.773104107
674.170193002 367.803295096
501.385895463 377.627185912
616.530333319 467.681399019
134.362263886 362.278911427
700.589409881 354.23666917
110.561586764 311.086634368
762.097932555 564.016320325
754.801068556 672.638191286
623.061455844 348.903119924
726.78236823 703.937477485
744.990680515 204.377561911
591.2750783 351.540995442
654.92919683 304.808427036
624.795921966 381.052052998
160.784144946 348.07334888
721.803094478 196.38032256
697.750938035 231.042731036
786.297810907 592.702800068
696.280053259 320.428083305
714.240001773 676.569619221
753.564685092 160.543617042
672.496855775 286.074285956
737.608468332 661.522378562
628.736315329 321.665539272
99.1056822364 330.841328485
722.617746255 118.146813839
681.717230599 503.247019559
694.775098966 183.252484485
647.371929113 391.802677892
131.054523117 321.883249158
767.774055478 197.806198551
746.720162216 553.361493722
697.147623306 99.9091860581
741.085206446 174.153254834
651.764495273 226.232796344
689.772318415 262.657190016
714.079462585 218.363273896
611.895199733 272.336063914
