721.848572896 378.204106601
396.516911863 137.6234351
422.758759657 184.478066197
412.814973813 146.23430809
570.945485512 573.892315435
415.691521125 550.019765169
131.617753823 41.598373106
575.551475203 94.1117700524
496.512290407 123.298471444
481.764201862 182.999168681
332.535864697 52.4636502879
461.693700881 87.8122022388
523.403889745 608.82565906
263.551944521 38.5892665261
534.340021734 681.265161367
497.100595474 145.81952153
463.591500357 147.494497899
548.921595441 541.675836152
575.098705856 537.785285203
516.148125914 83.6971327562
444.782599677 187.867840556
439.763833008 141.928253995
555.505657542 699.134603825
193.524748402 55.2199553189
100.405980335 74.1208556157
554.064034245 680.138572063
297.763311654 560.832643748
563.169268229 141.47864075
301.170450862 14.4633393015
453.505868187 172.517299203
511.079228199 129.662592138
404.182486479 120.11000955
541.336430865 218.970973493
308.610938523 48.9229416459
504.343040981 164.983616654
370.491033353 139.512830874
512.370366706 222.203544696
573.990704085 121.854899878
447.060214711 125.55041684
424.68685899 106.421808132
422.892255886 474.266804991
546.018951787 599.735025173
706.614878533 372.358564633
111.640710531 57.0461802375
522.883467093 526.281922262
481.793886535 90.2564504917
555.559161504 662.243633853
106.978505065 102.479018114
521.520284634 570.817351198
503.746284069 194.072311751
297.328103452 33.457619703
138.668722868 68.6667378791
522.147697724 200.364511176
427.801892874 163.968575554
575.18849364 697.62998985
289.461340701 64.2534398563
397.509436022 173.422381698
524.533555818 136.89548383
531.84578963 67.687183782
536.009786614 123.694204719
281.564946631 90.9680091514
548.924856526 110.336890163
476.324140448 164.306633057
531.835082058 419.728806709
316.153336749 68.7473325922
376.60183798 164.065861897
464.351338567 126.739942152
150.190314575 97.991311242
558.854979029 512.500182555
537.269916759 499.71889092
470.466907248 110.758977504
203.865298193 82.4745855924
476.085622957 123.89907427
218.482708942 52.843960047
524.49147551 158.001856658
574.598571085 676.433317938
549.174182312 133.796311478
262.355909801 59.6062403293
324.5403217 23.4741741508
499.253680241 102.082369244
440.19630454 100.511944261
525.486720612 99.7098341223
534.742393388 188.946732607
555.80504449 617.924448662
692.706089047 382.816073958
476.407915916 146.662017239
421.255597963 129.233268279
512.371463241 177.382861853
511.39178477 119.274787656
546.063059421 90.1968560602
220.24165596 514.406033842
158.566447323 51.1829028139
534.188101306 641.859449355
503.980138821 70.0670154096
116.124438014 84.5664236518
477.832808136 67.5301658246
339.875417129 40.3333985166
507.808090941 430.3040092
163.44348133 85.202983644
301.04924662 86.4599834294
