623.825550175 688.56359878
596.721187508 680.673427306
771.730888498 510.883381484
784.087586675 623.104917128
627.248523306 655.70472145
100.322125028 270.376361032
764.870975563 322.119932259
746.519940858 152.132244793
730.3919084 684.710937291
719.566070098 578.97461158
604.67670622 736.588521827
339.209504917 719.579051899
665.704725598 679.570404302
753.293941456 532.000008416
671.7623896 659.734279794
736.065273114 651.811063155
360.769915634 760.45283571
714.320048832 488.361654714
601.445295031 189.296710159
762.909940219 667.467112449
720.108032793 130.177318899
761.285137091 555.610779223
767.25839398 381.799225929
702.743065502 709.912067139
422.746785905 707.185622712
737.414193031 319.943551991
761.918794136 571.95083277
724.227092829 148.793558703
777.648846068 584.530759679
732.80227909 619.256210335
697.787729712 128.283330734
768.620305583 612.360753438
756.126999151 643.115310358
620.616700939 715.411302614
778.328723847 656.009434063
771.537516968 472.801219052
129.564295926 252.137214691
756.143550266 685.162708177
529.366276354 725.38214395
786.64319722 603.217160294
762.31429499 356.824677018
623.024247261 204.245645057
748.659766914 441.793690182
469.897310258 713.971685212
737.46320048 127.094490807
179.12449353 681.618288768
713.622626835 698.075266385
768.572697238 620.392893268
745.813039975 670.504242059
764.329853921 596.61412845
742.270313183 457.512554283
735.094403904 430.223856767
745.873872507 566.913037052
709.284826759 686.515480799
656.206130513 686.936630942
697.71437927 677.25014826
576.310504634 720.415945072
564.961145695 696.503310545
664.780994163 703.233199027
725.321330685 111.155266494
772.985482858 632.202013188
755.982473517 619.487648306
772.633047734 540.501377354
560.352616475 675.262777217
377.01479233 700.816608724
738.812030532 598.89445944
622.654056027 669.485724325
721.078410474 406.426854055
733.467690871 382.952036191
110.202546461 247.778896039
779.804392394 678.50433542
119.22996624 277.067484332
378.472554201 725.169742947
746.067010934 414.771051504
713.955026 458.585096076
786.054845639 664.266961516
723.423791479 638.071673895
777.987866223 562.878150412
445.409069652 731.405620308
699.338863097 99.3689889012
719.367270922 171.533319043
357.480232972 731.799953308
726.42562712 534.170560555
330.330562953 745.254960096
675.652853382 691.697913118
787.722423786 642.66524314
406.168690446 733.52945746
739.988864612 347.430405444
751.787699656 485.627919905
734.04275469 571.02634296
787.343950605 629.576249434
708.182279857 429.833958212
634.485000863 699.045237541
733.023019312 490.188543041
715.577655101 347.379242023
314.418100239 717.807030367
725.273300284 99.7508801675
596.451071833 698.825639176
743.821119084 614.813880419
647.084809549 666.049355329
