629.428535046 559.049215731
558.927786705 652.963948802
214.756327781 652.86165723
359.546464865 645.783673902
516.6518077 688.305911415
320.354399869 647.134227134
397.459885321 248.837355315
705.545764039 532.103052547
729.660170989 486.850216778
538.749033217 717.587366575
623.631993955 607.7470691
527.895735073 614.326225475
564.025633818 581.344566802
551.229954895 690.676702973
395.32544256 116.032647297
535.332261167 700.920363706
557.355158565 700.852386012
613.910729345 583.426926317
112.005703927 647.553558806
122.759199037 627.778936418
540.217553178 655.647491662
593.888048216 581.756473091
406.711867046 136.840155185
393.36358527 186.325793225
474.267745019 641.336808074
459.269403427 677.802911861
230.076855487 624.007142054
676.007825693 513.37765745
429.105296341 108.043557336
468.481331148 624.984471179
405.850893249 161.188553174
687.571308678 558.046830796
117.43233478 587.648048104
99.9804514687 628.772648471
549.055693893 577.334941048
101.194527036 601.144732887
573.10782147 675.307426417
433.081278643 248.900261142
262.746862894 659.019680436
507.268373235 670.025514253
298.80187557 647.886783679
536.398997349 590.921749426
416.134077279 208.38884891
417.081313873 650.726508955
152.214892689 619.897123133
669.106852261 556.954484316
700.90524065 463.53764582
396.96101485 222.623931967
619.659400947 647.200701773
243.237987419 636.707092746
513.380550333 617.64664766
507.592093917 711.478680958
185.779903358 606.909240674
312.166844635 672.277730897
437.172608625 226.414528527
553.234972105 624.415698874
590.914901266 677.307106939
160.759281596 633.049960066
424.989661689 148.303545465
530.857997151 638.84055414
665.461837696 505.663457075
572.289066444 597.907739899
612.573729214 538.274726389
453.724592242 641.70276176
291.471055939 668.48651732
501.256601155 651.289259491
456.246488472 139.048337179
405.436516433 660.879905508
188.000730704 628.747545606
581.737231761 554.849644116
709.588819993 500.299550014
516.919133763 725.686385225
663.560151593 457.173521653
509.795003285 700.27889865
336.680355263 658.968645086
502.640173374 691.415108445
137.159165503 630.283178903
266.258404953 566.816594139
663.439205293 521.24799219
686.420951648 517.924156891
690.605991253 535.020874635
603.534771451 641.107481905
658.204057315 488.040412076
278.585223754 627.193620705
609.651326195 557.323164919
135.930664757 599.519694194
451.339588861 655.15949514
545.636594185 677.976730356
523.572519639 677.25093531
305.327622451 623.279875157
437.129800936 182.063050238
112.780522509 605.489001378
701.249243619 491.403817348
604.045588316 617.681279178
590.439461551 616.662681581
703.038917349 504.613547924
481.170018717 669.43550153
653.626182487 537.378510463
686.46761641 475.444919424
383.101339394 661.477942943
