554.940129234 141.152395054
481.914067599 126.260510249
582.027057922 172.410597685
594.655510987 286.009173825
111.657052616 77.0064730251
479.808472121 344.389132186
460.845298627 324.678652833
568.344653712 99.3253121125
209.409433718 130.3401616
190.757851237 96.9391578608
429.403700833 653.947788551
547.840077289 220.237578618
184.983616328 129.185860581
440.257278522 660.675413166
143.246293801 81.2738983714
449.263968945 396.860167779
571.832186854 186.390198139
169.863962572 66.2094748039
529.927313945 271.564257267
472.496800476 86.6066538535
487.924439504 207.950814754
618.837944104 161.229115491
580.197222517 198.698435864
478.773767053 523.168460961
611.824548348 118.006603258
406.866836722 425.286455315
645.783968006 88.650265031
473.108851841 176.908524618
686.503028016 159.157136632
434.393662958 269.201031559
487.906956686 249.496423335
464.21319188 598.463851651
531.22660515 360.674429042
442.166635974 544.581269277
661.597100533 197.214176927
484.639040457 448.756448235
527.672594454 105.365194232
389.986649259 249.380785398
454.763934105 481.296007325
697.49469159 190.127954103
385.551325749 104.956965371
526.998800318 240.491842484
456.622229468 263.44953734
498.731758382 376.387033248
591.336711664 75.9335773483
449.152417771 676.312761192
210.75266165 620.653258457
645.524304817 182.204821829
459.201038758 649.305415646
679.210249118 213.945201226
407.748115651 238.211332333
447.967094413 227.358003332
431.968351397 240.876538639
149.42507986 132.171330689
555.730096468 278.83147432
163.288429626 102.813489975
423.767617861 594.180000731
506.837967507 163.273937168
446.499760733 625.238111859
494.772677548 96.2507772676
616.076299374 207.25145457
428.081907095 443.958294713
682.793913063 179.398380059
453.006773868 153.719289165
608.444224132 91.0225695474
427.079375787 410.449350446
478.79865239 141.015820547
437.663069172 196.323005209
471.54537877 215.749845084
486.542575056 282.852955815
443.120067161 443.321909876
501.537969085 324.229541251
510.680188161 126.810112027
456.70250523 420.8142136
388.793429936 208.24320704
594.538159027 236.509728981
104.803478035 125.087820173
662.035782239 146.995842018
513.838627597 176.627483369
288.370011612 241.276151641
503.459787328 209.978983625
561.846050967 230.905463534
417.050683461 225.841293911
151.74985713 49.5766297608
125.040473138 119.260759498
642.361942919 227.234932693
529.579027138 324.818799535
460.08979502 232.496582242
481.301940964 411.82502841
409.823058315 267.26135134
623.470516447 186.445494926
407.514846914 198.490327673
428.790708966 636.787870298
227.766352384 628.394156624
379.922752057 430.348693472
471.26358074 370.730001832
534.366029162 74.5386464413
431.490407775 504.976313116
133.666231937 97.6787758647
101.939092995 94.8556067157
