684.689735933 538.796615604
705.345051944 491.541962483
385.798334015 513.740922307
472.962905085 479.956419107
549.057540243 473.566939147
619.464356877 497.196472601
670.053363051 419.446412081
640.328153998 412.106045501
406.574969851 477.626118096
112.498482467 409.521106553
363.303223025 475.359115378
174.359066284 474.5532603
644.457896409 485.488202869
99.6438473119 485.497231102
148.294257081 412.635395245
271.953901761 459.888988254
263.727185584 476.661739162
232.3238792 453.288035643
727.972075391 489.91452053
655.908267442 511.263278814
664.748896429 430.814508402
120.055584703 485.761685654
684.449537145 414.873522506
184.264768124 431.145281437
357.762830942 514.742914938
108.056137996 422.569289577
673.889913899 392.038183904
635.263335871 525.925867506
661.279206318 445.355390811
653.714267244 404.886199678
656.725523084 464.392291022
434.900040973 476.704978884
680.038548704 429.994682086
348.672302098 486.508063401
664.957250567 500.822470461
696.043696309 549.133710513
325.827743538 422.573649057
609.402230899 538.434428574
694.399221269 428.042041727
674.756694803 476.342136404
598.245275867 509.199663708
732.230112483 461.683644923
502.256755012 460.99683489
460.83506393 498.461564152
611.25678874 466.600288331
673.348258039 498.484621511
211.110872868 463.779050423
711.531692187 473.830039344
152.176013448 490.887960263
431.159047978 503.774072667
479.119405216 446.682477874
692.737025352 397.195814429
664.986074845 458.742068463
292.893417113 439.342545517
515.702377896 481.329811248
453.248315153 451.151937758
117.918159646 463.235406834
678.358278061 489.035208497
273.415652905 498.845814552
625.606146842 430.74759292
139.349849502 457.177675762
702.276480052 515.748729118
687.395570203 482.275028733
677.752009937 447.939625488
121.440658107 434.785252128
685.416527272 513.645653126
620.76574055 408.770491296
739.918550452 514.422187242
649.521419802 467.849011461
714.23942694 523.291833743
243.413447115 483.585592637
408.362672047 445.17916272
722.449280634 432.032633796
100.398160443 440.046887304
585.987525075 477.778222836
559.126115082 500.333000057
213.312670004 424.419201773
688.046871487 448.07242177
704.49248375 406.504099071
527.165108939 446.74756535
739.14406741 470.047524455
388.561573039 461.503171801
641.89674352 430.058599324
345.086665562 440.854373225
435.653278305 431.620234053
315.568915074 451.315348482
159.162251631 439.318254935
573.631610188 531.548812352
100.176899409 452.261728294
340.094680286 397.235338634
536.683144267 511.766003912
670.924600254 517.966334248
229.639289472 498.704631752
634.941845774 443.684580033
501.062877251 499.809723826
496.00296931 517.043548492
704.931345973 449.463047424
312.13328707 481.36005899
403.784505313 499.44730878
256.961946633 420.551992736
