459.94235509 661.978660383
414.238696659 449.700601088
448.209387293 624.670129203
449.0734888 604.647169342
465.475164148 278.556916836
515.870853802 652.863430473
714.069234441 680.843464284
682.210904292 682.045049043
517.84352838 695.054637792
402.394446047 686.089774855
467.708068298 705.137654179
130.289295392 709.189250229
467.480619364 691.19195938
427.856202728 659.622987179
603.760734322 687.202672395
408.165586717 657.461206798
429.757595165 699.316663532
635.367864514 486.669898371
405.225410443 480.376259714
357.997094345 677.343604741
488.11061704 125.073364728
635.111721638 467.454066331
629.649174385 692.914484255
422.478778084 603.778437608
149.35716656 682.372892653
394.387816011 579.840460676
484.833720941 522.569960338
507.324272864 543.454401323
607.879691438 666.798467096
109.63433189 706.950518841
479.081194335 650.306099364
450.223251723 567.867505804
517.053677918 129.923020666
416.65778656 540.077972188
425.309310932 708.06761455
322.648702176 691.868340501
490.275487239 260.042807744
505.876988911 692.053809433
434.582126622 417.285956828
483.560878174 245.552731509
480.291728465 627.200619502
512.604526861 107.888453992
610.884414535 702.407636417
259.680966716 690.239493948
423.100516691 587.989442815
543.939856709 684.963116543
675.946713028 663.353603548
473.673937676 441.407153213
450.972968255 521.038789824
485.561192593 548.841543702
293.943938423 691.345027184
334.869843974 671.048284703
431.136365731 380.128189178
507.480822402 668.433408228
647.308408046 675.775857256
346.601900613 694.501732555
393.028379707 661.675489664
441.848274935 482.647777381
687.819970225 700.239611124
498.179894028 93.6896636548
453.067136274 342.42696219
422.491516591 674.3949801
482.630411826 601.126384273
299.329305046 672.192593693
388.715044689 633.207278205
136.038208835 721.571324024
711.959330436 692.545876999
118.557085021 670.233656841
444.566380381 638.565589409
490.055074314 685.298124587
461.980326776 586.800489311
454.08617516 697.595499344
484.638952911 315.208688384
390.866132361 595.651896511
464.369026067 546.584576193
416.528849069 611.975466782
154.301664364 707.17957246
467.11127792 319.256979485
459.200316472 395.379730326
562.960606169 671.783567608
704.740773574 668.48741614
430.653529071 689.771496604
500.36224849 277.135732773
474.903019449 508.584393984
454.440297506 678.024776879
434.757472048 566.709088356
99.9863996883 689.983105455
501.718522939 141.087566403
408.59711285 630.050073928
455.049165029 305.401838436
589.28992579 675.475870452
127.112182074 681.101157935
518.393553915 317.842024423
428.829862047 639.327201186
494.948693191 107.001520649
497.354665218 291.907002955
409.863241575 410.176045345
490.178631762 458.92627329
475.662842472 360.558443834
413.497329574 511.710491624
