570.935933376 344.07325429
486.520098916 265.336037101
636.838285276 192.118447449
458.206958446 262.320846769
596.810455517 413.771486112
478.545756291 286.601008046
523.873943473 463.072616939
567.715924131 498.997500609
641.305153948 174.357488925
499.744381424 124.979944217
540.100448197 273.53577278
659.52442195 356.546593394
539.555287731 153.808289302
574.754235178 175.957572188
683.079849904 223.178123517
601.269238475 137.209012313
534.664301014 203.558751947
649.143775982 330.427378907
623.947069121 232.934118944
584.442561133 262.110800953
645.227694194 100.691994002
565.72859035 138.728132785
561.195313893 422.790854204
572.430379092 108.279175691
592.495191275 184.411180701
523.717798735 118.781080554
676.705845698 86.5477543061
611.863125716 275.232222239
675.032607529 312.591308467
534.997181891 428.613275665
510.674961477 260.082466925
515.42762032 176.913076563
641.400047864 116.088569463
490.458502379 164.840357059
586.59621364 379.527266225
561.94219061 389.894966361
607.367426689 72.1730124774
537.435476775 392.577342952
530.622882264 483.141034174
654.489717517 164.271890888
275.91209893 540.122014996
653.690695252 116.169356367
632.583130439 138.391138287
610.422567388 332.96219534
616.386716711 125.634801619
505.012961792 95.4880710005
594.164967101 121.612558932
682.09665779 258.909006669
612.474316958 170.925462371
582.493745245 482.327471015
640.368613535 55.5320984442
539.080879188 449.561503043
616.28174573 378.744343471
584.280880235 106.374302998
646.722060209 259.563146509
596.264019753 451.141404823
593.967886716 105.14847977
573.612438977 209.198592725
569.871427074 126.028530172
494.139886312 228.970720293
232.521977191 633.163722529
524.936296263 233.576962614
631.133545648 341.622723588
668.421030317 111.638802954
650.404315284 203.816705221
578.833448397 349.868657302
651.678110356 93.5203985556
648.657185374 275.153348081
613.454954661 215.52607323
604.87004553 350.48797147
657.925341361 294.909567898
618.544755911 111.585639747
622.561159914 144.921678528
470.982581854 151.856433174
505.84709716 190.076684572
568.968943522 241.402147579
647.015714776 135.332288888
593.821711713 143.458168605
542.915326411 465.882857061
640.656113789 76.5686856742
635.057429834 301.495293564
515.638909051 290.501393623
504.179062715 203.315121092
605.250496515 152.479724964
615.611896649 92.9253939071
668.227895784 327.218096058
671.493876214 189.858039126
570.429654508 285.754612506
573.303796157 152.712383035
606.0855638 138.072199369
603.268290871 184.647212262
543.732185298 297.662939688
559.884748963 451.527357053
552.794773429 199.060046571
630.336394792 201.912414722
585.989495593 197.915013596
656.9601023 71.0563856936
660.177729109 227.081362932
467.897939084 228.203537072
589.256777178 91.6948482513
