165.884369673 730.452118519
703.232452421 777.321381961
655.133228755 740.0789883
407.251254081 650.879577044
705.981774922 752.201756507
145.590973092 734.975269154
483.124982244 270.719571768
621.482046424 759.420860971
141.058747779 713.390582162
446.660289378 335.503240958
681.839608901 737.555616762
311.163322345 658.27199497
458.223945576 683.462701865
469.496746336 210.780131211
457.462025079 144.319898992
464.174085454 698.673553333
453.593408598 240.700629442
311.664626948 681.885092567
461.462960616 264.901545218
438.130267638 257.106210784
451.533133343 219.063838899
445.564720541 291.199028389
353.269161434 699.288963753
491.297771233 609.308013553
656.431997454 94.6802334874
378.026822924 638.161802969
372.546455474 463.682427394
520.536833571 622.778947876
425.392333774 283.147165219
493.469414958 629.116674847
466.681081091 612.218173628
121.123379658 726.469254229
431.883745558 676.397834609
207.859999122 702.574226221
335.523219623 608.867967971
456.125786834 666.804760779
327.483619504 625.655706051
175.955363923 746.529465623
404.983716048 453.874320985
443.143249166 614.422713026
436.082301153 724.979945853
539.973118815 639.882196945
433.76270128 351.393491526
457.770999297 648.163871394
672.585923176 108.409718827
684.768504747 764.795093438
387.072089611 329.627932796
414.602287087 350.59804886
426.923556934 173.733718092
433.506725668 656.408612455
502.105304137 652.119152531
423.223340399 664.293144105
439.96287524 709.823912758
445.692740782 698.199074859
475.214101688 688.436124984
524.312809451 649.006701444
667.046593341 775.95001749
485.301302974 643.290990216
449.341670564 156.57674419
623.495961627 736.229185906
431.428004112 436.633714003
199.485041058 725.150675839
439.77221066 463.959699661
436.601995237 212.603525247
469.25007759 708.81269578
99.4535076664 734.596556339
458.711003286 370.612556867
414.446422238 705.978393782
117.557889254 739.695811383
411.25644507 609.45456181
160.41396034 707.481719974
362.330094782 648.601293521
375.644161761 668.811746735
387.33510256 652.423361964
177.25626644 694.324174166
471.619747928 722.406670396
367.651946798 629.413598091
434.019125466 626.454270181
438.531317597 684.283363156
476.716921348 629.800087341
466.900095289 182.648202941
416.838075113 478.764148719
343.848903759 659.007195723
694.011982849 97.6603412737
478.704642408 671.581182933
434.66256677 692.568333017
486.858872538 656.496994194
355.697696951 674.518723563
646.60371525 752.468993029
316.40104483 700.179418737
144.766509904 745.028228868
432.176660835 637.972906034
243.206727725 721.83136355
118.190815689 706.665380662
423.051591572 253.424603232
408.145111865 680.59978335
443.653996004 192.788162782
431.022599141 326.689513503
426.160417813 217.521779381
676.86504303 86.6294585518
