343.883910802 450.439196153
375.489234626 638.45678933
122.582742259 611.2371448
209.932979208 518.317502142
161.43671909 730.674279702
210.726129983 486.059473611
45.6284301138 177.924892777
703.36252712 692.028327034
407.855102365 361.397654772
340.420433045 671.198254543
489.841754295 690.391976713
263.050504742 556.074853441
295.465344832 430.188969565
343.920583886 639.086482978
35.9990664084 100.680444165
182.364409551 749.758115921
361.155815794 676.93620391
466.646502171 649.964274958
86.3466157498 624.247994634
104.759109934 595.553968453
262.93170056 582.532664197
441.102920509 627.262468122
47.6911026696 114.538326185
36.2992620125 146.369824732
267.975698591 360.663300524
234.660660873 492.769155104
170.689487741 497.054532664
350.529689091 404.994676204
69.3846803027 101.034181881
268.269525598 343.665299055
47.4506505857 131.468867923
709.48539376 716.717235321
108.625636631 543.313967099
97.4619947701 610.399917024
295.899880096 400.109906105
93.6966546887 562.989470093
393.126271475 677.209650164
77.824190125 194.236186898
169.823428156 575.361730255
253.349098729 513.618155131
190.456119203 507.500683929
290.234727155 462.401941752
60.8556349361 152.547294478
183.14840261 623.160458434
123.548855266 594.012347086
693.325133403 720.065512429
374.1868736 328.05619909
42.4982461671 164.307232866
474.953045211 728.805734533
167.850733577 543.343215258
277.199914358 387.423493016
154.235823077 722.929119129
130.897518961 547.775934721
161.542653526 610.971799753
84.2223683716 156.626081173
281.898305653 567.701789183
428.758482496 705.877516072
119.83103889 632.691880185
66.1624195527 122.902536083
180.403742019 710.865205461
336.314914082 388.240149858
408.870778482 633.055881394
329.653256042 425.725970688
239.077232407 377.187814272
131.579871662 657.662256735
256.697369019 485.800899724
97.0725260161 122.719334231
130.572575141 688.112381235
142.702997084 572.701749142
427.858877733 599.839261283
381.472483605 394.197462515
161.427590022 743.626050718
334.256406553 324.397731258
155.801853967 711.110627247
201.575145817 555.180269836
244.235668536 546.788515405
108.46820012 654.012557784
208.974234759 425.743277976
643.946522201 672.566861437
680.00928817 679.654451062
683.294065071 711.083403151
465.098495619 709.67887799
326.241441971 365.277149749
175.507351799 476.019598549
324.917436738 455.832018589
119.664601455 559.54339644
248.064513385 420.267919923
193.926800644 729.351622366
168.816789404 700.099515958
203.697384599 459.716344843
81.0741656972 132.322895727
113.40742307 581.647962727
373.724997619 371.318877042
460.821897948 690.804093194
432.093827155 671.466699454
664.587266916 657.975467788
250.344484985 456.393447757
660.020415288 697.99583347
358.213411738 350.173576398
196.59362283 591.453005733
