356.242768164 500.573383029
260.683828486 446.508226774
415.25353897 394.938687546
373.085691726 559.204533767
436.856081592 615.435562063
345.459549977 597.217908479
334.749594272 481.933959013
424.76502313 92.1195985342
411.657312737 122.605170528
162.575262905 456.832927407
530.871876701 446.298742448
425.562905871 576.735372943
148.648843589 488.245492109
457.778483148 146.949580577
447.28511255 201.96218812
278.29698849 557.290769868
258.110693577 494.965235822
169.477354722 468.530054567
379.996490585 524.972624406
369.564303297 461.941708666
417.14180487 412.85806768
429.149367958 440.709275103
221.998702254 445.343901288
438.978830982 110.65588152
423.991339459 270.930635361
408.484852309 192.298407464
139.289730424 455.855415967
317.620164312 442.921282181
239.103696934 472.958146926
466.514379038 113.165240055
349.69626764 519.885747067
426.391187258 656.228326553
356.799522457 452.912136182
412.971015248 547.697611644
416.65301186 370.60584259
402.264394126 404.793708636
329.806943476 457.659045598
195.89197019 465.929911166
399.338050334 350.121948634
455.259275381 98.1178107589
381.448991661 615.51662398
185.648794063 440.756606903
491.761284007 448.020292554
363.392275905 425.434615506
411.735988362 433.456908181
443.229443697 640.244280087
293.617419474 518.330058764
220.091154375 524.148147868
450.383266358 125.909377034
339.94380151 430.041843153
396.562408536 421.876003417
404.194775194 452.343623782
322.195625304 597.218769882
406.220828486 575.110572437
366.016195239 631.82721637
314.23114608 565.33487642
436.439150809 231.388809069
392.771506601 375.336238923
459.079356079 168.065237229
458.473729554 670.742185198
322.254105386 493.261237064
456.226195992 607.855034469
213.354968922 480.621801215
150.487251639 429.907365982
443.457864011 681.595419398
512.852169072 436.140659261
254.334410575 515.898087883
423.908110949 460.544437632
471.669872726 644.831261848
486.041147386 134.651652177
432.758487928 324.888858096
415.035874388 290.427058751
439.858185997 347.244422107
481.389656142 418.59279172
341.117704366 564.577225342
179.058893852 490.444100322
439.451710856 299.865015803
376.794159838 402.474692539
411.840446182 153.746284144
442.771811397 364.121437902
369.80471284 476.148573782
454.25897334 268.739140208
451.923416358 428.164428969
380.690730818 582.862162787
421.309533484 605.727270867
440.378458603 135.673477844
343.494843321 535.606310205
459.412575812 446.666839958
517.058888302 387.374297243
542.365549762 411.438801481
437.654435958 382.273541494
439.046220519 171.446024469
409.700879048 665.045938571
411.597598079 319.766689745
278.659647991 467.415335327
418.749907825 100.416873676
472.578832314 345.643331595
411.450762342 632.038743328
517.272433589 408.720981946
495.34427682 349.213716349
