300.758043676 378.33682015
271.812291194 572.753440887
328.522285585 320.450615854
313.062233893 582.623550451
169.501055681 609.393553588
141.267547253 573.906388495
372.022854676 185.823662615
334.398889213 517.097280035
337.131560239 541.741463958
142.867707484 525.192624314
587.758520132 572.845893106
302.179760825 673.034159979
117.780289835 556.195302237
597.527717236 517.842401395
539.804401781 539.6836623
247.427690124 510.289531729
297.613514587 628.114370717
190.763937365 558.055449139
176.560637475 505.476240945
361.697899233 161.539242068
322.059133947 512.745219441
336.403822302 583.871230161
221.956807285 538.383741777
550.667331522 503.474126424
367.17549964 515.147702218
371.29071447 341.057792931
124.354941769 535.270595306
352.914270066 185.980575648
258.772853782 581.437336547
360.291269252 540.46248606
282.665084752 495.621938845
137.406107164 588.782774794
343.879731971 166.577693649
260.086580866 617.53933373
344.57511191 394.784613694
376.640961349 100.929902253
357.443471269 208.374526113
233.594805167 559.336816258
347.582626616 358.217228914
377.84005651 534.683430289
204.150014705 611.377586922
183.564366144 523.48292382
557.626209851 579.193655225
343.753774924 125.624835183
287.16805302 521.701108827
146.46005783 621.621931529
269.190280689 525.661899049
200.147966406 575.256984725
554.89524587 523.032026743
361.702265352 142.277108323
384.884060894 128.101989704
295.641633467 506.738315953
290.675581847 607.996183897
269.793837173 637.821788556
166.5922415 582.615769978
258.09307774 544.490559637
337.263674064 450.823790942
397.816597799 100.496098112
561.987301766 540.059180213
261.932075671 662.266892273
377.576192088 225.922057121
286.790184505 664.451890646
249.586215658 591.748961713
155.052206112 534.193635901
188.992072178 632.837082487
539.351051555 557.935405604
298.581309085 642.89401959
214.628474802 506.934667797
227.171755905 644.960489234
601.774851176 537.736311913
369.815243257 266.932587084
455.774175872 377.444032303
326.469215961 345.507126162
395.812836855 536.018769575
328.461919416 616.044166436
150.529995056 552.431250566
334.891510346 374.36512952
361.59813365 101.090588496
334.336945374 498.16801163
395.547636513 162.873093256
308.002799258 349.614664512
313.660758682 526.675613179
501.228771252 688.18648726
225.412844709 597.754683161
229.9915596 620.882937667
572.767181675 514.198596421
292.354946674 553.438396905
521.667148433 681.919638124
327.144434424 548.2974674
575.990204602 546.921075778
306.644129143 480.992484862
373.064684418 555.335702332
119.96516505 596.834468995
439.611109731 366.712958913
295.026071291 587.315208762
351.521569701 521.431998972
322.634656333 397.206973492
100.488350957 565.223288063
358.199584904 559.65724662
324.317975103 491.936950845
