313.180906157 304.965298766
244.990431283 214.039575101
433.30000877 154.079167794
216.455719689 198.283845041
400.734875101 351.868345744
240.540424043 241.44596524
220.154780132 418.28151477
265.084265477 452.625872661
468.919555257 142.182532483
220.960768985 122.028333948
296.873092525 262.341526638
673.660670241 108.927668494
256.514454311 115.915440813
289.481241256 189.091085865
734.226391594 31.488470742
315.729270538 157.120922788
259.361602841 175.169713454
684.664670601 90.7298671612
467.431510334 163.561526838
353.394922807 263.691129756
367.721028345 145.542837519
268.966210405 161.904257922
261.702193039 373.528012969
272.275283371 111.710835511
320.855892299 240.86850007
233.712710498 116.543144784
507.387941214 98.5047375019
659.237088825 78.571910883
726.534544379 83.4524806824
231.939889861 387.198625246
268.377761484 248.913202847
247.588786106 135.876170926
364.923519371 167.705138266
219.81693674 144.834942909
330.249295503 320.11331813
267.040698082 342.568375757
330.082502283 103.013044509
234.884373017 355.950407107
225.614113305 448.559972283
542.263093767 98.9579211758
269.085702245 534.794249245
389.79162106 141.932833625
366.923284138 193.167293167
506.657970156 207.041861892
330.678671785 163.361671302
226.734436917 101.779905249
308.282332606 144.513961128
734.59149158 65.4261061446
340.107226534 197.629734277
280.936007051 438.335951718
397.848708098 103.689070515
236.400512765 407.173374728
361.905898405 299.610079758
294.825827945 116.97103552
703.200915863 50.8164790279
301.210628534 417.225472567
307.08601267 128.615340447
310.033689471 255.928974551
270.151767234 134.53449449
239.672526996 197.473250002
225.103024487 635.425003959
274.154888214 231.593596028
600.100822169 162.63909827
470.363990431 125.521743785
691.030788856 41.5499073106
330.542982688 305.489319535
415.695886838 138.81620782
715.235210685 68.1032848556
357.712425197 247.540559888
376.991816186 280.851441342
706.556621891 79.4351980897
329.964840973 141.795567731
365.30471254 220.856363266
193.733820528 128.244875537
241.429242971 150.945167409
324.489715956 283.503835551
390.531599506 163.583456556
300.585290668 180.449198502
238.464417842 432.772611829
398.652986193 125.705423622
691.032584559 71.6678555919
277.318529964 277.618668
238.833443423 166.859082671
320.961802344 221.774276865
338.864261813 132.562821819
713.997259359 102.182213602
715.407073644 37.9430821005
342.447214606 289.454479912
283.688871821 148.782945062
325.685907246 185.395640307
340.125149068 223.827192245
302.013798686 291.980515066
256.541508771 414.844479489
278.472088013 214.670604403
404.362739993 175.733560479
327.356946097 271.194433983
429.570308541 126.519403398
718.526433972 59.427794321
210.360692723 167.423346632
305.697684162 112.642658193
