317.004631861 277.97569123
613.354434974 337.917436062
279.899679994 292.172620568
581.724276871 302.193743025
423.316059321 319.38398361
101.466787025 302.130804946
190.599266471 349.374764102
660.005533691 146.577865861
457.849779081 408.636158016
284.212983971 240.362240859
202.430026981 306.296273309
372.597833432 315.750890369
705.480004462 153.306646315
633.013533513 350.391320014
466.636460685 385.094124739
700.045748129 334.91175753
664.366913631 316.680229791
493.330501 358.696265444
496.884360069 389.243951436
181.370889082 278.945079671
666.579602753 371.251349765
655.39754031 344.034458094
385.549018193 272.521993261
727.358922764 155.244928352
684.327507509 123.291577267
680.874562952 152.377273012
146.046295662 256.834869591
665.132987914 161.889921366
590.048914852 350.760778576
242.900460307 290.710534618
99.9315956226 331.985222274
685.123048186 165.10522059
656.607265006 109.224278382
455.686153761 268.814619875
279.669704009 264.86741262
252.653063719 254.188192554
534.622603731 314.103275971
108.559014593 338.688424841
460.895340139 290.099323183
114.854911363 251.466116835
401.917309011 292.700255759
341.600249528 299.306043629
669.809270676 94.6653907307
677.883552616 327.451370911
700.302309522 349.731601984
685.894354159 135.891649689
604.599589126 310.142301308
559.095552881 380.593916696
699.051254458 239.257805155
716.542945227 228.641197976
554.295604799 346.915853047
356.228965585 273.386038373
369.879732855 287.516471701
135.856758535 277.763510973
114.767922151 279.189064643
307.967908041 248.241337193
669.516633659 284.691118114
170.381896357 318.852282039
342.154061281 249.130942243
625.473733623 313.192473856
736.721717048 217.441012235
122.656979197 304.138266858
698.882783239 308.205316876
517.82869786 370.902785165
694.181725006 106.197272114
429.916427212 273.303838118
239.973050076 314.969099641
645.768892775 314.546582863
707.518586352 123.706624169
521.851942098 344.353774268
436.94347754 289.370573252
708.477280261 316.096942655
675.940375719 107.994042175
734.225084585 169.099740894
454.721957772 359.381096916
690.010329439 93.7365691537
142.221942848 338.537845932
682.87139766 347.737504524
707.483511428 202.907039663
439.650358177 308.427254503
458.299729207 331.229661885
127.980914432 315.86209243
573.196694673 313.217893661
154.465973537 294.278423248
685.19405614 306.973534866
476.11269708 366.772574005
709.346002426 134.55720022
730.999191569 187.36526137
483.477269033 314.243744211
684.405121774 202.626459091
667.865575816 134.447998539
694.943383856 178.487578691
658.382166811 175.593577434
623.047637691 365.612268992
214.601970231 328.263060588
638.099188543 151.132872033
470.504559009 393.733331884
494.597316706 326.439753264
103.222953595 312.764176948
520.879328 292.906306677
