473.528462972 417.113090226
495.996757184 466.716274478
687.734232943 598.016258327
393.816124726 580.641197281
634.271020759 623.599175215
266.807987619 630.803864173
432.264604644 473.196155566
524.189373602 189.846718329
499.205758711 199.560855973
705.426092099 563.866966248
535.946417903 478.204814026
477.931977096 452.984818737
318.047563229 589.564426857
472.723155767 476.813031258
441.52020025 424.618636377
650.352638641 659.913132598
651.579475622 538.053223611
500.077508441 139.213712277
523.301407411 565.731374911
601.593086961 569.075716419
497.026986179 484.907180371
506.681459974 113.448370634
430.610579972 482.250445869
428.706428898 454.528234261
228.333281707 620.59983468
353.032823409 583.92205225
203.89826985 675.041950033
482.80148857 340.307955506
469.859901979 137.129938845
314.183522417 546.402474918
448.907698412 442.933485891
579.896053255 481.33964215
474.965418117 568.743912299
552.216976184 562.016315519
252.7918701 617.323434868
448.597449438 572.89369525
506.008806209 499.00784519
169.148330873 625.591744202
570.532487923 529.82655229
468.37816839 432.634471387
239.530094709 656.957709901
456.848722263 494.600816426
463.064113944 399.51935455
662.114147186 576.596025367
635.722442919 565.964001497
606.645519971 518.357416316
436.141407536 505.495290602
428.665077434 488.129710522
494.447710649 616.376284222
524.033858735 513.006854127
191.95988067 629.530677734
418.920906732 542.463718402
453.218369393 525.905585151
680.658006832 564.573949475
488.21031676 262.182084851
507.950412254 229.81749331
682.81996324 534.6097979
563.967369763 585.813332246
472.812494548 193.282586118
556.230950754 629.791386468
338.848272501 562.794537394
517.4560348 275.018543938
388.256284173 520.267504651
144.84244069 629.251582163
625.791846763 599.437443526
383.898272116 559.078914609
483.102686168 115.787534423
578.7973994 609.342202052
497.833239676 530.31453021
496.573270482 99.9393216983
494.785316418 176.194511697
638.383991253 640.927027645
465.504677418 464.118702815
548.369720271 605.212139434
477.368204212 488.274482843
474.117510907 363.140857198
535.37597708 587.544829103
142.724793186 660.910647324
529.90762438 152.336082816
516.164898175 129.073047306
505.296500112 420.992820873
568.032804595 500.271696074
312.367779516 560.375380683
173.321877504 666.653545195
485.590649867 300.516721274
542.742924828 536.272921365
163.811760204 646.022434084
671.156222496 628.529410393
655.7825514 603.678678469
200.866985414 643.920398867
493.668708459 159.687897365
504.137825422 561.403162896
361.171634805 535.503186291
499.052827509 385.047923916
521.239470133 304.560453076
533.88340865 106.53817694
226.060285204 637.376202078
506.475835473 330.111910297
386.529369209 496.138727471
483.364899939 506.450704802
