99.5092345601 596.193822797
130.737081634 625.838468203
110.739519544 574.635398971
447.904423718 736.169218941
147.095054276 724.285434399
65.2739793463 609.374854484
133.574089556 672.363789654
131.171397707 338.823104134
144.059079848 410.27405697
275.714009116 471.532602328
168.547249194 714.629275009
240.442969646 716.146931215
108.031777366 694.980335807
120.147826502 98.2807371156
168.69150068 351.312271367
119.926520557 726.388398755
409.198910323 727.10963753
80.1267595852 649.894764037
160.541141224 685.391569026
491.460038663 750.685982902
157.650723745 395.216578919
403.615960673 757.214923038
427.261182367 766.599144368
150.404080351 321.478554773
147.142311433 444.666587419
133.884249471 148.219060599
155.091609141 134.250848206
392.632783245 542.037536525
138.658904305 712.542437548
115.166093458 112.416801544
154.791326451 171.010988415
75.3622171717 643.735970683
146.129725628 368.535717788
85.7222829813 572.680619033
129.842904496 215.799064985
470.383841904 769.625702542
179.162519687 388.633131379
115.379302322 678.02781091
168.446877232 366.700923671
123.196117164 144.01053499
113.466735846 744.099849592
163.943904591 208.630222311
155.842054425 737.244233864
148.0586438 197.230511377
484.80902795 722.81937715
142.711863977 653.367777942
178.383198691 435.640575315
392.476364098 328.592052506
166.311870562 337.32833011
116.837509248 524.55242459
140.545591272 494.651034726
166.743074961 648.77104144
86.9192031686 627.380577957
87.9408901746 607.060412019
83.4646856199 688.909647061
120.706563548 554.08007307
108.592212964 648.992931698
142.296660082 129.09391813
177.952175752 313.013886841
177.418124399 690.769894763
131.596253804 718.384924021
225.211198072 700.725484573
149.739767791 514.686491629
178.175025649 117.102036094
224.834701503 725.988035077
130.915566322 711.44955384
146.503821764 745.08571715
131.514182188 697.564292502
174.815083351 673.220526238
130.602058766 165.280028763
126.820560423 184.502216685
98.8174518485 555.515453467
132.356493619 126.039534881
115.352936143 626.774343871
91.7583436939 536.888601004
128.815758067 736.614634761
366.141172832 528.811236605
168.252717067 100.473913539
127.793036884 437.399923871
143.294313428 102.536237523
174.013846852 146.89162652
155.028501663 115.19251679
383.681742102 737.404025293
460.019206731 746.054460808
185.607223033 728.307417342
127.488689616 412.92194821
164.832504925 458.150682014
122.812847317 708.89450265
223.333775668 565.196867378
180.044183496 700.514120927
131.117994643 661.119479368
420.247831303 740.954911225
151.714746867 700.007575918
135.142454488 273.640141145
168.067231075 700.740370103
142.072759072 386.818445739
188.20936794 194.560545043
88.9598545767 673.997815632
140.270900148 686.663401486
418.342895129 543.262588707
