117.070707749 605.759920242
149.39083922 633.035055548
125.572333666 588.035222555
440.055735663 721.173756988
167.081724362 723.702759081
82.873706312 618.845195947
152.207898712 679.559602987
148.569290783 348.687724593
161.740778389 419.612174025
275.197992144 469.564982923
188.519936115 713.646369803
244.236404524 704.829092425
126.563607921 701.291975631
139.875609927 101.568926832
186.622360091 360.171404115
137.271916852 727.016261318
401.862083572 713.653500803
96.6067593427 661.22554189
180.456652858 683.599930251
486.3037282 735.261118196
175.315336012 404.595347892
396.812701051 742.271370061
421.32039242 750.733558775
168.08165066 330.829322155
164.300059257 454.93727642
153.590096138 151.631272125
174.85099584 137.29156438
392.611534443 538.516098419
158.523698601 710.231228175
134.870043197 115.843827507
174.464940266 174.608935517
92.7085500948 653.662928279
163.520353506 378.399109375
101.714524031 584.627077112
149.456997409 219.699577252
464.975828337 752.623798054
197.504981616 396.600796265
133.795247275 685.792293995
186.582137484 375.125883544
142.686191065 148.488455782
133.126566503 740.443901439
183.496335948 212.783078708
175.806856445 736.058260339
167.755002817 200.668627608
478.621623207 706.072343189
161.99046001 658.54991605
196.468303186 444.177939127
394.281496092 328.472131207
183.25703471 347.950492411
131.398112387 538.263017085
156.703793613 506.430563874
186.426878185 652.130115067
104.149986046 637.503981978
105.611600025 616.421645726
101.153840146 698.221207303
135.270672585 567.768585959
126.406596783 658.058369635
161.905291165 133.031006367
195.986154421 321.659763986
197.133735731 687.43483029
151.409351835 721.069642276
234.098050424 689.167621713
163.749010634 528.795038844
198.115454495 118.638752431
234.393848349 714.427740115
150.889363048 712.443537221
166.464624892 743.888154149
151.159188412 701.263883125
194.595534839 670.481541984
150.051073949 169.884861743
146.261463615 189.170519258
114.330241683 568.122612754
151.793383348 130.751880182
133.293123393 635.61438796
107.575049881 549.105145319
148.779053124 735.432405763
367.547695655 528.477674915
188.203410997 100.801851168
143.99874479 449.119741909
163.279648243 102.878581935
193.73194927 150.234579668
174.914298133 117.326729291
375.994907877 722.075183458
453.272632359 728.669535924
205.452091012 725.822022608
144.350945974 423.676256956
181.488196506 469.222612205
141.922138242 709.860227758
225.024688516 563.410885988
199.79002281 697.358346706
149.823692732 668.001907169
412.829341348 723.54272596
171.577938132 697.71140349
141.342296708 275.395421409
188.059136372 701.275504391
159.504949094 396.622082149
208.166144289 195.819314336
107.046450662 682.530589243
159.966879739 690.129753755
417.853751089 541.11944799
