242.584629655 608.574908553
228.83706782 558.234916176
426.718600134 304.388314697
693.073135675 369.931747479
51.6486839853 390.580082626
175.913355583 209.252634679
136.610948791 310.956370211
232.772375782 123.171488261
89.6772690961 384.180177433
88.7073299485 371.939407448
164.779159147 733.560106844
211.144973451 167.384608325
82.5446147471 417.345272941
319.183685761 443.680805437
70.0978738372 381.430248687
132.560819546 368.308225163
236.320819813 203.765578042
71.9560937847 351.9804855
193.403904175 166.121019763
550.283934053 251.552417891
182.364336051 121.858326356
458.650889103 301.671990869
297.080336708 413.964186351
206.983913309 690.550509895
264.612901321 155.70231912
109.29616416 295.318402658
631.69743385 223.945291815
203.841380346 127.048827518
698.196216142 332.045028364
102.898649709 351.97087646
182.060514282 150.136083677
657.832986621 371.940683219
416.456361698 378.647053514
170.005980293 709.79324692
447.007592327 342.174863153
317.148165701 423.926967312
232.259890094 145.688564066
99.60004563 409.145130176
156.500555404 672.709100152
696.882608994 355.490465825
410.608762463 124.085333703
166.261769584 168.337858496
102.739165183 327.257516776
209.871021828 215.910743062
253.079508009 114.385903289
207.422629509 723.010567785
108.837088149 431.206742811
446.926786895 323.841749934
409.525643456 399.497935862
674.135884457 361.224318783
83.4435589406 330.646995415
81.3249116934 303.199226862
94.04705494 317.452822372
91.081718023 437.637509721
270.091379458 472.787356206
85.3680548979 402.107987741
149.555279033 705.821820369
215.633275934 599.884604508
195.474733198 711.636961138
213.792739153 116.13684059
401.460131302 339.771302402
126.055300693 351.230124498
651.492872014 345.734679974
215.595625058 581.350936366
258.862844391 139.766503124
120.484117292 328.781925303
241.864796403 585.655904174
73.9106818875 288.928232965
96.7577201602 288.629590527
167.650625756 192.364346058
119.051532932 405.776053854
196.061938257 197.891282012
243.813216619 163.952206976
140.994670122 345.774141868
51.3997911577 318.840238117
422.01991111 357.980385446
58.0254361474 452.985801404
671.552275878 333.619944139
239.04402653 182.719936778
171.024856471 112.167900355
212.816455408 148.437778601
214.877534871 188.199576515
69.2917183593 328.762235938
118.633892681 225.650060884
89.3399872794 459.052099035
683.819534089 400.956727372
215.690573862 206.979353018
102.232180406 308.235116765
290.26562536 453.202056959
111.068092933 380.441162293
419.115029252 334.172095946
57.2057868415 293.456566841
190.367116192 679.471136983
93.4734509182 359.95150599
159.926179734 238.341984019
193.593110746 223.794576725
228.729183597 104.891707032
172.031092641 686.859243015
68.1867830651 418.012883754
67.1767596643 439.67086982
