381.196186179 645.740988582
411.811641846 627.053656998
545.112108106 518.729953894
264.974736163 405.001094151
367.000735263 665.99466056
145.199399834 414.735430247
407.58598345 649.080635829
410.323599498 170.297188902
400.60347357 251.492441011
388.676925857 448.182920159
360.094704229 581.091766016
385.091029845 677.570167793
293.263756649 488.424519272
477.120301619 115.610681702
422.935474669 263.130395169
126.925396896 431.505435021
192.878012134 373.600218405
266.585468139 495.97143713
353.456945116 644.009715589
624.707545228 476.718464361
394.161380305 472.323302067
433.038264842 498.515520605
534.983158703 493.192184147
420.071008921 99.322098406
372.270738049 386.057522529
420.744802444 367.136249454
413.13311973 427.554148478
399.110864002 415.060529845
376.527838224 620.454426534
458.050820901 97.3451416838
220.048263334 380.156184981
221.161848132 455.253371089
430.384782945 237.189847983
401.633026845 664.774760719
449.705794506 181.637400162
622.856612501 489.72948432
375.172643951 433.825111556
325.770093847 480.307707999
377.174298695 410.028042785
453.918117659 108.695275021
180.033816715 459.136955999
599.562789773 474.221171401
330.708572326 580.028597178
456.135337312 214.351859335
456.472017655 496.898578339
382.288497263 691.384793015
165.2546913 384.521373938
115.015596067 403.980887677
429.60102387 120.53433802
353.195798436 433.354972692
375.519649371 460.372098404
597.243751404 497.936589204
155.484879168 434.204944587
242.088984748 430.902190981
192.376792173 478.103122327
133.025209972 375.147056538
277.844595583 451.045818496
428.282819622 395.322016175
437.264964532 148.586230917
370.985715156 700.214006908
357.325399889 611.240425294
420.013471925 689.847889868
155.172186146 392.303415794
573.617063325 485.547172179
359.666829227 699.454816753
339.279644516 551.721852245
296.017456505 547.750862903
337.307569306 511.527029713
398.703767203 704.462850624
458.795096559 130.139391001
435.142678047 206.911024776
312.660407804 445.232581616
475.79876087 152.754408853
365.637721689 510.438094711
200.054778403 406.166699941
271.259302313 537.454161326
405.291656448 385.872521618
585.908913236 454.54191751
416.295843108 226.01270727
499.873330033 204.968091745
633.136108569 447.807788994
467.175877616 284.586112352
399.352290719 488.59568111
231.567248344 393.757929586
345.697535506 665.604508694
434.511537782 183.51511073
176.531574536 392.61748103
321.021267329 533.266811999
446.916041483 518.361489084
380.024935179 571.060953672
525.252936277 513.261785266
293.829501744 416.825778972
321.441062896 630.478182466
349.576799686 406.034226714
400.709897305 605.245540994
417.050293397 201.046411557
641.257750016 465.860374226
183.356166345 422.347993063
372.647543524 535.245455865
419.952711585 452.17053681
