241.729102581 663.05411794
682.971495117 477.83392933
547.728558639 471.608317643
566.297455071 441.343806497
729.666685684 127.411576855
712.152737516 140.943453052
719.482686175 388.845734265
666.903525334 500.370368835
433.589374362 476.019960043
561.154210376 408.557364873
387.507548717 477.270145246
125.263024723 507.221453699
733.097263764 153.440499162
469.465291066 494.025011921
609.513254932 376.999948133
462.25613991 406.619474477
355.823789879 422.057395175
551.650646076 424.850252346
705.276056893 493.191553904
632.039187127 461.145987993
688.240552158 534.653398353
135.805681032 513.827716764
720.636567756 405.374886543
582.093653274 393.639228302
189.769817842 643.727087318
528.798788111 414.846630512
712.642299287 446.310424395
630.248440002 489.419630739
709.964607402 552.543871965
759.701283598 127.023760894
672.042550324 539.854156547
417.141133864 448.744158
721.789455376 362.313456995
380.855132368 438.970367611
752.774539028 157.653428288
246.855043673 637.747135726
613.948798376 402.899323396
625.377943795 471.025844943
701.007121919 447.122973843
675.984938182 557.276935708
612.732477738 447.849507932
718.547478441 508.115182393
731.445957763 85.7519223605
615.987819092 506.983097877
647.758307895 509.343844931
643.777748771 558.592208774
177.116889122 474.384130562
686.268072364 499.28186217
576.635652699 512.577948505
592.982010904 483.646516644
651.988927195 452.810952627
738.800361311 392.344498307
651.699970662 461.363231475
583.719645971 435.805231664
611.566080372 425.906553392
723.522780616 103.382162866
112.54819361 502.182237023
648.597723306 486.862738605
575.338243646 485.88487456
669.423008997 451.144125783
152.906721087 485.591789886
675.105571897 571.407822311
700.67042764 561.903972902
690.324760447 427.919655034
153.940644417 463.146800514
243.072136477 689.33541706
692.313261572 368.829323041
682.971575679 454.07810316
653.89303019 531.793555213
704.463715867 511.689321224
342.140203614 443.082879839
589.026976429 407.676167898
725.861301305 445.921888453
99.176121135 481.357774524
598.797527047 440.21950367
594.872545203 449.202808999
665.584937131 105.319549884
700.77184987 458.162111742
725.270153615 464.424241581
702.249508741 389.026333588
711.50456492 471.029544529
465.811719856 440.564923461
662.506843721 434.554645817
493.46962764 423.256470269
698.901779632 114.499504284
449.067905131 414.471460555
123.346039324 471.27261607
612.298587333 483.822103775
98.1004747173 501.158565
751.954240717 107.403832839
572.031459615 457.111127501
634.072440142 441.440250848
357.228153618 453.856565917
632.834685903 526.582143356
528.991435366 438.048471156
599.984074081 472.276496745
711.238982919 530.365798854
506.945592077 469.45841311
594.806789308 497.928295724
707.452156125 85.7159872851
