543.899137343 570.530661163
648.870978149 305.931590567
773.99373378 534.674981355
704.025060316 651.931217654
556.748315226 462.79030016
502.17212587 458.262509428
771.092629763 488.743425758
747.849402225 479.59323067
603.348769485 687.890271247
548.578148387 608.603989429
607.08635819 653.476150068
486.279630859 391.693692381
593.212533401 564.147015936
520.565364841 494.500118479
769.785223315 570.044055111
461.746413567 442.00475684
555.603302166 524.534205279
709.476700142 448.637972253
667.847068346 204.514493241
644.586127077 597.275328911
666.850469923 187.150763007
718.972702639 492.379168705
792.996536255 528.818641291
642.743530624 539.503094355
597.264399538 320.740346269
655.297827495 233.944034244
731.049772853 513.878895476
726.690271601 456.608020451
712.867470201 601.476898202
466.272890386 404.69854773
552.680192155 432.445520504
695.602647441 707.95638742
667.46863078 586.628631154
568.150075164 504.361771354
587.157679819 661.654244931
625.120927093 364.779617036
663.046601728 531.283708952
632.334098907 681.220612364
686.579315264 629.829292277
247.113282818 348.088619337
754.261098981 503.212449708
688.336007817 263.500316026
730.071420695 483.44086329
575.671542181 365.947856119
684.118939433 241.808159211
629.40287255 632.530835723
746.914653467 545.899415657
714.642146434 550.23309838
660.919643185 644.105635421
745.651918464 632.00839528
621.779630742 337.100088333
622.656704085 298.313270385
609.137240526 492.611863591
572.38503221 586.439080032
747.723784636 574.933566267
621.222295703 564.529552644
517.361528802 534.057952826
640.901469794 507.659358038
761.294624831 532.049965568
696.120407699 177.448201327
676.861690109 665.499182635
521.643566359 562.714942883
763.001875135 597.080285511
599.065077094 342.93219286
532.155776229 401.116662494
452.112593802 416.481516206
767.111948699 505.867508569
520.235257577 361.805931541
593.733554873 433.280942611
610.694326648 520.477667658
650.602752737 701.719814247
597.852761538 616.178504174
689.980459725 458.927350663
636.296644206 315.20855506
699.975289446 583.231506047
686.649304706 696.564579542
529.998996723 378.587601875
685.147532778 546.292534919
736.647609115 555.027071155
520.654956679 428.212687661
739.150002832 492.029664708
545.247475644 474.946370549
693.410184178 497.033690931
733.426492162 619.790280177
517.495576094 584.545799721
673.132201359 685.060817879
485.846046712 367.354566732
670.821708263 258.730250149
583.678151153 388.538385429
585.994374552 483.51525352
728.616027904 673.367635156
514.551635969 337.4371274
704.271874349 459.924834731
491.96219709 404.631865155
672.874956341 165.585463122
696.733877879 527.848338511
704.57407922 204.332558571
713.772931666 501.565593916
701.909619537 478.324944601
678.801014615 222.268553073
