482.991788706 467.591647134
554.465855075 334.26331171
427.580336736 314.897792224
480.496586958 277.482558746
508.484478485 273.103460364
507.399472494 318.692435971
630.314516671 206.571941948
566.72224065 206.965974184
448.355405871 272.653290122
112.15111649 189.741557502
427.327169007 273.531855707
182.718165984 254.91954272
536.792329222 294.535112025
100.459683683 265.794787453
143.799135478 192.819447255
313.233556416 244.089384397
307.336526658 261.405405045
282.063670881 239.13612849
590.305874702 327.738691421
465.942006018 418.544862742
613.239236601 219.815339287
123.187658264 265.998182194
664.585411577 199.082261865
208.263006644 212.815303727
411.905181438 313.096300957
104.096490511 202.671799519
641.079830562 176.928456522
466.090641047 439.143546898
587.298553137 240.217912047
597.059908332 195.053528228
583.692673469 257.95901699
463.034130448 274.03138227
649.405143217 215.764214016
405.513058558 278.457594911
474.611660287 399.305229266
488.952028023 489.772769711
373.187415224 208.226676735
451.532296998 483.83076004
676.95789583 212.43651667
573.633578894 282.2877685
476.602191911 352.058073861
676.724934644 261.204004646
492.547119123 257.190118267
465.943755587 297.428037989
535.405282988 261.486118222
494.750194549 371.848639271
256.86592316 249.01347035
632.977628404 275.833035248
155.163792739 271.089368115
451.03344086 303.733464337
495.768826017 235.482053303
684.959084361 180.097968153
605.678710806 248.571991838
338.967589963 224.481298166
489.770506597 286.731043974
472.445726345 244.202870539
124.565627988 243.508958045
524.035921637 332.696432029
311.784377711 282.395179395
533.71285172 233.17805439
144.618302117 237.388034997
506.768882733 425.709684669
597.15510119 286.122900506
626.114316283 237.995685554
123.519729725 214.973693539
481.559950159 447.045890511
541.651007868 205.766543694
542.769002628 431.116234361
553.856204482 270.513983427
504.958116025 463.024205828
283.822400468 267.762329563
449.151223175 237.414853801
694.451471459 222.914012033
100.555400759 220.263953664
513.674530018 282.70917573
485.057208336 318.125681389
255.012765862 208.573786518
646.20080645 237.047054535
702.997237935 191.333067553
514.270144669 238.591490354
646.189913764 289.902082669
436.663017836 253.466685379
566.78995299 225.245794169
397.612187931 229.475057723
464.851924859 222.100201451
358.591981188 236.281985108
167.035483023 219.798726269
442.246668653 442.809026685
100.597411982 232.520748961
393.811925587 189.308918667
449.293576131 357.237052833
461.136810683 469.404250221
281.451523358 285.450406803
555.308906947 240.635012231
461.829738242 312.165684555
429.973398717 365.505064211
665.091190962 240.848119169
340.229774427 263.293927773
434.859045656 305.576532883
298.406353839 204.598820495
