571.146312027 120.697286345
610.577143472 318.649265994
482.37094733 700.059366209
585.990167509 400.402186057
349.910834588 49.7305288233
104.830181075 29.4278491692
611.301403433 237.718563631
542.475512717 131.118277666
553.566274266 106.878980281
548.221878914 647.244667186
449.850471856 188.835719365
524.553931559 84.1384425231
95.567762838 33.8338699468
428.562229168 211.350647844
95.7130068235 56.9558231152
548.627844819 595.265625147
518.411924767 640.209529409
315.451519629 26.381573899
585.181448663 303.813395151
466.310983965 185.300579292
496.015921201 685.230360642
639.653893049 293.034346205
130.965155665 90.1276819523
613.543089902 264.745372903
351.475364641 11.0963141262
110.788515822 72.2701774956
98.4337436173 17.2054625232
591.973532313 119.16146768
515.636081364 109.982587534
504.289424324 698.867374431
638.124705411 224.615969437
503.968998626 128.998289552
514.858267967 178.622449408
438.793950145 169.182005749
545.463654341 550.853426726
584.872789526 423.101705558
535.611544289 697.752317831
561.561160398 131.76651113
529.105170965 119.886260137
515.73782771 66.238159579
520.174426507 683.458485136
297.266766205 46.6013533099
571.310794568 110.55481748
326.577356946 8.44159635954
298.545611775 14.2075866528
508.517079149 133.183527645
130.879479967 62.546425423
377.499383887 450.275262943
123.529916232 34.7454418796
533.358589456 675.363336637
452.217035929 118.032331744
543.308954302 427.618433688
520.280652275 612.610989662
498.593328353 629.351522814
311.279334327 81.429588206
607.91406889 287.080729931
497.367246453 596.801884989
512.393625411 196.202775239
489.11415212 142.652791211
480.249984666 167.287077363
502.211268311 560.88187169
538.086403633 144.962898429
524.986580489 559.067781242
562.727656699 139.128717993
637.539677922 246.143589684
511.46118783 580.403838393
445.241998233 150.938280473
471.868125323 597.100915866
575.753193688 280.391102
339.074509796 30.4715913966
530.855975991 109.004321947
488.452996705 662.111900003
461.417949601 142.564638065
559.181659888 424.887920546
510.76066499 152.579497177
337.368398636 73.875778556
546.96433943 162.415258603
616.347326453 244.318515717
500.447894605 94.893018196
559.162107161 93.8976939133
518.278324184 101.877694809
499.474092255 163.477234217
540.490562486 150.043801624
319.32642059 46.4141873284
542.669556471 119.97170614
509.084903145 658.79629523
476.843423119 116.1477523
534.18248175 570.565689355
445.756875916 209.672070436
505.928180306 143.17268386
112.812739133 26.4972670219
548.356493242 398.4296647
111.578868913 52.4743454256
531.151706243 73.7007621066
591.11278983 269.11459007
532.30229814 95.3331943091
504.519301311 122.751933359
536.437500927 172.863658104
473.63358009 636.562609205
559.187287263 384.815914406
