341.898065314 277.208615739
280.822194536 196.340459531
453.809204319 119.822075141
253.523136883 183.292420167
399.252232816 345.475944756
274.371422055 220.142873772
259.877372448 413.852225253
304.896700252 449.076852547
487.550378893 106.864587581
259.431411452 111.11072881
328.150114023 237.417605196
654.729389871 112.156224757
295.643780507 107.679863929
322.501946955 166.525936469
713.649642832 21.4866425207
348.458104537 134.141501758
295.233260886 157.533664963
662.685218072 79.7892927492
485.821593958 128.227127205
379.349025495 233.352311878
397.158323913 118.473935162
304.462955242 143.48464333
300.995867011 366.338466517
311.49486242 103.986292104
349.561881814 213.04574443
272.555820155 107.048075555
521.558578212 61.1725030372
636.373967701 69.3829824463
712.533272658 68.8461134088
271.734075123 383.228539619
300.386454203 224.933206333
285.626389826 123.590672955
391.095988322 137.505090117
257.875983947 132.673145337
356.146024314 289.791193894
306.123500622 334.156231923
360.400360711 76.9274376626
274.400823403 349.956817913
265.36234282 444.105969424
554.612218048 65.7953364659
269.840538802 531.593170514
415.467650975 111.299104775
391.699681343 161.805233088
504.287568423 204.533389384
360.765572652 137.00601839
265.918561981 94.7735046785
342.405701868 123.688058661
714.679777089 40.3676054141
369.256705623 170.269251642
320.663445557 434.00642343
412.107638948 66.391871759
276.134383833 402.90167792
391.827917935 273.35778478
330.541078595 99.2015027986
681.653641427 32.5016079831
340.484112083 412.846845313
342.941202753 110.892289663
337.932530051 227.291821187
307.651357329 120.615414264
275.04138016 178.810132141
226.84886841 634.838313973
305.784221856 207.205508569
598.717531413 162.960181447
484.775936305 88.2469320303
669.510625208 23.9547447683
356.80422364 275.418149854
434.856296834 103.759593925
698.245471679 43.3332871503
381.805047815 215.663732875
405.707744503 253.303774056
693.250667398 56.5738014079
364.164360632 121.072866834
391.190027265 190.470265767
232.890488345 120.12600922
278.886784311 136.946888794
351.034682308 253.620047033
415.155320621 132.135334368
333.841776054 158.266665887
278.03749898 426.974400654
416.387742132 89.8617207507
665.582733364 57.4548281109
307.408113203 251.289907291
276.085696864 152.326066253
350.874328884 195.244070913
370.419818525 107.998766529
700.090180974 77.7723401312
698.79926704 16.2794246957
368.390067069 259.162716088
320.250542002 132.582525227
355.542895306 158.955786188
365.626405202 193.080066882
332.626540983 266.286330468
296.285175604 410.495334753
310.219687306 190.347121886
426.899425571 142.796168153
352.806629035 240.338527742
446.31552216 90.1974597395
705.212214756 31.5557165906
248.962062523 156.969250344
339.481931465 91.434831874
