395.512756422 693.949878664
550.207711774 691.442697679
148.837040305 719.099460649
221.568999286 645.586085021
274.896513404 617.808448953
314.768711588 638.90708721
566.035947687 666.213820567
458.621994893 587.338969411
182.520453381 696.932096137
100.6975919 574.649229278
150.833114374 696.964052599
93.700483777 667.400106933
335.023204777 631.675277127
100.586904577 736.86275041
119.361132413 573.888487193
132.732862562 628.915094251
124.578997758 657.709741939
121.415672221 619.550631081
670.534839911 706.294228721
350.615874906 665.51001969
480.587586192 614.362086868
100.525580852 695.809237847
630.754176413 667.792301211
108.924637941 609.081159681
133.452919684 773.857249581
100.339284117 598.824245997
651.623269607 662.560989663
328.620269109 680.877513979
479.687397916 639.075860478
491.307791736 599.458302721
373.439343457 552.02634076
201.815171738 676.018957122
611.678287147 677.558669321
139.009880601 683.645751001
358.576588549 612.649172814
413.686288411 679.848594005
164.928679275 605.941058111
298.402483436 687.919044967
664.983610297 686.163460927
437.069077506 632.309232841
297.574201169 663.715091745
693.493799371 722.227009569
242.531163362 598.778240062
211.201311794 730.506946899
316.118372118 607.611673799
386.910598968 588.357865001
115.213257912 640.256867242
641.285425922 715.048280443
121.128765238 762.242150458
181.148694826 726.360839703
236.433341954 585.781882965
679.886073856 674.629759672
408.469780611 602.925197221
146.65434977 623.214400023
243.923667401 634.238555269
214.647543044 619.786449472
84.824389797 672.003561271
415.384088686 633.671351773
126.287404337 742.337613671
410.285326955 575.470063105
99.9426555916 663.696116893
458.165865405 656.354254432
458.807906552 630.391907022
584.134085133 687.246348423
92.7260791626 623.522973981
416.716319804 699.504912231
439.677616124 564.682974998
603.563620173 706.281503569
355.085409597 591.702499174
565.068215941 715.729278688
118.573627509 687.906487277
191.49816462 635.754488194
688.595046759 695.704413041
85.5949453362 647.02532252
297.617601475 641.706042638
270.13329268 659.270128554
128.163123862 603.24198847
638.069627605 701.782978885
699.999559828 687.04000422
276.090027028 584.442084836
702.864136793 708.515596966
175.277186731 674.825570717
463.610729862 613.361124253
166.071777445 647.760127228
204.020864008 596.357818178
144.367064668 667.357463132
100.753348809 642.220711453
270.854873484 710.248666299
71.238573636 676.906720777
297.313452201 543.182660517
249.587873493 678.085538458
377.947736025 647.119386685
112.714253757 705.25522192
435.740755446 593.100680485
224.797463654 671.501971608
226.448419652 712.24368418
666.705735293 739.069164904
125.381933425 725.244610492
156.61711828 758.473034164
146.54051814 589.666336539
