126.761103756 391.724741626
366.729820342 633.525947823
57.2097992345 701.141382362
184.780698163 628.845207786
111.591568107 100.542630168
148.023804402 568.461392926
184.385350961 262.866581635
225.435020056 461.496073773
110.535920822 153.047062618
92.3364956964 678.514488125
106.914396313 437.240544213
127.753934741 76.2521400964
116.739789967 572.19300549
103.264846445 478.197442739
101.297601438 605.42960715
133.030713348 656.667947952
74.5097612062 661.239080731
97.6041705183 114.794638201
376.186533771 680.415892015
119.70282562 454.177727459
48.5155260988 683.964995941
518.08898047 165.520810945
87.7592978195 623.045398738
189.427631372 301.326722071
104.910438587 43.4517377564
114.802459493 614.416388042
109.22356247 545.830129052
125.624880867 150.368958856
106.898679343 170.160267954
64.2754498949 718.173669559
231.824991966 258.15329686
121.855020134 440.751039722
163.80933705 572.690946085
115.415354628 404.056899085
138.82884043 633.047745891
203.174468743 639.129078986
92.8375099508 706.219090253
131.458714456 432.408080682
118.269673953 425.280490317
122.625993604 50.5857802921
68.8384708233 689.90350929
97.9912119294 385.348316372
123.098419006 122.627095005
89.9059907441 47.5332930917
109.66498427 86.3503286239
131.441989275 475.293935417
142.347740145 598.865820244
151.993016672 643.813578706
142.441263598 553.494171866
90.7177336199 696.158901445
111.313420856 64.1829324014
131.66919945 618.025165157
110.737302089 661.955871845
64.9960258713 643.524664828
92.1464132802 441.564248963
354.851769559 304.109789582
89.5287688174 648.472295851
178.169693418 607.914793185
102.77125599 194.615006963
118.439739128 484.124444984
109.007043771 640.854063671
271.241668034 512.946679691
122.793834827 629.154768673
266.108077152 341.83673097
231.494702936 282.419222032
103.683789684 647.265234814
98.0707743176 323.565907868
84.9633243803 654.980423545
367.145885972 666.252642622
98.6782850173 73.4042193173
106.623672405 129.681582412
61.6903177508 669.094866059
95.0760153436 151.274601698
163.944239428 641.677864717
187.524625282 591.830339668
95.657983449 407.82338974
346.870223379 659.520826158
195.764890162 284.6346333
130.516339737 62.7411412315
145.770410257 101.591446736
135.091930102 104.743119101
130.997667291 515.585038894
329.977541889 640.026099403
98.5809084718 361.330571114
123.160402773 382.191253305
76.4767357303 672.526616133
130.872475668 95.810669231
125.170853623 649.529164993
114.743902998 509.166722823
151.51682694 518.128377375
127.89431998 544.757792796
154.517518027 613.653456966
123.674842077 598.043890261
148.976922243 71.2484081392
341.235736302 615.781961289
153.819957119 85.8351236714
126.559314149 205.360758815
256.904635481 538.972639729
57.068682942 654.657226159
165.768593606 614.303887253
