490.085650459 149.46100496
428.954206389 102.233885229
584.045065569 187.815121211
560.484973253 259.132962457
148.777134522 259.068130241
123.904186238 227.04942083
493.965318759 231.47524427
406.949541085 183.320262941
516.182513951 305.21681394
115.940581752 213.999433481
583.896705673 227.073444364
578.807410554 318.465226167
99.080268162 226.82017291
545.937902115 198.534099985
464.268844649 262.841198671
281.582140621 231.930197391
557.817274903 278.417951403
190.465041727 240.813957536
156.798190068 233.883122557
477.211406117 212.259356475
415.867236818 136.405057396
568.85783734 271.954092423
214.317460662 218.090450418
425.909341341 142.923832211
417.060373556 176.534287804
431.353386588 199.126674727
100.669770302 210.735194996
461.147941306 203.536787036
401.414923222 97.7857642372
514.762212834 288.108746964
304.81835308 246.803845979
115.120503075 249.060181429
438.341132268 191.455771107
398.163531641 166.11872521
442.337644535 150.464080951
485.486993248 180.863988793
441.731035852 202.953403725
260.446416909 227.537567608
534.816893803 176.07617982
510.741593267 224.092671684
238.804340813 231.560444299
170.787449076 226.499467913
581.074161707 254.416495679
435.420198072 178.860400754
320.435788818 296.101865063
126.493477755 271.664514968
290.223769473 265.605795557
224.527227398 236.43296183
473.960158029 280.063948554
455.059491418 183.781218824
500.814575404 212.648693436
311.898116667 278.957725436
532.372717334 285.006939988
541.694080457 296.635843327
167.941278292 258.302332592
273.739103384 271.526333968
441.004006536 137.438658267
495.213802056 195.088884636
543.365974735 220.643732193
547.020246289 312.081058226
491.067447838 264.174489888
560.244457608 314.072578383
385.183357059 125.733244561
140.242253998 217.494244622
233.75821118 258.292715278
519.291028459 235.724418433
564.944599911 302.234910098
193.35592089 226.737277571
242.391696663 272.776694008
556.668693647 200.458063485
565.069594422 163.508633411
491.95815442 288.641278963
550.993241559 180.833599085
557.363394243 226.493815389
577.503708444 290.144781141
140.272947807 240.961400616
509.898854847 182.125738082
448.122237815 166.519687294
438.636676263 118.191316078
474.083434826 241.020876026
524.369792846 154.955894267
404.279533928 114.449763711
505.651456809 692.482863257
264.388163667 253.021190945
253.28802857 271.880199952
516.234398336 263.363703338
413.295977943 116.246274521
520.550358868 681.788294891
480.825172815 317.777818681
570.145439717 209.307024267
323.967407304 268.90928527
552.902029473 248.392800643
98.9472412239 258.506816702
446.774938992 231.234614483
399.98785442 152.55802992
444.402055119 254.509072319
460.418180978 149.93551191
84.3890753754 238.452267751
527.585537922 265.997966426
339.782058928 291.908170965
