690.962391299 233.639358919
699.01721769 273.277782893
703.630201594 421.485071936
367.755084532 305.323935968
637.581913648 545.661735941
204.340909686 349.325808929
568.248032993 223.129263704
790.657920058 121.936687007
762.22234222 117.76392352
706.266548397 364.963679934
706.097220052 277.053075574
683.718013744 259.32053232
305.066579649 301.326968199
665.982645141 265.156275913
577.73138932 182.771854758
639.892458903 586.400277938
693.893746474 339.603745551
773.932568726 96.7549492212
655.791376102 414.348816432
679.290754437 398.7061278
688.443299278 284.881343869
775.603136719 83.145760974
526.795549926 210.543368262
550.93754951 194.732389193
162.119366837 340.280728063
334.380726889 296.72090989
162.868207782 390.074100137
710.995496741 182.377023051
734.704081157 88.5905225584
306.290432621 257.376068775
598.79405495 203.514795666
725.133180656 271.408362865
653.955108736 367.910057412
664.108236752 405.400471299
182.514097328 337.029177225
633.350648591 371.900396761
693.695520185 303.308897017
101.345876806 345.091013055
684.863181877 327.204217048
661.823812689 225.360475948
190.021007387 373.532242518
642.079663327 274.472801307
644.108885747 186.754253575
705.905172277 382.952817968
687.322045345 390.695072167
717.367502729 292.092175089
560.880874178 250.708613943
541.493521447 223.26967403
496.094293031 632.566188018
672.750888435 330.063935333
121.755097744 349.787576292
448.629197072 470.644955272
651.688828431 325.538406399
684.596806333 363.48319897
726.444485029 142.385780619
756.51507611 127.596256804
708.699267747 322.266059075
676.399628642 421.613891294
727.538245079 109.036333413
660.829854651 476.580831221
318.651296144 274.407273271
751.283415379 147.265753988
358.205594388 236.316009517
86.2711216588 347.524091725
689.696719339 439.111899696
359.648699501 270.776708685
750.763414425 76.0446321462
668.124838696 449.70404207
668.301701753 342.93758509
768.026118562 68.5144084684
756.987859658 100.871617772
621.524065981 567.48050079
632.90912391 229.973523763
652.832366706 456.41435418
669.98783083 286.236913947
691.414164967 189.513224323
654.954725861 429.153534486
89.5672559784 377.383819551
792.639123246 104.669145619
788.540871424 90.4939795761
710.528358396 236.942938773
700.952510721 289.960285655
292.471554353 272.363562112
119.674283985 383.392588881
708.069725346 153.598624805
664.871076606 356.884830144
101.513007877 364.510594568
649.238074824 566.403784364
683.917946076 461.898713747
137.810204449 362.515356152
747.25116411 92.3465217337
660.751496394 377.452458026
330.811042234 248.262213352
712.868381374 207.53827239
744.571434462 161.217224304
791.316030966 80.9156001995
168.57635464 354.435040687
730.827748109 178.377889513
342.747753424 214.163980759
668.147642802 308.7291027
