258.644271108 273.035623277
393.466062739 436.090888354
122.662674574 700.135099434
268.252116476 450.675429883
87.9601868243 186.06743937
91.9512188419 377.951131341
321.497455498 127.524317071
279.681834832 375.468181833
217.886982067 218.654467918
189.321096523 662.141648089
113.311159571 290.350211156
179.490083546 123.026763684
70.864745228 379.856902621
98.2959512768 316.430874384
78.2540524707 407.528969184
203.800119669 503.917375987
159.43684728 639.642145562
56.6829730086 198.522683053
401.086784704 482.555972668
129.373254523 293.079991331
136.265759481 686.433362676
510.338813747 170.111323392
114.289113412 429.657927976
325.309459914 158.761436317
93.456078928 134.234151491
96.987918862 416.644741476
59.6409267309 358.761017049
256.60016109 209.720043661
175.845658027 210.039185465
144.726134825 700.271917067
378.033348226 128.343870478
189.391787302 299.502945727
239.947306491 401.984227325
100.392000018 266.934218888
200.277468848 478.560084791
270.33410111 472.703296007
176.452108611 701.408493622
257.805241947 320.660173653
218.849297494 296.207636867
170.757728313 96.1046604993
160.635126777 683.745744632
46.8940631661 254.351846042
231.772401918 186.77001902
63.7591848093 151.360824106
40.9588665317 169.931691119
213.08314939 335.311242965
118.69342234 400.687317222
226.12502116 484.251781395
92.7808208894 363.382896605
173.780152536 682.978188252
100.995574599 158.825537775
208.00946125 455.706932282
173.329181395 520.92017769
143.414740489 616.077178141
65.9598052895 298.116763503
356.855008658 304.428892583
150.506524954 506.496940783
254.819083657 433.03142678
141.512801305 231.280495503
160.517182628 326.134979197
155.649601934 474.325429549
309.939236977 415.269262709
177.189356801 476.310346335
295.400696225 329.047230601
371.615662234 152.024754136
163.301494621 498.290617446
102.422649333 238.959937921
124.423683119 523.518081706
390.700099189 468.119809476
72.8488460499 167.213310683
193.317548011 194.521480428
128.767514778 665.649283492
111.375291647 203.541576401
232.915605862 466.574158887
267.716080775 415.393137968
75.2374330735 268.637215824
366.657097663 461.266198407
335.836624143 143.671285772
151.118257611 126.911165391
217.306525093 147.958033688
174.980672361 155.003901557
205.225387493 367.969979685
345.255680339 443.120312014
61.5625951989 237.781306873
225.605665802 274.70832138
149.500191623 662.570728435
123.294764334 155.203898014
188.147586569 493.035981873
116.829417293 334.69520653
229.852106869 372.446360119
73.051027573 357.298965829
219.048736358 445.657723515
100.01659303 399.807038637
188.406603879 106.775942759
354.395361817 420.376008168
189.324407293 134.98108682
173.390064293 252.04264303
301.15329818 441.215006528
115.824896447 638.497113708
241.123620282 447.757941626
