437.628411158 639.279639353
348.773990958 322.427274147
153.16245643 145.393803031
313.180558651 331.943874191
409.464620285 176.280904504
309.115639359 371.857085874
573.605606243 167.15204218
420.738973195 220.479832336
422.737275345 389.141165084
299.572390235 193.672430173
403.276487989 538.429008283
317.017726925 204.942265068
389.796125883 221.236342931
99.8763435291 118.398673262
329.079110289 181.198347255
424.115303709 87.224493199
323.04674989 414.393368823
409.51360293 106.708191183
384.406698299 337.431817157
426.928414416 531.193420526
496.222013108 191.753852325
134.235749217 130.861044304
607.947418386 137.764047001
343.072199061 126.82065527
117.898361468 138.723603776
296.790797826 160.973135255
510.713053874 197.040865
424.358864735 565.898666707
469.757759717 189.103469828
571.40858318 128.150425422
342.471582179 355.366466437
343.066797363 389.390522378
487.382907205 237.588035227
362.411608594 196.878258276
456.954889482 649.148231092
441.075006647 670.79544836
446.053739529 53.0491260106
412.530251093 661.33631142
590.801369061 196.827753172
449.655778747 350.382135917
116.482568356 163.347687358
481.570097273 266.001048184
472.608587497 101.722026407
372.951295219 400.770816698
483.368879071 138.842878478
138.485319361 160.600654936
368.033975876 143.611278616
497.349694376 481.343395781
175.708098378 136.934478881
387.780400646 172.775507542
497.974044401 84.7461005811
601.348314316 156.118310525
450.227487901 222.03116891
432.344642034 68.0053471778
376.185024237 371.707337186
446.438508725 103.264142774
155.640419383 113.637158263
410.231242884 322.763333364
389.299464375 143.242305237
357.930350558 269.399160233
272.265577482 180.205623111
466.571679888 491.205164837
480.650445979 508.567369051
438.480322346 264.015362866
325.631199902 149.380186942
439.363371835 606.174360075
512.642711888 137.434922412
460.611778861 535.351511495
400.613127516 362.456670431
456.342438588 622.194177422
344.800024357 169.685293805
466.564824772 86.7185805423
530.764820293 332.985297007
267.136519697 148.506583124
359.659216085 223.975097269
444.027011964 510.289261498
402.510804999 83.1582310971
429.606947255 321.765542627
612.184655235 172.016933866
501.155121511 95.4555302943
453.864643674 580.353177882
287.960591076 397.556301097
365.963621855 288.069508148
435.8777711 83.0244574817
469.633455166 70.3376325476
434.798829892 94.6409823329
318.540805259 110.528106953
402.13444928 605.918631874
122.320220649 98.52612826
444.667971862 77.0448088669
87.3119656008 144.306481522
416.416576115 629.60176626
332.637825168 202.106665308
391.266696682 279.320982826
372.851053524 176.483208299
101.260165705 147.603012193
529.215326144 213.229428835
355.571899872 426.987983634
308.010398765 226.598914556
405.928236124 64.6625424144
