196.377422863 318.960127153
116.254210946 187.277161146
183.782888282 293.121071456
234.734757613 275.347646644
102.665253812 152.978012848
326.199858905 260.904762782
461.260822378 263.086806743
417.565265245 271.227681739
325.065433859 300.763276293
183.166735968 557.989722721
215.135201227 365.622287087
123.138865175 339.862729556
199.139699768 347.677696711
213.309140381 503.697922696
375.906298852 307.272507218
152.7604071 325.680155908
202.203980687 554.391017845
623.709315558 499.662164313
68.5777786726 189.977204876
138.517315832 322.952662291
82.8861701399 120.236384852
618.145314808 478.300315857
399.056935701 316.60781783
210.121159887 278.634854928
112.093267128 296.256116337
94.2602653895 229.635256706
270.823306978 211.786858794
297.5246091 217.729816065
390.219149464 279.842519419
101.701315924 336.208901934
231.533861363 306.309000929
235.502547299 242.674651932
140.699119818 115.944471973
84.4162191977 212.433628939
204.172004352 574.401829622
132.246487978 302.587475511
130.453891898 149.387511583
276.654657716 323.333033677
186.078106558 208.848463801
63.4196527161 141.245513361
280.49722075 276.691241866
117.381235212 99.6462546091
395.37450483 349.784958672
89.9418596305 264.438390106
139.608155007 252.983894956
344.878462992 291.68621833
412.978468361 235.503798919
297.971113216 193.473419377
131.94255093 224.778757891
253.98395724 243.222054573
119.291769068 272.356546713
120.408696879 290.534116324
151.385694329 186.927530658
305.403671543 287.052600173
408.834039136 302.189720844
137.165242206 347.975990804
182.49705482 532.616247386
138.899885294 210.171924208
431.730029137 298.273029501
99.0714349137 92.1172099138
220.956330506 184.14763591
175.095466671 373.277744276
295.205858623 250.315692233
99.403115135 257.890983985
157.51655558 274.248615183
99.9665156968 324.691020048
448.911036657 287.951941704
94.7325971077 291.080057771
164.529795254 335.685539764
242.603661038 332.983930274
269.233384988 258.524978634
221.180886866 592.94002093
241.144416296 164.102743926
114.915466126 251.588840635
201.238500465 245.408521323
145.962293817 312.823484017
114.072802403 323.636115875
191.656621551 174.634923952
223.315944653 208.001609193
357.462358626 264.956169111
443.157891792 252.40452899
205.72966597 537.263419126
183.35478045 147.61643044
247.453573586 223.819521983
221.292366924 534.437369855
155.856115026 244.227249393
89.92361815 314.57517381
99.554681648 121.098951982
142.315042962 296.173862418
166.204129815 172.952023625
369.312493455 288.977943386
120.579690025 306.073406074
333.517548671 229.172310089
169.99319881 357.026718446
78.9701165838 102.838058077
213.685076918 160.003047764
73.3952793331 175.927122624
377.207973014 245.83917379
246.964147395 193.550441841
63.5140601276 214.533990749
