276.070494019 260.516613163
213.145030074 162.725968528
265.288458118 237.496029291
300.955391904 200.481224505
202.37691447 146.333753405
371.497467991 171.855394402
474.561581319 164.366147144
430.337197276 172.250455586
363.544073157 208.578512659
260.584631999 494.765655724
298.383435326 313.35361574
121.968454327 242.061728752
278.27593153 289.447341189
289.790817776 439.284162017
396.336336349 209.759568801
215.572633967 255.124456551
279.285435007 490.891332237
626.082388879 499.577203507
97.6411760847 142.686837647
142.599743634 225.449016133
182.824802412 119.718664652
617.88725177 476.05349988
410.285140354 217.536229417
289.108364956 217.446594298
109.071077733 205.0086117
182.988052656 189.305913067
348.938643852 149.520453628
365.28583173 144.217503172
407.065485335 181.865177247
107.967842761 238.118257284
301.819183734 235.992517831
310.611186937 176.681687144
240.550588498 117.949029295
120.850557762 146.722625188
282.774072609 512.612781017
136.824089358 212.143368887
230.10573852 141.865063473
335.669883369 243.172991729
276.253601813 165.753023999
162.099041615 131.268078721
333.779405132 192.149981507
216.921206047 107.386212879
407.247845949 254.315135035
71.6972294783 186.517490242
228.173870311 208.448800844
379.549910586 198.139574095
435.003305715 139.187144757
371.724469552 126.081071901
223.188463624 184.994469058
322.241537825 170.184202962
122.675364858 180.766578295
190.619419893 224.334304225
247.752004582 160.266487159
347.623063836 196.617215819
420.870803348 203.171530099
138.666564444 249.493810293
259.967919822 469.510890964
231.671634395 173.188815442
438.28183069 198.700667561
198.404307037 103.022102799
310.346721008 139.535397441
254.641714653 315.381068138
354.884183677 170.171064837
100.643926514 178.806730491
241.174903933 222.544785787
105.227800236 227.752862841
459.666547019 188.804369699
94.8818094311 202.659693762
241.898105179 276.37976869
311.549333433 263.231477169
333.514733339 181.954832586
299.570396861 536.917356616
329.144259546 116.768494283
199.964072134 201.023738854
280.94307153 185.039985063
203.556583135 239.862467313
121.013394214 227.060984442
283.83643912 137.399677867
308.095299603 155.242564028
392.19751821 171.375368022
457.793811027 153.987812033
284.918418266 476.233212617
278.656478111 118.508974779
322.927131182 158.332312269
300.258062252 473.221103918
243.237431814 195.663573896
81.064452182 223.340536051
199.207893812 128.681402674
214.714269604 230.825985019
262.873934945 147.561479633
389.320650779 191.417497606
125.557866484 214.351606061
386.449040509 144.448749886
247.361735654 297.288196584
178.28455619 100.235535657
307.428576969 125.616402684
163.868011695 156.447636777
406.667443338 150.790037184
330.924050425 139.334323104
84.6483109166 154.083468067
