756.997565884 662.837047993
638.734449646 495.104669875
157.698920401 484.296425975
612.7974046 486.270180948
605.236243673 422.772572369
621.064564973 498.816314354
712.807473632 472.323519915
658.814133765 461.459059567
704.75310097 567.742751369
292.861981528 526.194222484
706.78935223 606.420431276
320.210858485 535.23323167
632.504705314 456.837514611
110.060859161 457.397851868
330.326648629 514.541821964
697.675342316 256.441815362
640.948384348 525.963276759
681.263839747 269.940859468
673.791378252 507.004932117
734.315063402 599.106310112
691.044978775 469.660119216
143.5035593 469.753917962
726.931504918 452.76567696
335.11100536 459.385973889
135.162188528 477.349510596
294.830865139 496.072004826
699.93204767 478.726873606
736.208574598 619.089601365
668.931932501 463.836361884
688.535891155 443.951380656
646.121218844 500.79411121
654.017886205 515.350443888
706.394144358 496.609352384
393.377585407 510.310286459
779.372402781 665.491370281
761.533020136 689.334631202
724.307738265 207.685411406
733.225196803 672.333536988
742.668704015 490.471351822
728.195750653 542.120368288
136.256301835 502.16756315
720.971906994 504.987140553
637.810722292 392.788452661
680.142034575 536.770299582
660.150708811 427.335155833
161.589663358 498.96837322
380.638078894 461.113119279
787.628770121 571.079484743
182.471645646 475.663463276
428.53855948 482.540366047
659.056625389 374.783361244
725.815667686 468.05218312
676.124875032 475.243203504
709.186770999 226.875424896
678.185588385 518.974081721
626.809802597 360.049757439
164.66864413 451.826082989
688.727639614 513.128166008
406.913442224 462.9595337
631.922911567 468.919509717
268.328284018 514.79604732
771.23978435 583.349814165
786.902841941 598.254018123
688.441729935 493.300107746
321.193788069 483.744645337
760.078670153 631.291401724
668.472824578 438.310390751
774.114872404 611.394995992
691.63525325 532.715199689
774.763945489 648.627106114
357.558403722 501.093190411
736.529979229 264.864175369
745.002572721 520.83320333
267.547767482 481.799851875
602.663390051 459.584490968
755.191074607 588.597597059
680.890982539 237.051920218
703.749649313 514.466132034
752.180181721 471.979751551
660.478548507 393.419940697
771.636512355 626.507016558
606.778514059 508.367711971
647.926141615 474.203944111
719.13966745 240.914758572
753.707011234 229.360213993
709.546801734 263.110950673
315.827138478 444.198777618
720.850265225 636.992329541
141.297152752 436.885511117
730.603088893 225.031918076
103.034586489 483.228715244
739.802606042 643.342966129
357.707597328 530.434440835
661.326029937 482.22313492
413.873693175 489.091944614
117.943939212 486.22122692
724.508767721 488.514112822
671.829492051 543.07083283
307.392911175 554.571632027
688.993002655 210.556686762
