155.248845933 500.986617881
130.728000991 436.127069406
536.923807249 37.3550535409
699.644535818 70.1772234024
187.503779957 334.703896311
31.0259433083 228.089755056
335.770136329 94.5154789843
81.4815150772 133.827409985
279.27368772 331.393708137
237.449283628 142.641050669
157.688514824 635.684382088
77.5406669537 170.750180099
220.191123378 359.368133234
428.459810192 165.916246384
209.707401471 329.138769234
315.863254204 157.918139275
78.285639421 230.287783645
217.564192584 117.029386074
30.3412041837 134.595724281
539.022892887 248.994373343
52.0936351031 115.682292636
572.717807366 35.1030891975
388.199561553 130.077074288
216.6989915 623.362975238
150.197996232 139.003811309
298.985514906 80.2515131888
610.399419668 56.976201968
57.0080175235 126.592177882
699.238956073 32.2522899571
277.100313871 135.840714287
30.1041844733 105.881849684
657.154031636 72.0325600505
462.423121957 236.369197251
170.040292075 622.708018674
556.277000584 71.7572097746
423.244073915 143.81751728
78.1723636487 151.394673378
282.496925467 358.806828488
116.551504935 587.393472515
698.557968703 55.8714907813
409.305059574 96.4293429445
47.0827403145 161.159932065
298.105396047 114.120492905
175.129640381 153.173592207
75.7017354933 112.051199262
164.628532153 697.417500953
284.80061808 385.344946421
561.720979972 52.0853306383
437.462087728 298.769578507
675.830247747 61.4371118185
252.672389047 107.228863696
259.300931985 95.8110181505
273.339699251 112.951725037
242.279367949 379.826550382
271.032665842 435.292914074
244.610916963 342.870504363
127.443352342 619.979035122
110.508015328 502.93993441
187.01041038 645.317485156
60.5723429954 98.3243042354
520.619213842 71.4414487734
309.982283288 133.83982019
645.474847365 45.9290764467
112.407400696 458.564926862
111.968664347 143.076391403
313.634636746 119.428699403
129.579338615 476.260673853
233.63388192 82.3146259395
256.101256596 77.9048697089
43.3782450483 188.567350132
305.070098385 342.406433456
55.6586758152 203.404958205
124.25100173 155.238508115
328.197848913 122.38347273
219.254886462 108.139328459
537.814413109 88.4495126282
160.598694756 389.473262798
673.826273196 33.96698841
152.077317131 169.739412777
33.7354902316 94.1495849089
54.0271560736 142.195518235
82.8154527778 186.617375587
238.479541417 124.253973146
51.896426121 255.580396162
212.324134183 395.478855269
682.489650431 101.296097983
117.182594363 181.364242708
284.708970974 102.124812187
395.015288733 174.310873069
250.829408947 127.575108967
534.043509615 63.3357965872
220.935701798 97.0350187271
190.865266391 615.917047134
242.870310923 122.488062113
221.402793131 70.8278432902
50.9217318838 229.922852655
66.2063638075 88.3158621727
140.88363978 604.441478714
151.947064629 354.390133442
187.793333501 365.325302635
