104.533107141 292.703857356
219.091480757 535.654614481
99.071313282 219.625462585
365.12010603 690.005359005
142.609024303 664.370835391
139.366616822 633.444547494
65.4221000879 165.317984617
361.388008552 523.658950927
383.574282964 583.076637002
147.983468412 522.546145913
661.225366072 727.7935183
192.125697491 653.795411222
100.589922745 571.619817962
658.923733272 679.156704193
576.22441186 660.752697117
277.851200481 579.63152749
199.542653147 588.070983284
130.195074622 551.047139282
317.031420985 665.583057261
70.9171648342 127.332228352
159.629870324 388.686301494
339.876993087 622.984704321
192.80272377 528.332439065
566.904016849 625.950870139
435.834219932 553.309746971
295.338186775 344.252870723
93.0092204762 546.966491326
28.5796970475 151.245236006
193.769609515 560.600265535
428.278298828 596.405707002
110.69603382 348.932971021
129.143542562 683.845438763
44.2339583669 140.82235181
176.898429465 627.553501895
172.196746665 292.920818925
91.1829727896 99.7708702979
42.8666961055 181.439250333
152.51409613 556.282144076
164.06721105 261.875140119
456.630732212 598.883040543
154.520994291 651.885959053
168.881161423 536.352983032
622.904915014 723.530798097
47.6378207622 100.569094668
316.173185787 564.297816191
140.276202104 694.474569416
305.161111695 593.022269035
153.690103556 607.777404555
604.820610331 650.588827896
36.8003710251 120.647315367
90.4572909659 122.718695117
123.405863702 375.001224349
311.91093294 706.485195248
169.723080126 643.937656989
132.0139111 645.074340726
317.380392026 690.202851877
321.734724728 446.441161924
107.716173167 111.212604941
623.409077327 689.469465943
162.603019097 698.933401746
67.9506665284 203.337509841
182.753331617 683.59039645
168.19539779 573.223164746
110.136743626 543.642350329
134.279870383 706.79947125
598.930412362 701.90493966
175.33600274 611.182479307
332.197200239 654.466967047
154.31557932 687.58066787
678.851380338 709.906829654
345.082955855 298.083418119
450.990207391 374.623521615
127.363996208 250.462053121
447.401015263 659.832091689
337.889643156 704.867473532
125.006777947 590.194096557
148.217585579 281.180966517
60.1434136505 99.6621161605
333.741169173 501.085569677
99.1961735834 145.826530139
90.3009896032 257.48587157
330.542602691 546.538440847
487.854023063 679.406800975
146.984034653 623.901168893
152.981389547 671.427938583
636.263097336 669.868324504
340.589769425 686.152727995
522.884080099 684.196163998
349.99869813 580.502973843
653.589088863 712.42432441
128.354884119 330.965691106
438.204195444 634.477755811
101.756913284 699.438950475
422.71543687 361.87323712
217.842989902 569.385243206
402.343526334 573.730255027
124.056645483 298.776703879
104.62958371 670.095702271
399.900350667 631.940257332
148.70111819 363.069828587
