676.076277467 259.446459678
695.644562536 302.483402856
729.218540286 436.981223219
375.375388653 333.871200555
667.314774281 549.6174912
213.871755268 377.77038727
559.612534592 251.852612598
772.118873691 140.575972957
746.689911181 143.281475484
726.118593861 387.416209686
712.032424099 306.45968346
676.004514764 288.092318359
311.215581043 330.677084397
656.196656671 293.31951252
570.581997524 211.902828241
669.200501963 592.774520592
709.162048651 365.42001619
755.518389268 108.941291688
682.67076785 427.665325766
703.371100919 416.581017787
688.743940601 314.774113571
759.336389305 94.6464252335
519.0240281 239.335371541
541.221553971 223.114186123
171.517062981 368.763639321
341.719298539 325.805482128
170.710448296 419.025812711
699.589948626 209.795163393
723.371811651 105.924291064
310.328934324 287.101985555
587.372345953 231.249362931
730.856557675 300.843533008
661.197352235 394.513599598
689.157988461 421.886161957
192.454566007 365.333581508
628.838388281 396.743040985
697.506209663 332.938183467
106.531852342 374.622501416
698.485878886 353.922609786
650.250939151 252.956835744
199.64783528 401.942242372
629.846548517 301.694674222
630.854989037 213.660986198
728.376536145 402.738690304
712.639797219 406.678713492
728.000076209 320.1147409
555.588488051 279.776568859
534.241829199 252.379647916
498.364297371 631.283280909
689.985980412 354.611986798
130.414196923 378.477688041
451.476694173 468.31457518
645.933893481 353.036321796
704.811215586 385.644499246
719.503169341 171.408254913
746.533535771 153.943727239
725.158857697 347.339560178
702.304543824 436.70945178
718.332428832 134.512967263
685.395890703 493.782320552
324.700625999 303.764738826
744.411542738 176.243788239
363.917277402 265.757454918
86.9398614958 377.505641901
714.857071983 455.222029896
364.394009955 300.392032638
735.384869157 93.637441754
694.792905324 463.399679951
682.040177901 369.599179768
750.282540399 81.579199928
746.109596738 127.705717316
650.561731736 574.951409404
619.991146208 257.011536106
679.188074593 470.621364047
669.166345631 315.870395053
679.717968687 217.008102432
679.740354852 445.98035304
89.4382038118 407.380979695
786.086872597 120.164057515
774.631979158 104.321453581
708.467302852 266.67979464
710.429078691 318.404626907
299.590618722 301.487098068
125.61661121 412.775121693
704.259046042 183.262700005
685.625859304 378.54404999
104.589329719 394.265104688
678.659695216 571.289152337
710.959111577 474.79059737
146.301171461 391.288353963
739.688925636 113.118669989
678.318426754 401.676747424
335.459292317 277.89899108
704.160457854 236.083051473
741.189434588 190.785612871
793.034337907 95.8089387754
176.856980492 383.254015717
724.264620664 207.528539961
347.953928964 243.520102205
674.698842709 337.881849882
