257.986110736 465.54207271
490.387154174 563.996685369
205.478184585 520.988121936
325.859569176 639.571387667
291.652112243 491.377969383
106.737864677 491.571048231
134.030305923 558.531293394
399.104583721 456.309204338
102.412675355 609.855228252
254.402623672 409.2428843
156.758340731 511.781129333
253.345121171 521.891860531
364.054462401 607.183746465
609.981736836 504.675908567
113.667614812 586.076097153
699.911884753 483.427190817
643.698931166 457.586429564
202.401324534 562.159243466
172.66587192 585.124872972
190.153914305 438.383799329
662.582380572 522.933584556
642.635628428 497.754687358
315.193058268 397.447509935
425.719558475 544.391306723
405.558111175 398.993915389
421.787591314 442.825375524
176.127555584 480.919254012
322.893975434 558.880617208
424.79423437 632.350613288
193.544176668 515.587499914
90.1090275547 524.854301765
336.041415664 616.546034164
385.371453136 381.740945678
354.872074816 369.510031976
228.570061858 485.321888573
217.648721464 456.180889174
341.839341055 487.356787318
100.787669572 546.487999516
356.174024952 418.734184323
133.430046512 486.0849085
324.010816195 428.31137684
230.837882158 528.825398768
378.928195991 351.377631674
674.405419698 488.954406066
701.603722769 510.593894848
401.854182408 505.990595738
397.220141089 617.613224244
521.528803936 298.835929986
426.371731316 602.310923024
472.340805864 555.311696946
289.052629556 574.89082443
296.840616536 448.25992974
227.530542106 510.486161174
157.79931679 471.354331759
118.508059322 512.948988205
251.444294557 454.241785245
610.412873854 480.870435438
132.470715345 540.26939993
268.237261254 432.97557937
500.196735058 542.044526457
491.094424959 514.689200146
180.383428983 507.203643468
669.253271533 472.869735552
238.136339926 583.626018963
419.008297649 426.252609573
343.80925508 360.393239133
161.782106017 546.39179245
584.124609707 487.415121204
419.629311686 526.687961565
295.426505607 536.301297284
352.592334009 398.221180216
684.469391711 464.259774204
396.287863165 337.827179663
457.140737034 522.447208332
101.197855213 576.155133631
408.203220441 364.119890752
115.444757517 552.629665979
687.290101119 507.893799074
422.187303051 582.04455392
269.303510578 494.131042198
279.994186695 527.29277387
139.986820276 511.821931659
334.120849586 669.856930926
204.305120694 488.111500515
643.601795028 480.684447702
139.973707002 582.610471337
394.789171543 584.563761061
478.770096776 534.661385124
312.281233419 472.602038905
357.595524993 639.531459354
384.802710954 425.290841676
395.692632698 644.001051093
309.697480907 622.860272454
583.556949016 531.767399115
156.564093849 570.580321445
382.126450095 470.106577638
131.612040279 606.45533877
314.230966369 508.185488988
99.5540226316 518.357704762
355.793420604 456.436519888
