212.124680586 696.589173252
237.453847386 674.078854661
483.261525424 722.090616349
127.836953545 520.386157202
86.3496878185 729.083905953
8.72344072829 646.197418797
137.964093445 696.546091524
53.983452669 160.509734084
46.1633147522 247.261216049
56.5043851192 356.586935403
61.7250862226 697.97730621
149.45023052 732.260263734
43.7953368305 678.968021007
119.4708779 137.501847123
71.5321227907 248.808980164
10.5837054384 674.705675389
84.3987116961 485.825204435
6.9166099375 698.265966721
194.98953117 726.283859102
603.829076449 722.682095966
62.5014422181 382.96542663
321.49428427 520.405722603
472.316516061 706.532191965
61.8029735969 116.239632888
40.0699647467 291.56738386
89.079599757 266.512786615
79.6259717408 329.110082261
67.2645689405 316.303544287
87.5217309735 717.659661559
99.3379325827 110.013375134
125.77161327 493.033056268
4.69246463231 680.972272222
75.8413427276 215.16523137
242.419738724 708.997468314
93.0055273566 186.749467373
628.915867508 735.803331966
39.1009268404 356.455048011
57.6260526627 621.052299384
38.9732632416 334.274528651
95.9630139605 131.795824822
9.84959632257 688.991717355
589.760910301 705.523404595
38.8076073032 708.711654265
101.817937202 221.640969014
373.731971762 512.267567061
216.887368819 721.726294008
66.902807504 515.024637738
44.9281032654 519.405192252
71.974354713 137.792663562
24.0265870725 383.679027702
43.2330394779 396.688731529
576.457897367 728.560505679
25.9153831339 659.156000079
36.9152034126 616.987784422
2.67897458567 708.395141867
56.8761998581 496.026241894
45.4035217285 645.626753487
96.8675521621 290.026230304
80.6063000818 163.232353818
227.352892403 752.032525969
59.0279434963 715.770955774
269.612486445 740.529420641
62.5362850765 547.74829251
580.786825506 666.555950833
134.262062636 743.466455905
37.9363729872 692.398619306
29.5797388359 724.490802346
46.8238113894 663.361262105
245.461015744 734.387081491
101.446556047 154.416903022
78.6200941767 201.398920725
79.2294249892 580.497161255
119.548674409 172.194704475
78.1632079553 619.5337153
54.965843269 588.416900975
12.3937549042 709.113515184
66.0371988025 297.01249025
596.261850731 647.535067144
63.5605130749 225.977010823
471.652091396 206.702338719
630.180923038 710.664169746
442.072818692 291.182648858
67.1809539866 410.418949557
90.156132873 515.486610597
48.7120937225 734.353194675
77.9601929354 183.736486375
82.6090814011 548.820841949
20.3611853324 698.272739393
352.840117449 540.958666647
69.961583925 680.59585744
458.662136111 723.754403271
101.479597159 551.93803839
186.205759698 752.274731972
24.6565847591 364.333522574
95.6318465287 706.532073569
61.2957619485 209.373300687
650.479860681 729.489645434
4.41953691241 660.915590592
69.8916821025 655.336038971
81.9982616576 364.836901467
