417.119235074 277.247192536
481.994578795 142.012884981
495.732759269 598.979117806
480.894139843 73.1538149874
402.48963021 112.468926268
348.464205312 151.156718409
373.409212555 144.806070653
521.493081671 156.898860676
430.165650481 657.570490854
322.559278013 349.188889997
445.147069052 700.539798299
454.636112297 331.041453433
421.206959785 87.6669629324
464.744708699 701.084928667
426.072213617 106.802649858
406.548152495 162.978526542
461.313328669 237.532963782
462.093623843 76.050489308
607.541442968 113.972361282
499.156027124 86.8049279034
457.636221451 192.885677192
465.981030295 286.492542062
476.706443697 43.2074598576
356.739015525 350.984643971
444.400275804 264.4697533
375.485511351 176.057563088
559.186142279 148.885349063
455.073760985 155.275015692
667.947845244 125.480642197
439.722065695 36.9248940768
310.386168327 410.223317671
481.136751382 625.616618476
371.02655532 288.607482727
463.138360385 603.65614222
555.863170541 278.798658419
362.248970708 364.43533666
382.228064775 319.330509231
497.337123526 68.0790008406
557.450623884 119.317154984
597.841516676 177.172321154
517.9692267 21.1754098551
694.000632737 72.2633627925
426.244924339 43.1708351853
476.204559171 113.410628734
494.713846436 216.160657444
489.118411541 698.518516668
323.30003881 382.681943977
544.926285751 187.004256399
478.097503288 664.861394985
506.754386283 277.761996902
522.617269066 57.6969072488
455.14897634 38.4826638301
527.085905258 74.4656495467
403.318613017 136.130577715
465.081289565 64.0472551136
408.045013057 58.3678447246
409.911276325 376.855442254
516.897171466 118.248689431
485.554352921 653.110248008
528.213873259 88.7585777896
435.092045988 301.169047434
279.474414203 435.589619636
631.513982114 146.6708514
560.162365199 39.8360024942
399.242379997 340.44435351
396.43923092 193.706356181
336.305943582 308.73412409
561.374738136 61.7361123072
288.018178088 421.385325664
680.071454168 81.6625711925
455.032903266 645.2415219
444.281554384 79.1817006047
597.596976928 85.3822475705
359.589575367 398.180339269
492.792840666 45.505019242
468.535772636 53.6666998541
333.32275039 125.239984369
595.248949538 135.469000196
662.262241023 56.0720091868
306.693508409 324.483699825
648.56643238 71.939177552
477.016870158 353.688108168
540.25731759 52.0722932706
441.291297576 106.06998904
356.560763467 118.739499607
483.051550957 269.099158763
377.341954243 378.650280296
483.960440392 94.925213734
431.106578493 363.586248536
436.535097182 12.5580889156
490.138328212 307.965184405
511.31758476 41.5922712861
439.01303359 673.760725734
486.161441095 680.630252877
427.121502983 171.249769937
458.681415388 110.558572009
648.177070376 105.442453291
458.599625639 681.430439714
439.104813613 130.957718891
378.548677907 111.634352962
