502.279962469 549.912921831
522.65259429 516.661813109
550.870285033 216.286083037
272.280439157 344.468668775
487.40109566 642.276426167
121.40816135 311.151569242
518.275008705 536.193512697
426.421778024 115.636016753
394.061258049 112.283115083
479.424311261 291.672124745
544.886458818 353.768271313
514.198629417 654.144885914
341.62780837 373.055716453
475.299952746 173.165495229
423.980957418 167.4497719
99.8916939958 330.338709474
201.649275698 296.633316211
331.720066995 391.602499816
468.089452753 550.299513722
497.800501309 235.517735962
518.814129099 270.320567241
538.031640061 275.973223467
496.49738635 282.026309404
448.410525571 115.955167671
396.926319758 169.242079407
400.698479695 155.113570254
469.605800572 266.183322987
456.23116725 243.101293289
490.509683308 519.284459403
492.709571617 161.305835446
228.632978887 310.210043478
171.95509448 353.164060284
471.031761355 235.308503136
519.049185389 628.678069797
464.487235757 211.226823716
518.853969549 216.490065675
451.077874023 261.973947632
358.702903364 378.667564774
418.328919766 203.974028031
464.765426079 147.654393002
139.120886241 344.37653037
487.380732466 271.138086595
518.067425814 356.018986415
475.893259222 221.382019767
546.327841658 261.218082532
488.339309501 668.426533039
153.767025316 301.404432823
92.7202510188 310.49534935
447.27215631 133.45002477
424.996615252 238.228184155
503.193878371 302.784066404
512.323638385 294.827949945
122.666242098 335.975393313
259.562816673 370.910252304
144.690706825 368.747239789
105.278561754 310.560196913
341.558769961 179.102531975
430.195665814 212.482780671
450.699235969 169.106616718
490.188094941 699.603742866
469.363449992 527.79175687
507.880768664 678.243197482
127.105404472 301.392649406
499.721906134 254.96516593
469.153265074 690.562123435
531.567214287 341.521118368
358.368657519 492.824361843
494.840249655 323.928673408
507.528629855 698.157207048
491.81878597 179.664716514
446.57388758 192.889683701
358.556153299 180.291623865
472.751900267 199.549249849
515.8570624 319.561207786
202.291477009 335.891304407
338.228893204 490.263069209
408.646727057 183.659410267
442.945568916 219.226489058
407.073430366 140.402296574
487.791661013 214.153501064
475.422424093 254.299787804
424.854716713 182.148056384
521.191609147 310.91116406
244.699464439 353.340995636
457.59279589 667.812804069
423.995152125 146.286673704
182.932012441 311.884357707
503.696876233 343.879443216
544.288334483 301.877268135
550.260712888 334.746481831
537.499050915 191.360579385
348.126849586 152.411230445
362.5700822 659.410815169
391.150107049 201.277592949
505.803128477 496.79574852
406.503307491 122.179010618
501.124089394 195.433706999
160.431296628 334.81144834
533.524163747 329.00729769
520.099201803 244.799674038
