612.42933229 111.184541098
546.73966798 56.3190344789
694.512653299 133.337198575
676.89479459 232.217873899
163.547488949 130.495403444
141.307006813 98.3528569127
603.523552364 161.839611504
522.415473911 123.912054811
596.720727966 203.324403212
133.049521887 85.3045745297
704.586602062 217.056307304
702.15572904 325.827240113
111.348835776 97.721850558
663.024057442 153.272081873
565.509574246 181.57830592
295.48280287 102.74406942
679.13398171 264.910108182
201.60015702 111.673591546
178.573334462 105.930229675
589.644444056 148.413727791
541.05206079 102.674849803
686.545382165 248.808181467
240.015325442 90.755493647
549.19016168 102.738593756
537.97424597 129.337445489
549.140495198 144.498571609
103.950754186 81.2251910971
576.897295104 145.669601985
526.228274669 72.1442749955
607.450799183 197.059839073
322.843713175 118.080176243
134.777189471 120.676518066
553.670742256 132.442963843
514.809285459 110.813004286
564.159507031 107.888634138
603.774307901 131.654208805
560.980130886 151.57861968
277.273350799 98.8746235001
660.137552279 149.113223964
628.148393251 174.488919349
260.287486591 103.539735095
191.947916694 98.7533955662
700.47180111 237.968095767
551.344754349 121.65442651
358.295830645 171.88125423
141.34622716 142.750413146
312.865779946 137.692076381
246.910423009 108.436802813
571.994065377 194.889684444
575.733662261 136.438133199
621.205835765 168.484774806
338.345389836 151.70688674
648.754128952 247.124382648
664.151427464 279.069917873
181.427126991 129.417208332
295.985181747 143.50509139
561.756902225 94.2459196817
615.54450271 153.95694933
657.853662803 167.431969686
669.290030583 306.93687073
592.418351362 183.471688404
682.985426331 310.636898087
507.900544879 86.3046377556
157.1400851 88.8735527913
256.260051554 130.316353975
639.164898592 186.774820672
685.351203589 285.677824897
214.295424423 98.7997646616
265.285133992 144.972375563
674.472144848 171.516024339
681.665876884 119.679346788
586.057444551 199.286749368
670.856539117 139.223133206
675.179695047 186.603516467
699.336259077 273.196781682
160.609333559 113.071848241
631.157617783 141.98773334
569.049988363 119.675353967
557.280647819 77.1076635619
580.662631633 167.487629173
647.107697648 127.933415319
530.240981904 90.343563935
504.17628326 688.68712726
285.175747511 124.738208969
280.542468493 144.849368986
616.949503434 182.792321562
535.567550267 79.0817218521
519.739494978 676.570320815
568.253020292 221.611095012
688.158862826 192.324756898
356.20122826 143.029658246
668.46135577 209.777361238
108.070296682 129.074572153
560.203486936 168.315826198
518.536794038 102.502979731
551.178448936 180.916651818
584.830604102 116.194984592
97.9451835663 109.709062498
645.284652227 218.140075565
377.574299381 167.590140196
