156.9697093 481.170577117
720.40322248 611.112355594
707.379355474 560.203320042
600.905117587 494.371552578
722.64482013 570.75321314
140.890146898 485.909424114
726.024056008 294.426248064
696.612766312 594.135495529
121.216280318 465.361828323
689.717005712 389.059826572
715.925177688 559.618533456
372.551165442 419.815438936
677.526381336 576.146096499
713.559963468 196.319769022
700.178142967 90.1286580769
698.502021862 616.79571176
691.784416933 263.277555787
373.589107724 442.275762456
707.292799194 286.775756897
686.892631456 274.336221947
696.378425649 221.92778293
693.495485065 307.309256308
419.801739866 460.286567039
705.383870534 486.49780959
691.279635454 247.041221188
473.041147465 414.821862804
601.43254766 433.756479136
725.013160043 509.187960105
674.036827851 288.371037468
705.593622245 506.742294333
673.896306602 474.793865487
113.205681619 476.986225335
645.717787425 551.795552076
177.296971557 455.859329451
403.923535077 379.046570651
671.294513657 549.752032749
397.638963475 394.659670252
156.235857402 497.762160913
638.503433799 427.20988082
650.520181009 476.417405513
678.822314815 670.438298908
732.526153651 522.906516967
677.308400502 400.322124126
663.596610386 509.917662361
715.478093731 273.622269047
716.899744369 589.503166197
627.736097299 383.884308148
657.224225438 402.418695378
669.293561401 121.571437588
637.493684971 515.955675057
699.831314823 539.3122087
629.165752715 526.240986599
680.28895771 643.955680771
679.702053856 614.328582524
689.254729403 579.837503327
727.638020212 538.043717896
713.8016708 623.938720931
693.192107362 515.633955956
691.22637243 98.8609110694
700.665637875 558.590653937
669.836361659 428.419114289
178.908782048 476.577381802
675.043612617 447.485197034
682.747663887 172.264486198
708.263187493 639.233038579
90.5649952498 485.096593482
702.412095015 414.601145857
652.13573091 631.583318296
100.898772996 491.251923077
603.683908962 451.367645476
137.198047882 459.001658889
439.361397875 414.823508818
460.385664977 441.337017468
494.750279818 442.916260132
155.043789951 445.573235149
711.832809061 665.884450184
429.29770218 390.780756908
620.99578256 461.742583275
660.434260051 573.588681059
683.973165394 493.176889022
709.901075928 130.00469889
649.342891337 444.350337445
399.515504744 419.184039813
725.60281102 253.970712449
687.613785913 553.907256642
664.533417306 597.738258628
689.065622803 527.897422468
410.711384581 433.298722736
708.952890848 578.287948147
384.383689878 469.422515132
122.976157355 496.461669226
628.259131508 483.77655151
196.257900824 480.03757935
99.7367707569 458.653707211
672.674525726 254.747167469
629.701067685 566.633526051
685.829343938 139.612196329
674.656237574 376.409980724
674.631988387 214.700417914
713.593938253 235.723286492
