263.014443188 119.715354947
200.097876918 83.6466261254
356.493665303 200.458846755
425.407862252 441.737469677
116.81519641 486.483354617
99.0878471378 455.439490308
291.729152818 340.853192547
180.540701613 210.413797252
385.142625616 493.277406819
106.801233593 443.379922308
407.401757569 309.209493425
487.394630143 526.078483872
85.0853060532 455.961399585
317.513336688 194.662988367
270.536467248 386.590584586
219.627256339 452.745807282
442.641210592 474.715494271
147.034926322 466.605547936
124.003397273 461.166499367
264.483410352 298.724630928
188.038429178 114.843179991
462.695449129 473.575395518
152.481116346 439.446027567
197.3907892 126.906421095
187.863331988 189.227498663
207.759688793 247.904366048
98.5140700733 440.244043533
235.270783086 241.56580726
173.275012925 78.2757525646
367.090488541 462.925321761
250.777704553 470.262571814
98.3313041483 478.298766975
209.183969103 202.849770465
168.930110008 167.82105396
215.132498193 123.824452129
258.51778615 148.610035722
213.436162705 220.28463455
192.588117934 447.064210395
309.350308564 137.326108926
297.022801919 308.046711075
176.753995699 452.886090747
126.224736478 451.691240156
458.918121518 446.135599319
206.299161786 172.357186568
262.826675426 518.375795931
99.4842084512 500.013895491
231.47312682 487.416958223
161.222825852 457.245136904
293.921119587 422.545530091
226.065330585 199.227257182
277.741796102 253.148886429
252.490190217 500.951611202
391.368689282 462.583919235
415.647933073 484.61106817
134.036289486 485.571130025
208.897312924 491.879622009
214.582413211 104.268898551
267.294774893 204.74450206
323.884187359 289.076597535
438.045761811 511.144874529
303.286300986 396.49317288
463.22034734 519.399729169
156.692056372 106.29040715
119.50802962 444.784791967
168.936709426 478.833447217
313.420114312 336.707609963
462.77674795 505.564599175
135.614576329 448.720072318
175.911906292 492.825012082
329.721239167 228.639123064
338.739417987 134.812882013
329.390796665 450.4173802
323.029867699 166.277392667
350.878608472 299.188431323
485.022689188 499.008009616
108.828827448 468.584877777
281.477910923 162.27342014
220.121637242 144.750134945
211.32880681 89.0575454338
267.928248589 342.558578674
299.068412851 112.245009545
176.305586168 95.6536832881
503.303186178 690.595566508
202.961669595 474.352593391
187.427634549 492.023998607
337.675125873 398.688291191
184.807473692 100.335874721
517.851325769 680.289610993
336.740817569 495.006751405
346.996671513 262.952540278
272.799896357 492.810177912
399.534916521 410.73050683
83.0185675133 487.789904278
237.617963572 324.81290084
171.263076736 140.320531704
244.420766952 367.696842257
234.942766496 106.067602426
70.6439648175 467.53964108
376.586442904 435.804499487
285.253759247 514.543209581
