281.299680574 673.201161501
241.780423942 398.951871379
277.544903762 639.982929223
284.521002619 595.421815519
287.102943555 255.759976745
349.890503352 641.467855806
580.915463977 641.718399277
547.320282548 645.303464389
349.727691121 681.17178337
227.158738291 714.367366945
288.080690846 709.970965678
131.022529229 731.331041778
288.108946425 697.203599886
253.472276727 701.328203352
462.883792414 690.525570974
232.339172724 691.64089392
251.889652874 715.115550069
628.39059738 490.746806843
233.450087608 429.303582839
198.03192751 700.196049017
308.789590485 138.503934559
623.79357598 473.658213884
484.653253291 700.816467314
260.324670252 609.34176504
154.91170182 670.162599126
231.44774251 533.307751424
313.351685279 469.345997833
333.393898955 499.39703907
469.54491846 668.5011826
102.376066344 730.920415327
304.77101337 649.478824309
281.017645997 525.10946745
337.452472128 139.159276627
248.093280616 483.610175343
248.297602905 726.766503857
194.849827928 682.622290355
312.859037544 232.20827724
332.361837886 684.682481505
258.160890568 382.40644891
307.48267197 211.547653907
311.15103975 613.103565323
332.841965218 115.725769124
470.030967941 721.853952201
150.950234027 617.210944729
255.668752433 564.510315285
380.174265449 677.187885002
541.82308825 605.887789834
298.775542413 402.882862016
277.551025348 475.126902544
311.504963077 507.699855762
178.02358161 640.57961296
201.129356484 660.745513005
253.324029163 352.711193516
337.798576382 657.678516186
504.888820428 686.160120521
198.234746118 720.703400313
225.607376285 694.969556117
268.899490332 433.036532901
549.159809685 677.640547432
318.814109936 103.904242345
273.694558496 328.731946563
245.277758671 701.895926864
316.624210178 576.80485951
197.082027896 606.944141478
229.000528356 626.375794661
104.064118717 717.58929835
569.896533528 666.368171509
123.19331009 667.687392574
271.039281174 685.870570065
313.25895177 684.896886033
295.120637416 573.61789725
275.953990685 722.353558478
305.942503595 294.098571285
229.076962178 569.556892327
293.234321388 501.522159095
250.954604004 675.786111133
137.816338845 714.136143033
289.42135653 291.582367689
281.304589719 370.350886606
408.091709913 648.282368412
570.921487975 627.670829342
256.922729783 709.869458627
322.101719579 253.461397602
300.579337226 465.601522938
275.610020443 695.223701428
265.634782341 528.638112552
99.7733659819 706.533105034
323.395532962 163.301744873
241.661476968 656.690513862
275.920957289 288.902908428
443.884959546 673.16713203
117.483253771 697.67519874
339.968946908 311.852235125
255.272239862 683.943423366
315.957537126 120.418910297
318.589616314 272.087462285
234.754247724 369.97167044
408.144614049 450.343660563
297.220364776 338.564964154
240.766751441 464.530249615
