165.802338207 97.6271895489
100.843681717 93.9881181093
258.532722352 180.483458226
390.062244383 535.249801216
115.767428124 586.352089809
99.3322123885 555.253323733
196.897430102 372.227291591
80.6849270442 214.053048813
337.978508816 581.224400283
104.555409803 543.312991771
403.352748745 305.588280333
474.890920641 625.168278371
85.8404145607 555.784089646
219.098793996 177.651230547
186.228422851 429.848837374
211.699822977 551.7760018
414.305465353 570.53843977
144.327252167 566.255333114
130.421587314 560.697232205
173.4416184 339.747287047
88.5961643903 124.998671994
441.457190806 570.907968582
147.598645261 538.577744518
98.0602195843 136.972568084
88.5958944603 192.66242777
107.805062607 248.874931378
98.9419252907 538.983057007
135.400054628 237.080573284
74.1518272651 90.1241047187
323.022163339 552.226062568
236.195839002 568.766389279
100.520833347 578.213080355
109.215874877 204.451696739
69.2624511945 174.851067873
115.456463673 128.125168763
160.971725013 127.903934636
113.460728826 220.495417224
188.362345678 545.914163086
211.537134963 117.123534412
203.682670627 343.583102771
173.068012857 551.916985567
120.041484936 551.377664844
429.905514718 541.694147377
106.386737469 172.793572509
243.817855759 616.313864648
100.672989999 599.896306584
220.770159457 586.658509298
157.83069265 556.738580881
238.164566061 465.177092905
126.115378965 197.768049306
224.365508515 239.816246702
238.84276699 599.753593968
354.287868252 555.304692098
380.57692457 578.211071873
131.757691967 585.484657306
203.758688357 591.331390476
115.438109414 115.542449693
183.017646509 189.265769261
229.135701575 320.963097111
417.20904895 608.876059129
234.694477173 444.265656452
450.564376637 618.460338553
57.530332027 116.846511684
114.623439472 536.20220759
165.080451775 578.400081909
217.01805197 363.118678573
444.30884264 603.665354932
132.9724266 547.538571915
173.91914801 592.409724894
233.063034617 214.886390234
240.498690299 116.628014254
292.341870779 541.556985293
225.660372606 143.648455747
260.841152235 319.303157729
470.878470177 597.821012869
111.455526389 568.46716138
182.866848331 146.095551941
120.6390959 145.154595981
112.226014892 100.927533086
172.754708014 373.055659346
201.261898951 95.5569015688
76.519982458 100.76006034
502.272559859 691.760030109
197.77455259 573.767254291
183.180353146 591.605251349
299.134110406 423.893167416
85.0802116743 107.241468528
515.394239639 682.092879448
298.445088981 586.806811391
253.363914708 292.172672085
255.259409211 591.110610582
370.765982848 503.391550091
86.6668450694 587.674671116
146.606723109 364.269450363
71.8859481116 149.15112068
150.811051678 402.094836861
135.975583518 105.212330627
72.5130022499 567.199369065
345.710908116 530.744019783
270.014971393 613.182337171
