259.205171422 684.201164499
638.427490885 183.404223647
369.815558093 240.547773419
408.909396348 190.555509757
563.37721781 140.857835954
526.662088731 160.022234652
650.017492411 99.6174211454
608.505515759 212.826525376
322.945533982 210.221060122
448.757405284 135.783579146
297.328425391 201.599446294
130.948484226 207.712945409
542.329423338 163.927986874
331.662575068 246.953084047
493.338340112 124.381009076
364.578628945 133.904561086
266.471110059 141.372273745
423.320146742 158.63047967
682.946383575 194.915700795
526.424466426 189.800002391
640.517374497 251.493443346
145.657927973 214.466878998
666.954941934 112.797846661
477.429668255 132.670005365
176.138993872 647.620280847
397.810032003 150.472378201
689.801731587 148.256384834
512.373554025 218.297110623
656.740755208 271.73035612
628.655570823 90.7939892912
614.461270542 262.602015187
318.604373341 175.849542444
664.063753117 73.7553890603
288.660357529 159.968124031
567.710758574 153.452518902
261.091652975 666.403999705
505.801074582 145.135968417
482.08431127 212.872068808
677.007958866 149.004022189
617.583318949 279.986727842
497.454719389 179.224260489
682.639314291 216.678178982
562.500704654 113.125384671
432.009929126 275.532950081
581.993980623 225.569844891
586.239970628 289.134403901
172.059443107 177.06066179
649.879954908 206.455322813
374.32752866 299.14665081
398.499003619 259.924350342
584.912333161 167.085263837
694.655087044 100.958409162
567.959825536 179.59818643
438.508630925 175.529239204
510.67236805 163.725528135
547.321159371 129.55078604
116.847298915 202.964129019
548.76214301 212.642038199
372.062085539 269.276544891
607.785870826 161.517978004
156.820546585 186.322714191
609.18434625 300.542162092
636.965941308 285.847109818
656.309002642 130.391732675
140.852336927 163.646787064
267.190002342 698.604540335
616.114397115 105.745658662
649.952985441 157.797109414
586.119653076 255.414233784
643.009045445 222.724251188
252.858689191 161.942754646
473.796024966 144.30891402
700.970568649 148.342939583
99.5946507694 181.96583656
463.775499567 178.009397438
436.597094425 199.803692725
500.365321825 128.964764168
668.815533042 160.853060145
700.775619792 167.609280614
596.857312774 120.064207194
689.253384296 173.197742633
346.085890838 175.782815545
624.725492193 138.068132516
370.046984395 159.212243002
520.466883338 140.9085168
337.611812266 144.951088012
123.521146722 171.996904185
453.907131833 234.491429523
99.8048332121 201.764722584
592.895727739 92.7218074592
404.377170243 213.899940063
537.792146296 171.670638463
269.414852617 173.665349186
554.960245521 253.243726193
372.496609828 190.170151074
415.822818677 240.165458279
671.8073487 239.382191443
346.258639872 231.315752682
391.318831131 281.751037562
522.773193109 122.307692618
