612.771638872 281.433152828
617.759730935 285.758304865
640.021758798 174.262169933
660.014095077 150.46982427
606.875450749 677.1355998
594.961499883 563.488421334
640.288600871 594.323994042
129.310971694 160.952993567
501.440733034 57.9758253329
644.806086502 228.081162658
625.315922863 686.013409076
641.798357301 331.427779158
450.345005159 593.971514413
536.955818927 4.52408979059
662.06623026 94.0290548335
562.515880869 680.815419447
654.037770995 142.390086332
604.348565282 575.906605879
622.319734541 638.153119888
683.278597333 268.769267503
541.728269775 80.6610193729
661.167523843 267.22662568
656.579934177 288.940768124
611.933674222 104.701002718
513.883364694 79.1708548478
588.152036022 67.0897383309
620.467934187 71.505057282
652.643371318 129.422019155
589.353235838 667.684159318
537.991827499 16.3254013986
605.299762008 85.0012444701
573.262670222 591.374837373
159.620165981 151.163981912
620.284220717 238.364966942
132.941366737 135.996291938
667.71846638 303.879950676
620.764474282 107.434769862
616.970707414 597.896571329
637.172864215 103.398546342
515.982053436 22.9524608279
571.267623416 700.453291979
595.177513815 101.716625493
605.724797298 699.180046006
547.389087457 54.9851177309
672.806489288 165.035477067
622.864626716 311.97093884
639.033070936 113.345452976
654.068987821 119.071330179
641.857467964 97.5014784832
633.478315645 137.801126624
621.572851503 128.1228367
622.020785317 358.158925123
607.231335495 540.073106907
553.401434106 320.242034113
577.754042549 612.723887463
638.864938495 150.710965274
619.237164454 563.21316152
551.297408809 31.1479739969
651.216448993 74.9006520446
627.759620492 657.148657655
574.442764998 657.351816087
637.937736288 307.21095804
651.338156991 108.85466816
629.624412015 59.0428583041
637.682873953 357.113517305
438.596437491 618.294916927
594.284612798 711.843306728
589.45589186 631.961673078
635.945013059 627.116625509
517.200706669 41.386895585
523.934510744 59.2229878455
618.656697835 160.061715549
151.396116828 124.621191547
601.703900057 321.212751133
606.129175979 140.321445036
585.318945944 693.178064959
648.209942711 191.966092307
604.115461788 28.3343472877
114.670264165 171.12083029
583.685683761 41.6883982742
629.69686417 81.6409623675
599.901010554 56.3770254096
643.114062894 255.401895553
661.394966525 230.035735877
626.623770589 697.547134343
141.686833834 171.951740556
607.841754009 121.527236866
430.303779862 598.517267591
631.141888004 276.638926319
627.852431654 671.742593902
606.685873905 338.550889434
648.086177568 164.964035146
570.843573956 641.954077126
115.769341375 134.879113322
597.581509015 651.895298494
106.124396543 149.493364649
616.273881075 97.2880476032
592.642196216 600.220021151
602.58788571 617.75131148
672.101427193 137.208304564
