672.351043403 670.507237887
273.034219999 316.501784322
434.625683733 634.113323296
554.048286877 526.541016231
305.366314722 529.751857384
489.022549778 232.687116127
542.111587135 555.418358571
445.032434597 515.579913179
644.261758161 567.779664682
450.48296131 305.939554348
507.122450417 108.168818151
516.473819439 530.609984339
353.720932592 696.146566266
537.118037392 538.043125972
323.441560759 620.570412746
477.616929301 266.348496348
354.821614266 614.808617526
145.246065587 419.860152132
413.01580514 238.135488174
289.045493111 511.490743397
645.409155181 669.847148273
323.451450857 469.224177888
339.331242065 475.74204969
336.626321599 225.714120341
504.589028513 427.734197399
543.592964927 640.482342664
131.79921747 106.773306439
516.168351336 249.315516551
353.712335159 215.199180717
257.428641006 299.64293981
170.847968055 106.38195161
524.555382854 232.589027404
229.148813409 288.37910499
101.271287069 553.491060638
535.242471281 660.454448722
324.94874317 531.912431968
306.249830247 220.475293299
233.641681921 410.58504087
201.832389573 110.340872331
363.185148539 643.974786539
402.024699437 432.346498616
206.279067673 345.439479214
313.32767712 133.077411357
554.789738228 668.195763296
427.717698958 294.735180664
474.9891758 252.060618128
386.052318484 140.410340799
548.063018746 218.514390791
487.587629046 207.747497326
682.28141174 700.932832681
456.280890859 281.727215135
442.63151196 244.44073998
462.550595334 446.292989611
336.369198965 700.65407208
412.918863337 313.5627048
422.826373601 221.375210298
300.092791231 106.632347418
331.020715677 678.959334692
370.399561038 181.249187815
350.70780577 236.234341367
398.284370975 253.970895776
652.757589062 600.771477006
338.386608616 251.662353676
325.036459958 661.476932355
639.867830198 537.443790976
407.445565788 601.827010651
618.540958711 667.766996134
438.796193984 430.839495684
262.035294954 533.276873625
503.849130674 220.480090251
632.707004654 643.906022556
185.836443117 130.809478463
367.085073639 211.855322265
325.471821835 230.623894948
670.571998375 568.560835962
481.71252898 693.196033991
303.397027809 501.979965817
434.666291942 280.61253155
414.366139914 427.393202841
307.987344807 244.501773149
220.126024988 316.213818565
114.500436831 679.856585459
116.531470369 542.522559628
513.295007521 204.564624906
153.786834769 490.726401279
324.479197307 510.843137782
340.065820011 642.161595729
399.572435485 458.241342225
323.471020431 695.673859152
391.326279263 276.448312928
131.241726408 473.983189744
113.55943627 437.177213096
413.475940649 627.642198775
593.111491231 700.842423446
497.756638614 129.511255861
421.569792717 459.166396663
336.445690759 207.245892712
119.169814929 199.320281622
222.59333764 105.728821979
497.296957308 449.258254265
