716.235515176 628.211265671
633.727332558 351.669370357
682.994413598 518.81395926
662.299600904 471.852647917
719.807193328 254.796496795
762.049426392 626.716740462
716.926444264 434.982028945
696.578320855 440.194006806
772.959385566 699.405097077
658.938625899 648.591267657
727.174775706 701.161741836
118.894227809 450.061129296
724.841061247 683.135498224
681.054061693 606.465679679
696.803988544 494.656113228
659.96641522 596.426509806
686.989719059 686.08981013
714.530543489 396.168809681
606.883068465 354.497283066
523.144640986 483.81855029
736.494267383 133.433940023
720.869213116 372.733121471
713.193136213 493.809746639
626.473223115 446.065493931
143.725470735 422.77434698
586.336287167 409.057676707
690.542832829 403.109506256
697.239147658 410.951888729
666.315399827 454.271348002
104.413855701 447.824721488
726.61400619 591.674061069
659.076605341 427.186139578
768.562702534 129.12716457
621.968366786 395.591131656
682.464018869 700.217274248
484.45357042 492.325155817
741.805003816 239.108245434
760.153582899 698.170215007
667.820507008 337.922998701
733.103187198 227.551620017
708.266600383 536.847072413
764.863267196 108.716570577
711.740349961 515.603379184
431.24828572 503.618292472
613.353410241 415.725687284
783.978314796 670.116586692
692.51329383 421.758013878
702.147606428 347.110770692
657.528107075 386.235635951
685.041993739 427.419102867
462.587498788 496.156494976
489.298683173 463.192370022
667.367369625 315.222095712
762.65921999 662.441152519
678.212500114 448.490128969
505.930269858 493.541695946
644.998406659 603.777653306
648.512332113 363.703223696
688.117721761 458.93598164
744.29975766 98.1153270549
702.406071988 303.389522315
677.12116315 627.570059965
682.595932079 467.413687955
456.815979212 466.960383246
604.946009902 507.153965062
129.034844733 462.072664824
700.59060769 453.875280064
104.219044568 410.844028095
695.950630639 574.151030355
748.228050639 672.006281885
655.640565515 443.315638378
712.953079057 698.291078365
738.910181878 294.627940217
599.24256711 443.431049597
666.131020618 403.84215879
635.525278051 477.297840343
150.660641162 447.473175798
718.385726221 286.447445935
699.903693423 328.907906722
754.636873917 587.07847594
705.138941033 419.729250206
687.184568035 665.679104165
753.026051667 251.726243498
683.351513231 384.873459384
711.37724293 653.629065555
642.937079048 419.176903896
96.2339848679 430.6589049
751.42734905 147.458689173
653.263763577 545.904153415
707.175684741 274.299615538
680.047380817 486.252319919
122.96064304 421.527998432
765.401832127 287.325310083
677.981464651 568.556789722
740.167451614 112.155276379
748.623015335 265.272962012
634.305069952 322.065609037
705.987915694 360.417955587
722.038006887 311.641801034
611.98729257 369.810266758
