311.131713282 141.973945942
192.759464781 533.795073493
198.115540478 345.122384243
192.830483949 699.793270926
278.356697829 230.558090588
264.438434375 341.071839998
180.018831775 159.542593241
344.866564614 106.498993782
246.778395433 99.8344279149
213.360163888 378.643158446
287.97015641 305.913536037
276.727895361 126.617692135
328.120714957 330.751722479
195.773811967 290.110350739
168.511102911 319.709997358
165.958217906 679.825544656
186.906658698 320.997380445
249.381517809 84.0320324183
200.403107534 621.248546577
223.473988388 154.4371979
183.717124392 347.390368582
277.182733722 69.4522198778
198.592649988 311.2793654
204.626348096 206.285541576
258.344993528 144.375451363
354.539161833 325.156287691
153.377430579 318.063036911
305.661171127 123.520555435
207.975577918 97.9770143642
124.179055068 554.771435718
189.850183221 149.235888806
305.826768549 169.620542532
266.72845218 362.619753721
301.918615414 292.857851623
180.305200604 674.413162056
205.228138215 700.384531267
193.53116145 387.753508961
332.371599355 136.056601535
319.078511232 274.111278677
245.817048069 119.599627825
128.328408881 535.230985545
239.371682214 169.18400071
271.199383005 265.963003807
256.184949461 193.439581328
278.003321888 205.895802809
320.758173554 201.108451737
150.182396104 626.609958306
176.134989601 690.033478745
374.641569058 291.649925664
212.798955635 344.732697191
262.225377679 167.08754902
165.692148802 642.070882022
147.307857031 665.285316906
170.40440933 342.076202833
183.611201056 119.819556867
327.123227373 101.00845078
237.899793164 338.274534473
208.335461829 654.715774346
193.273242748 109.052048501
331.721216049 313.731399066
371.409348822 333.823918548
352.419708807 130.27253692
242.458277277 377.286978199
227.019634357 136.318645346
214.472692343 186.035844581
350.589546599 358.082711535
178.93871222 185.477381249
220.792663559 362.700809095
178.851986432 552.505944521
221.515879963 97.0082736436
224.186657535 112.841442249
156.039071007 361.142735738
190.366862293 129.165737783
208.561615279 682.40945252
147.481899895 534.099189533
203.311310942 128.03001185
181.732772436 581.463602293
196.445844224 190.47607904
264.42936411 113.343763852
290.710490188 94.335560522
297.181761126 102.168785627
201.331719613 159.059234531
155.611869781 563.819914145
225.606869939 248.337169796
296.881432853 248.15930273
212.429317087 328.585922577
287.002420983 155.524824226
134.892308206 650.94971669
173.310739438 302.087919314
325.064333665 171.92252574
219.370888796 220.557045912
189.010448277 663.030593981
340.189031376 303.524410612
260.929860123 101.346418996
527.74845198 432.383408618
278.884148284 83.8264623433
243.265563501 223.392332535
348.996399584 153.720308163
147.662594576 349.347931294
157.501550072 603.804772981
