307.857061837 137.612046873
673.301527638 279.541658115
668.142403729 217.715340284
301.477442803 221.703342904
681.899041376 242.142667716
265.03180284 213.264720602
548.778626393 205.772361333
647.875895312 232.302441727
291.404724068 110.341683701
603.123380972 336.073851331
682.754156116 209.272784387
270.445146553 227.553295219
615.603301151 482.849485412
521.289719837 243.273288633
531.587772043 101.002610933
606.241931772 502.535939088
508.845880309 264.288935794
422.442789868 538.734520839
533.50032603 211.893382438
340.052359072 464.824703742
489.986187435 243.573567879
575.859518604 356.983621583
563.768780126 481.907139975
598.866690556 222.53082084
634.595955792 262.842982554
321.060471043 133.996601709
469.803209063 150.006483982
611.86972336 251.385629545
478.029802159 123.683288045
598.612710918 258.102730126
579.553052316 221.908502099
261.039642062 186.54546276
330.939460314 523.829223652
475.427411713 221.277268002
634.900595398 373.429546976
313.166391357 251.330796106
320.158851056 490.038655065
251.623168224 242.07025083
482.902659912 163.482899858
567.552025938 236.318144251
581.939334811 525.900590432
645.023269071 294.925892803
413.720242465 486.726298236
589.68730434 391.753048319
567.828190976 307.352508704
663.945946805 235.678681868
501.265143158 175.257666984
509.653602297 160.795878161
498.999225893 100.414651116
334.896557152 108.822810685
619.132500603 304.587692325
368.383398015 519.305367564
570.896790052 502.378855116
610.581623894 443.270918368
583.06730243 419.822681271
607.369604557 284.527900452
651.734726013 246.305588402
627.581922098 417.129922984
523.017185607 117.548758371
632.302624148 209.460096184
613.204953843 372.072082538
328.161973561 87.3474058635
562.78577262 267.071353167
494.348780828 119.989332188
601.993724384 521.268986535
236.053876396 214.927475584
541.684493863 238.156834541
578.818582366 551.930749783
355.855357667 543.589224046
558.541226869 210.973223959
308.73426373 103.120994858
413.995692224 512.922982272
442.528025724 498.960981779
103.974420732 242.667405664
297.024470771 84.4752321257
600.700366767 546.621684966
343.843340865 500.087179807
575.762046325 260.165595687
585.717415177 451.409915243
582.435713142 289.857806736
500.190258912 204.019283153
593.331912478 378.352005158
558.889902081 428.128985628
625.045485077 239.136518523
568.514121778 400.061623179
591.077684434 478.574454331
602.609469117 398.028157073
528.452906216 508.301857926
649.600756455 211.279717409
403.900857408 549.922000685
388.167578317 535.457461025
391.972759932 499.188245826
282.130822671 241.481752018
282.598955829 145.592397807
513.990898809 135.954941683
558.950112114 535.140757883
475.079885647 99.942543327
366.175068202 484.399277529
490.955798277 140.729737985
614.91126617 215.733518984
