618.487597155 405.891194478
604.941849638 109.449299224
627.201915148 143.019916357
627.443887924 130.667963907
773.764423802 575.796849529
426.429369856 545.537244946
257.881548549 190.052320807
720.092181035 132.497348939
683.955685575 145.021020341
649.831309913 201.794685702
425.634729302 232.095526141
666.193959321 89.8490401683
725.053182739 611.836627048
364.942287149 168.173308853
739.901245057 675.799660964
680.680230021 167.671638011
661.817962785 137.712429076
754.709140338 553.142453308
781.889413281 543.437869819
697.432517107 99.2159364656
636.627026274 175.341700394
646.048422008 128.276450899
762.338079564 698.67841901
320.013036489 166.588551436
212.272786712 228.055824033
761.00068317 683.224570121
292.737083237 555.1609144
720.468767101 240.171973749
401.236230872 158.154863529
647.810726544 157.631211669
689.931506646 160.35080959
613.921812378 94.8281091084
736.810401362 336.434886969
397.110583871 235.711070752
671.709962669 204.917846525
581.398768665 113.946093573
708.899429055 338.123635301
713.496153145 199.262825884
653.861212107 102.622499569
626.129404625 78.1309450783
420.536842274 472.258732988
752.344691653 599.329412614
601.723508133 403.92002237
225.086086142 198.910101863
729.599611677 543.524372093
675.603717494 92.9927723177
764.65323286 660.961294176
214.629955351 249.50875019
729.76299089 577.488984586
700.905385206 303.48257317
396.036558111 188.730903652
262.532658384 208.005321012
720.990315468 310.033565659
633.184958123 126.46826122
786.837757301 699.765043794
371.379644973 246.693778099
609.46811884 138.361527059
689.085962216 204.561140554
715.274805466 85.5643062708
702.553683701 153.129577691
350.75557254 278.452008448
706.612658801 136.782524189
662.975023822 170.503488667
526.289802944 425.857317299
402.733997297 253.697767973
593.495331198 135.986275877
670.207905793 122.825660881
279.352767729 228.660193176
768.846585475 533.201449842
750.111464099 520.189074003
670.440788932 100.556584333
326.483337876 202.061097509
681.289217046 106.07009528
336.581226037 146.343598472
673.406117513 224.586610506
786.323526485 672.421192388
699.527626447 210.029454498
359.28888295 218.268875474
430.032449647 175.503363232
696.066622488 109.291785143
640.710816134 80.4915158856
702.697999643 96.1960704208
739.454014669 289.286194851
765.616813932 621.358238931
585.844511418 410.201900036
663.458409871 148.247775796
630.652573681 95.6318018555
711.32957382 268.886297242
686.56664261 125.117912977
719.898201122 106.977726607
227.138062928 501.829312011
285.838187565 180.94809562
748.850532028 640.62558258
684.555625832 77.8380042664
241.506413636 216.067763982
668.450479673 77.5204529734
445.084964395 207.733408576
491.533980815 442.087378597
296.649908466 202.811921483
373.693695293 280.383453001
