178.604706387 562.63752522
401.019687725 125.021449025
146.430198529 169.282454399
273.661243226 94.5058659358
355.115718744 90.7868139692
310.991478194 118.221905412
649.68069213 105.408428491
515.554760776 78.3797384672
204.237430984 115.147775978
100.854304107 101.184948276
178.829776836 119.232899435
142.071061892 117.81122354
393.290341703 113.244122054
89.1531882091 132.81949035
121.689355296 105.953501677
173.321605799 73.1676766025
171.45305308 95.0733567954
150.434926557 71.1467371802
566.914854911 232.26028794
161.256514541 507.53875991
614.201005738 97.296363069
108.774751336 135.737189696
688.32148804 105.61905893
130.776846584 87.0734321888
133.129062576 182.289251136
88.0150596467 102.272422882
672.277366161 116.985773019
161.013219244 528.646175966
555.994250466 98.2855958983
549.016624917 82.6647622839
546.696976441 120.368499035
231.796381545 106.824272149
656.578529337 125.68908745
158.44546522 136.476614285
347.878641628 417.178373542
184.59425525 583.533048985
203.179220364 47.7310165607
148.845629674 583.672604527
693.377091441 127.026380145
519.894081221 134.193842116
175.476981558 269.185542658
699.425264554 163.901118828
302.62773203 79.6846750212
229.905703247 120.677778439
403.553798052 94.3253738192
188.576026628 289.400898483
140.531108479 98.6772969155
644.276300008 153.844500943
123.435212999 137.228757817
192.170745494 136.253999938
338.963282096 70.7087248146
698.451117089 116.956451313
592.773965778 122.561224547
183.254481248 60.3338800823
273.170530285 113.579525473
266.339748122 81.6271531269
108.066476979 118.061754759
369.725880294 137.440228181
165.370478534 116.203675639
439.718216011 84.2774368953
127.703829977 119.154752708
208.517441052 532.636235208
563.509241279 144.360235965
629.286219214 129.635506004
103.215394871 89.7792093479
176.220113296 538.99530728
470.181273989 82.230819352
243.230511071 535.486336124
445.629753918 119.676513276
201.747515071 560.274211133
148.497859434 112.764378226
247.035240609 68.610250017
704.074548173 143.637457316
73.7202672217 115.360635474
310.859191095 106.737858398
242.200206414 147.83382937
128.626775165 64.3167084315
669.00482102 144.411150122
712.619456801 124.899179973
380.702408957 79.8719433344
657.089660212 196.34828617
223.638618587 93.2025511444
509.186896442 100.209153427
215.203127689 70.4723768539
283.58791093 62.7920649565
195.150434051 81.9439408916
113.760976634 84.4979436445
138.879956931 542.296089934
93.0422776141 125.009404907
230.308234902 57.8008457752
146.778197794 273.984451792
154.291052855 557.552532425
143.880417221 137.413891466
480.495439403 111.64324953
185.627604249 160.955059418
144.727858604 294.562528416
684.36550458 153.393661011
184.560609219 107.183769003
156.966230631 160.214052606
152.724418728 52.8851142759
