465.632904084 587.011811627
364.549787997 688.395567707
427.979222951 591.876519165
454.994916733 552.025519725
342.016771344 716.885749154
412.226850697 360.139833033
447.016668111 323.777622392
425.279416134 318.737568963
491.729872269 560.694815115
368.784425893 756.002849656
411.287575982 680.690013768
315.12188573 679.903534392
418.963496447 667.329237348
384.639539831 699.581313215
522.859801247 593.613319056
347.853048911 767.586251989
393.181190666 726.29107821
455.263569355 682.1199634
253.396988841 710.205300807
329.027047764 656.764493046
326.196133989 706.979632455
460.463663309 659.6112996
544.230283108 607.888396526
503.183112805 614.80661794
264.03522654 751.025537372
320.411401775 741.980627353
417.177806761 185.403128354
434.628427833 142.042317388
562.829142718 583.587936598
304.116320573 704.9167071
522.908377881 617.150123047
400.811424639 511.602603398
358.108729104 643.55519939
268.187065564 692.985313825
437.768935804 644.101688494
328.824913179 642.371164732
353.48325122 685.915826742
517.19256676 636.444684184
387.893493798 524.191571704
320.527259393 719.786531506
392.245123105 331.021451033
351.163949587 657.003412061
548.464120195 626.799071543
212.605444748 756.383877692
389.295421539 629.344182658
436.088260863 354.085464126
456.753854241 168.879827114
493.65810491 142.241499048
366.148599788 698.149954876
395.096485021 304.434294541
284.656325766 712.196153816
325.372749036 761.487027904
390.161187528 594.621660871
484.500479846 544.326777555
578.856125847 625.660488703
324.232825708 689.587365949
375.187372427 730.163019974
390.448864387 652.908547467
573.200055755 599.795571912
349.037969274 675.923660912
423.265536819 162.199379997
400.80193358 664.644205019
418.278534367 291.058949264
253.565642575 729.270609913
430.522292184 569.963532456
295.868260618 728.685902759
597.84865757 590.497140968
226.797200077 734.989344542
421.254840053 642.987333255
444.751689553 619.974757285
469.431017401 527.305203804
297.019610028 756.384465175
434.09702474 98.3031666805
345.590180031 728.998431062
430.664672157 537.323181529
344.697305066 743.681581869
314.295099809 661.597150657
424.770182998 124.772222932
404.193885618 258.984672232
427.237350034 339.09778319
437.333608067 178.352202353
411.439723546 689.340275536
418.610806778 99.6693062406
403.611982414 201.358024578
475.947036957 624.636706549
399.062407675 554.514305154
238.7232522 765.436033206
343.506203261 694.179136147
371.421854423 711.228932706
418.618463903 139.086811047
602.770417067 609.130759438
301.429645721 668.04397182
453.364755437 110.38156765
394.085231063 676.594448465
340.86045256 660.460749178
462.612544528 129.099649347
308.403875321 741.16105755
436.904623536 225.082680517
434.0870379 111.801098283
220.82799291 712.934549528
