213.045793832 735.449952183
528.389083417 740.948404438
185.840000264 749.618999204
488.461218977 706.09599217
319.249117013 773.191352167
90.8236390506 730.844409022
120.140127992 781.935809151
400.58807391 170.530935907
403.039528796 773.599290533
196.96942783 692.88498474
141.627921629 750.643054319
269.457922324 772.660880106
403.778380528 304.939495653
607.867416505 768.011160224
416.785583798 751.934705924
686.316553412 750.272430922
602.848871085 738.467011879
470.723876558 721.979974642
462.608582212 764.564978982
143.922918589 727.087474196
699.649656323 780.988686492
631.23295746 762.378426463
271.005812983 726.197390982
422.503230624 322.64166064
420.012042614 139.179537539
423.372361816 191.499213143
146.717904351 707.270402807
385.064425263 326.206440976
549.912276361 758.860294779
158.064203945 745.829512203
97.9743559559 773.467499028
396.383827759 347.025457954
414.419250466 124.851900941
341.797295219 711.814635886
189.846875774 725.861653811
175.344350743 716.296826527
465.213288827 705.111885309
96.9760285897 793.73739212
361.241798479 733.139378212
133.743540368 684.412587267
287.337919581 746.071885055
224.614158301 753.610698615
419.674118069 98.8802206001
653.83967143 748.840556637
701.520616479 761.235932335
467.672162295 149.151925135
529.938940457 710.718358484
641.752666996 785.674174532
352.674484048 439.492846072
369.437562331 428.792582583
511.913557435 738.101794186
241.940795874 728.538810387
258.943227146 743.743121049
122.464715166 720.339030787
102.034788288 723.748397482
208.910552212 707.251966268
546.933758523 700.33883896
126.133381248 760.136254884
232.77549297 705.2285778
556.413741068 733.083138824
390.528371272 409.24172323
105.451283946 749.742934907
677.967812975 735.199711329
485.53815984 746.822855567
464.930576359 113.142582745
317.258582917 722.804916914
160.940817746 764.900242748
579.981972334 739.970942771
449.679178823 136.712588677
495.771959091 724.064949399
338.332047719 741.49953581
701.920365815 737.694846527
439.25893444 114.267039367
419.15642749 345.360015094
411.994041398 735.064756473
452.445435737 100.344912805
114.626613304 785.598469042
675.824573064 769.341338083
374.11272125 407.73133288
334.167836506 755.157909461
396.974268516 721.275294363
109.874572697 769.687027491
517.972730456 713.097254884
123.338305057 743.704789197
624.597704034 733.067600874
459.387454329 739.958496834
443.599950243 165.908286936
405.802441833 383.432946575
429.817863606 704.595142474
360.940568454 405.410350769
420.467413904 153.565562612
388.104009942 368.55889367
368.63098528 365.661296126
664.537062948 779.614390679
138.744336576 774.35774949
390.891960437 193.654047803
445.18033339 762.948541663
454.047475648 721.999512271
90.6519188646 757.523481129
458.436742631 685.540281493
