202.406955061 442.444993245
540.643418164 136.873320058
526.463705922 105.1466372
128.843052516 436.771932056
489.680363655 234.374943971
341.96477815 205.693878077
732.884935976 70.5659469736
789.589718412 82.3077219589
189.149640106 404.967455222
436.192159869 289.472835738
540.747567803 116.842813003
104.494187944 461.160970889
781.836828234 128.83161955
142.488959375 459.031042843
380.541742645 106.711405193
777.434130764 151.370538788
114.728169382 479.887269633
754.624114572 95.3716006309
346.061871187 188.646139789
608.640879801 104.58636575
172.966748615 462.63518995
405.788609506 326.192088385
375.630367098 672.170682469
268.622386881 139.058894769
781.628547094 50.302919081
222.569147685 456.359178864
314.286636441 132.514815554
570.340212272 113.141594019
318.59453913 118.605475235
385.133016132 156.938685325
318.014788922 149.090763637
306.42327632 187.341653644
238.624957974 180.445365588
393.118486069 299.669804353
795.041156378 93.1157481402
354.473139972 689.484058785
628.931542233 96.3263823966
344.159257268 661.289708691
332.364074206 133.296452307
329.214747178 177.575646229
387.648407008 629.533658096
498.07944536 141.73487698
663.114265662 81.6572905035
161.278294136 438.897659267
412.288423185 286.339677228
360.281949425 183.918697262
408.102358608 132.882731736
431.551525281 109.833419684
332.759099384 112.779942026
234.742281453 439.174591325
426.992566723 255.450756764
288.773574123 165.873222641
383.390333864 653.382479013
763.174525148 130.685475229
359.523904029 607.273023962
771.160928432 63.6977925562
485.947420705 118.970209058
792.685797822 112.800605243
358.514531646 106.385106231
369.693553049 134.611016889
781.229201264 114.924646516
242.091002687 420.071471219
398.129732158 264.894025199
289.233699915 113.852070192
169.867144111 393.363132557
114.083927734 428.820297272
145.228999102 421.376313652
395.241087349 669.850398021
655.180707799 106.165406477
256.577422251 182.574803432
221.577961515 423.540334918
351.292802107 162.551072835
765.499718484 84.2574265134
243.143916009 153.941419124
230.210889639 402.925898058
787.51113924 128.576866639
702.551604217 106.047673642
753.710835136 121.772717543
376.120276949 606.406212453
440.186862679 130.062542779
362.150416963 210.974753817
464.06769137 156.506995429
357.702348777 642.068866268
696.29935696 66.9495086914
416.673242379 310.61036295
350.482713998 585.2026561
771.986966108 136.968837908
366.900691421 696.277849497
751.939975584 64.0404956904
735.623497136 118.184896482
729.759079052 107.489236346
712.093688299 86.4754038161
131.974886238 479.696233511
194.740822201 433.370736046
385.529654204 122.850953332
381.063465064 698.031993682
311.512766808 104.007219007
328.693539896 157.037437862
346.315090399 131.415074309
289.193915825 142.0571548
