742.677119058 630.092916964
646.616076893 324.751742652
691.029012818 498.100743181
662.473926677 442.428453214
733.799593423 228.536728079
778.797224283 627.835916816
717.55371522 405.002664067
697.231030244 410.221663298
796.060845873 700.211381451
688.930647186 649.131069108
754.16286565 700.397278567
123.517807264 420.430275943
750.446377299 685.066606215
710.929702192 604.028211299
688.049115682 466.022255359
689.76280674 592.950978977
716.609648353 687.52806403
713.993105012 366.181892804
618.960882881 327.06905248
535.070373266 456.307879839
745.655574145 128.542121925
723.165766014 342.829876336
702.569325755 465.757998762
634.278190381 417.30206586
146.484725633 392.902247957
600.481592674 382.631109586
690.331378757 373.1248862
699.44228386 381.036030258
662.330388166 424.544772565
105.250729755 417.843562158
745.924565066 586.930725835
662.998217655 397.462208515
781.226834631 125.624964866
630.839095759 367.042304576
708.924549399 699.958031153
498.864691499 466.032284582
756.56537928 213.873662622
780.835166036 701.423730938
683.444030933 312.477610894
743.840017617 202.224381226
716.338493737 519.723157461
778.259943277 103.675711986
701.152552137 487.840439768
445.109897231 478.967696943
620.895748886 386.798286799
788.716809636 674.472062973
691.514327578 391.791331279
708.312571658 317.915618098
663.290413096 356.898618172
681.022785366 397.707998432
477.64633198 470.211439764
503.352359223 436.695492094
681.093016887 288.72833677
783.341806452 661.965061131
676.159774064 418.56231841
518.592929177 466.36326294
674.977146641 602.724899117
655.820210443 334.673746684
686.454377452 428.986884277
755.415285496 97.1565740147
716.205451662 277.0532013
707.035398897 629.704192502
679.970329413 437.537484368
470.93940046 440.505628017
615.566057194 489.764363566
129.545953185 432.090590944
700.864247126 424.009429559
106.816260011 380.961154543
722.833664148 568.682875228
772.893003339 673.452529698
645.665935885 415.051141284
738.032313649 699.68992422
756.243734806 270.451927242
610.635454215 415.911249107
665.823290005 373.8964837
641.878143748 448.250139647
152.42609059 417.548586873
735.397828129 261.938781922
707.292994258 300.252605268
768.281696107 587.183064032
704.513401922 389.743369021
715.73181117 669.858784458
768.488178937 226.216939887
684.242794055 354.951849852
738.730281968 656.96191233
645.453291242 389.435923962
97.6961675115 400.708927051
762.190973014 139.869923561
676.040583792 535.808172279
718.476405004 247.011095471
669.431122334 458.195311357
125.395821779 391.640498093
781.87699623 263.130581183
707.802508331 565.32432304
747.498812771 108.654661645
761.639921964 238.53235365
647.277967283 295.171723615
706.184522268 330.608716312
733.381425368 284.149242259
620.467268348 341.093993425
