38.5959307225 304.734749682
182.515432079 617.564268024
57.2283693774 237.902484216
314.756958324 757.418884703
59.9955175704 691.901160458
56.7701888859 665.277001064
53.9595754634 156.070763959
322.712462749 593.313241412
364.315369842 670.884086269
103.54695295 600.731920707
713.283043679 776.561638161
115.355124452 695.084786974
55.4834736089 648.288364052
711.053093668 737.076258849
624.736956449 727.399663396
257.287223265 657.952573399
153.749564454 665.488628462
86.2262343646 629.261161227
265.736027895 736.481185955
43.5861298346 127.913749693
84.5020899196 403.299131714
305.049318116 702.978686861
152.823922591 608.942990077
613.657670265 695.927885119
416.969140361 640.499309855
295.265862854 343.143782835
58.0346051921 629.62319831
35.2594779119 154.814737303
150.439939267 639.292546194
406.743557712 683.770899514
43.7377232898 375.069383815
43.3679462287 704.856741675
25.9741529948 135.823497955
101.748122324 675.075125916
88.7442693981 312.829611951
57.0190118844 98.3412529287
39.6056415661 178.900612312
102.489374537 630.962758095
84.3072166185 279.427932539
433.71676003 685.361491649
75.7018409502 688.454396043
120.606877893 612.125775036
679.005267152 771.104691468
24.9788428782 101.993692099
283.434747772 648.082661594
53.4425245408 713.916007042
281.442472582 679.647616004
80.283496934 657.310542016
653.157868299 721.66059026
43.4271747113 116.586217588
65.2298850352 119.328882457
53.7576639526 397.54566252
255.926481737 771.09593899
96.4978800387 692.643747815
51.5128826135 682.613767843
266.027042027 759.507641278
315.998500073 458.154869841
78.3663287983 102.801922812
678.093405914 749.401862637
80.0610314463 729.22683716
61.4746113454 198.524836087
101.102823902 716.892253634
117.587408317 647.326274359
73.6138396122 624.489777832
49.8604615383 731.53931846
656.487941653 755.720441206
112.545893259 674.900522354
283.981797953 727.868182443
73.2241159432 719.654082089
726.957191091 748.83073991
350.692641472 289.395305524
452.395409811 369.550939165
59.4419648475 268.578198913
451.026093172 725.031010701
283.742515191 772.594480746
66.0778740194 656.3860486
70.0390260568 300.427966653
42.0682156457 98.3348059029
306.179430937 565.770305805
76.8025179613 140.448793384
36.3778561742 277.7879391
297.438161345 628.067892885
490.452957952 714.861979794
77.8743122625 678.917119048
76.2566167032 710.639479213
689.360143982 729.676928248
284.861561433 752.022126774
521.299347858 701.854826285
320.876471201 665.429084804
710.770838594 758.685500223
58.3578589665 359.79783027
422.27846905 721.203060966
13.8926088779 709.713050784
426.853596544 356.688884783
176.734212951 649.415066669
386.02726572 662.142577598
51.6781694186 323.16880614
19.0839950328 692.022867452
385.206710076 718.470408361
74.1218984898 383.97212843
