665.953306688 369.696801613
663.223406049 309.990982238
668.331767324 329.370654297
660.649925431 157.035075778
706.960412989 625.261958063
651.811179036 637.596690236
687.973226944 449.81863842
575.549298306 63.8139690957
588.746466319 109.960496323
640.217978127 131.019136829
711.233130024 645.644613272
705.428047901 518.97502144
675.64561267 614.678748497
661.319504717 40.1017627613
629.995719998 101.563147709
675.677468065 663.631564546
646.768600579 170.915439994
657.600549331 697.472689662
695.121612663 434.358578318
686.023431807 226.896647794
632.152578098 144.295410142
667.23933952 264.106851925
681.804505082 278.130321496
591.495845799 52.2373299524
610.645115213 142.768660677
654.856203448 80.6265832544
668.832664629 88.4515619844
652.186237455 113.483095658
689.974778404 592.508087942
635.286442474 45.2365048673
666.342441869 102.140345916
652.468292813 674.921971462
599.074500317 90.7775353976
657.864512528 345.619042489
634.819734917 86.1295171123
684.302371815 252.585568127
628.96742283 166.45012927
668.976189368 462.56467578
618.104863765 109.113589285
629.141057767 58.6246747632
678.96612064 685.484190608
666.679949931 111.156476618
702.694499328 670.84667872
646.217403051 97.6905691668
664.80362725 172.053562316
682.553526567 384.031942542
641.104947273 263.439065423
368.859276197 316.322279725
598.388084053 76.309910202
600.738404848 171.773518815
619.546653107 171.847106757
691.267257086 333.054825749
658.036419076 595.549105768
644.59463959 469.925951937
669.051492967 704.289737024
613.180701325 202.615110452
658.87520134 506.342285155
664.643264092 59.1125278812
606.92085077 76.645977129
708.484697231 461.870811053
718.149882564 687.827269994
707.291895178 427.233445839
630.822303884 287.587889957
678.144082826 81.5961843064
707.503457579 595.727374743
683.162331937 637.254884003
698.933603072 713.653986734
670.564462272 552.645316506
698.010068008 390.707504464
625.092816247 70.4439452291
615.370537451 83.2343965627
633.763576458 342.911765306
648.852058817 68.7486315172
665.770887153 414.686444047
580.991971471 350.872807873
683.472156647 698.17558809
635.410606451 106.880301569
691.241189787 61.271486047
564.426337547 117.76432129
675.727055534 39.032596662
689.996230739 86.9876620842
673.717505036 67.9667234185
633.25572971 225.196314713
662.627816822 228.017209987
708.969123771 702.458797233
552.448252614 89.2603804772
649.089162794 279.205126763
685.422184348 681.354743921
661.198588257 289.280351838
677.744322636 523.449585355
676.481268204 346.747545512
651.613319948 242.013795744
697.565617007 484.211030434
122.24224937 266.545356279
693.886611995 551.937823986
571.249040095 84.0252023459
686.513977949 108.751223883
661.838249696 648.084959476
671.563828394 488.744518421
657.365925502 132.042135637
