453.259548923 471.523147803
539.960391952 308.294290812
404.954280786 295.218623379
465.576547287 251.470602916
498.28433945 244.895062189
488.736183362 295.205040171
633.7638987 176.771467103
563.153084484 177.180914178
430.741186448 248.393304165
111.649563399 159.756704216
410.878103339 248.489986765
180.167533946 225.048206235
523.067676529 267.858936743
99.9101834738 235.809820497
143.35460462 162.825442349
315.805601772 214.207161558
310.698710107 231.60186176
285.053587787 209.290498397
581.651812958 299.04079443
436.006239257 420.489863881
612.911314061 189.81981986
122.864540738 236.00497284
668.646913914 169.359376528
206.745048719 182.901671695
387.272336447 296.255045385
101.272834889 172.805530122
644.295402245 147.103858483
436.177410722 441.393611729
583.221474924 210.49919842
592.64042822 165.38782645
578.447601997 228.42653752
443.385409181 251.383076263
652.916808839 185.975887832
390.039516655 252.866126185
444.833268333 396.486375912
459.122575005 492.933519306
373.831208206 178.253679279
421.880889857 488.268780308
680.153630307 182.610791329
565.571371091 253.404599797
450.893558028 336.610225157
679.149913704 231.304521045
479.925209236 229.974911806
451.274434436 271.281952152
527.74463188 232.481298428
466.668957878 361.43117033
261.892451275 219.443693156
633.912557811 245.859196888
155.53363326 241.093521671
430.794203951 281.617491714
488.147812588 206.472831201
689.443746133 150.445884761
604.494104911 218.608572779
339.388653171 194.490406925
473.547058465 261.50652495
458.384350883 217.711711755
123.977103118 213.52433125
505.828345729 308.871891118
314.049126617 252.484782725
526.192855205 204.137519867
144.947517792 207.394014099
477.868427968 430.229763586
595.803283178 256.167917764
626.888680795 208.010515514
122.61535835 184.989305207
451.918155821 451.565049911
534.485474769 176.637541201
513.124332864 433.742256071
544.920023666 241.885170715
475.139182824 465.535195203
287.260438212 237.974259581
436.163434611 210.412193004
698.798308796 193.237343412
100.290810645 190.273504582
498.623550425 256.770413196
463.301141007 297.474899627
258.41473753 178.785313769
649.057950703 207.186182418
703.287639858 161.34493667
504.993896806 210.076730286
649.234190548 260.524389561
423.523372231 226.505859465
561.705214158 195.682959624
392.552144432 199.9364626
454.433719051 193.96871543
358.857411366 206.317443626
166.964133459 189.808448247
412.834159273 448.633967488
99.9259029784 202.553624624
394.200452112 160.666062784
421.50162505 346.103559805
431.399046184 473.361191215
284.830937114 255.804069968
549.178125855 211.268366106
437.865140409 294.141216502
401.665313953 356.718147335
669.579174579 211.200794747
341.176900221 233.343122926
412.209976963 285.907929032
301.318913676 174.774395067
