425.241719233 736.729424684
202.472505152 408.127434981
186.143361799 379.897307312
40.0272763054 606.264939255
237.466203489 410.492313463
69.2603301751 443.504178137
351.980538028 202.157665687
411.323858383 274.740178222
413.331658136 705.183116122
123.003244789 447.117884958
218.412014279 387.239560161
29.5105907186 617.657678952
483.41354925 425.655461859
57.2430652156 630.598789099
149.25066519 102.429867805
462.372041256 452.351034253
54.8131115608 658.276547437
388.638541109 313.653611844
92.0558293445 408.729676652
292.616458943 200.514819287
69.2914796444 615.504242713
86.3325578829 485.881849175
72.5130188415 662.898803356
111.66650136 166.029501052
410.800503255 209.13269421
457.566879236 741.975628834
102.514651069 128.06131215
287.602925993 175.583973616
98.6387362379 112.318837183
153.945762538 196.21741537
132.883855972 178.209365874
66.8681966952 426.995613426
107.021846703 323.585078231
89.0615515236 459.401739354
472.746519875 378.278247726
34.4397179862 664.15231593
308.850217458 238.419800396
35.8344400495 633.716761742
128.103400502 136.738457514
111.845718196 382.606378273
107.23828322 656.232272296
161.240047331 417.594516408
318.630939729 203.047043807
88.5100035739 606.198596338
110.352977807 444.847886027
131.172265158 384.811129466
168.203434453 162.525624533
244.879802295 144.722621774
122.951986971 83.5158051071
468.723600038 721.857013412
131.090567252 424.494120364
131.940864904 312.637379538
89.4737803463 651.044870773
454.998928751 422.508764536
85.1593320882 622.742174796
379.832442155 199.207160329
151.168498394 395.946957117
472.174620811 409.193085407
137.500205432 102.354498021
148.751886101 154.959349636
437.549549961 383.675854475
478.678626014 699.890763843
116.467220087 428.096874143
119.464135191 101.51878239
355.19796557 700.371291891
40.9215915645 587.599436977
70.3152900021 590.466615097
97.2822058396 679.800161297
342.26834913 327.496938468
100.147023 374.491566515
448.820828885 711.79810949
152.790558016 306.089043461
376.531897673 243.492013233
115.121197681 271.287241338
457.284910607 687.131043738
493.544352747 443.803002012
332.441048738 269.930820904
395.380561688 364.344831569
105.582307519 622.087015623
135.764128884 408.171188242
98.5593174935 434.613955595
144.926203754 437.441158568
67.5463509427 639.867328886
324.648533016 173.03618552
112.421005615 473.548555556
122.792329918 627.31741779
434.756875024 415.833882912
58.3129119971 678.020372346
357.009577984 169.18963311
366.715584687 337.495237633
351.217514872 296.917702622
336.015878014 235.08121696
44.8920556883 618.775157598
394.852472318 716.268260432
157.390957938 126.974860276
78.8721619201 681.799404078
99.1355937956 100.2113602
145.603612299 227.45194667
133.611369404 116.778464632
112.421596404 149.616711408
