699.303418211 506.704187213
93.0218507476 567.398571809
661.50746992 544.618682971
652.88502049 508.229559086
107.691999318 655.355476167
99.0890704352 507.092768941
681.517029586 546.942648728
353.065797122 580.237128033
679.324935835 472.881376441
160.937496655 639.106267806
511.434242666 102.401460381
635.665842249 510.067757325
734.994504437 637.489964412
659.001479627 521.208282962
642.241084514 554.994836658
154.438306 586.300890157
621.945188563 519.163133405
113.977040303 590.256491249
105.506776387 484.787353237
94.6313458935 619.285006508
680.824466163 522.025266884
130.048277778 650.169967864
137.397251455 688.285409485
99.2220500246 470.686671378
339.225316609 553.533691024
699.809824804 539.222184613
126.790101293 105.574085925
121.814960934 520.955713185
83.4464956501 447.434790655
81.2800224034 535.23173075
129.513642244 128.333556453
119.310629418 489.605574993
68.8510998925 474.633038305
120.450516589 632.109006982
751.936109293 593.122713272
128.974781297 701.512570347
65.1492145439 428.857120631
138.19639232 641.805830421
149.515570945 108.93810333
714.037257991 597.182631788
152.333579038 682.05420433
82.4089230303 581.691879854
309.623921075 119.454375079
663.897262977 503.995625712
142.32345127 631.998847548
131.865088613 558.636643398
368.949007081 159.094358624
131.39369315 458.074499441
101.632690406 463.616972631
716.235332538 500.45295483
162.374397016 612.973522668
127.374644791 542.311239293
177.439432264 703.11530698
720.600117577 667.953586593
152.612980632 641.113144672
116.622239885 432.700227721
302.892192563 100.135397454
705.21857504 635.30275633
110.991048388 401.963628881
117.994089964 549.253767891
136.247852051 580.862043823
717.779715203 474.80685554
124.410610284 580.585752464
686.574252757 609.77640751
656.252743727 452.679596143
626.445140485 474.103125942
652.377839446 471.612881622
165.174365478 697.026464574
89.8281641283 633.512222205
115.148347383 479.602480988
695.55539634 484.921991981
153.607103536 135.842981897
100.475471581 433.230471706
90.151232446 474.771580107
701.983989902 458.817517831
735.98127107 612.564113676
112.777793494 636.220120286
147.022599208 594.056941008
162.85875281 670.354562012
107.408090587 553.950522368
73.7651621704 555.021375055
83.6557801378 612.582591216
146.801917139 668.189199404
120.595708579 457.307352832
132.165769777 617.255730769
132.164758877 669.301276293
660.198205837 567.904201541
153.910540953 720.347841131
692.491331683 655.632142835
153.930526741 615.837476407
120.620705433 612.910036859
107.441315318 601.353202131
632.819750501 528.153108821
675.505639517 496.942643608
505.392816191 120.645779092
172.039415587 710.689939106
86.305028785 405.696099046
141.74468622 148.702668847
174.119465442 118.674907011
332.454852723 574.663143994
