138.137494745 52.1112029802
434.561523744 406.296174727
387.352407069 305.036811448
317.016184605 221.330255354
422.430899498 359.518107084
117.109278169 50.2443246433
594.741376664 106.871296496
373.332564975 412.239140553
105.188051509 26.4841449869
614.431346879 66.0451527163
402.194786473 324.085496909
177.214438414 86.2107474751
347.784511094 349.649443241
589.203679955 57.986679588
365.586876871 80.4258259559
405.284922308 426.006005549
696.159662428 48.3595717045
198.926138812 119.351500013
617.412498518 91.5706994402
664.350321635 62.5293714139
675.948274176 54.2948223864
634.879643244 66.0132385708
254.82697751 127.460843321
445.031019923 105.219741179
650.311599504 44.0912711299
293.667370959 92.6194001813
364.193946408 112.42223645
464.518028323 118.107954345
558.947551604 56.7418787125
417.819583297 153.726971048
415.204939228 112.107308967
98.2844429575 42.9136963109
317.458960217 312.337778889
159.153568332 46.6789387036
179.885558425 57.0988457037
344.056124372 274.511701349
198.512888151 75.1718213972
135.099848417 85.6874435606
396.767476218 88.2951305665
370.563656281 158.713684395
383.871787753 565.775433651
453.565688344 148.295005259
553.390988969 77.2048578691
367.297487271 192.464212666
664.431881289 93.0491230132
410.65248093 388.535651094
412.178571647 67.6046064283
427.414453353 72.0220745209
329.864477334 108.132873439
336.01985818 238.061597731
369.865174831 266.438704596
316.170376346 267.033184009
380.215744735 533.960336758
369.964616856 452.885174817
348.901919113 380.342066007
439.377938244 180.308412877
429.394724646 439.732411933
390.98672068 178.859786737
353.684423837 100.193211001
357.554216962 329.690488169
499.644035214 74.6992572997
150.485822967 73.6115380424
452.578881636 83.241237924
347.978081148 128.102160957
410.186513086 529.45412936
85.9151222033 59.1665642339
514.924464345 106.360915875
358.589863689 511.647928334
93.6076318618 70.6893583473
336.298853789 147.059906515
121.040638616 26.2772647446
254.654954308 90.2440990333
273.812211623 118.361752121
291.200365358 128.530313186
137.37583281 30.8498240707
396.51081174 553.928172513
220.824485266 78.0345376458
361.985264735 131.016314752
318.808149579 386.128602991
405.475620461 129.373427986
370.852276649 95.1944806159
394.913983804 99.0390814011
213.474804376 105.395383252
690.281868441 87.3204695372
341.323627902 300.948212852
338.512354503 418.271985657
361.271613303 220.269488619
230.727244915 114.340152804
384.448492033 356.519808747
220.711175289 145.98414385
109.175815416 79.4856549263
335.462443233 192.750778471
163.113919146 104.713814085
83.361074453 30.6949935428
537.299155342 54.5701739691
303.379820708 348.423082732
343.299017359 112.350050852
510.399915108 65.767006564
517.210390892 50.8935011264
700.172016219 75.0081704221
