290.258584591 518.767580026
467.476559875 159.112562614
256.11389797 213.974668309
374.081595717 108.304055438
442.649701541 85.1552631252
387.887775508 158.604877402
653.826140495 14.9361448131
536.796715932 19.3374519009
308.112468494 130.825175198
112.924140524 2.90976062108
286.040062024 133.266531791
169.196624759 63.6154865525
460.808877741 110.656820465
100.741471195 71.156481973
140.617156569 3.72147481028
276.329225747 54.0358873614
271.427971383 71.8563563131
253.722617028 47.3663499321
566.748357266 225.812557007
271.161309779 459.636507522
619.819968075 30.167860035
119.995783752 71.2412139905
684.869954333 7.82743038807
183.943779956 43.1499873346
238.380895882 225.198432761
100.803219088 10.4330549075
672.053529284 3.0763027259
271.851317289 483.082293975
573.06132685 48.3926652784
572.735892016 15.7390172632
564.312718291 66.0117424718
334.660850136 120.896179474
669.735711361 25.1119156753
263.88205129 139.154766328
343.957008151 412.859684441
297.052063808 541.853431028
308.042154361 28.290252558
259.610764247 537.589743301
694.321515211 25.9905306855
540.119707699 87.6362427929
294.671009291 281.880489829
697.432567194 75.10590725
405.070739051 78.5673171713
332.464454309 150.106056081
474.425830261 74.0990191268
306.752961853 308.341926225
232.843641699 59.5862933437
642.005696535 81.8745992147
148.110054827 77.0461328357
299.405577521 174.338764722
429.339098905 54.5120578181
701.507791262 1.17884688213
609.169875519 59.7787141899
288.305679893 36.5353939105
370.683400074 126.401090623
373.749921318 74.6313199163
125.905761818 47.3970046918
422.684831187 174.055285172
267.54848357 93.9229937803
489.365133387 46.3987156292
143.552196396 46.7457097006
318.259311282 487.12693994
581.852212957 91.9945116501
644.690867657 48.9345047365
126.465663691 20.6070750345
287.699726788 494.779228159
500.612606409 20.6141593338
354.184356788 490.38868207
498.625750594 81.442368163
312.857171138 515.13556581
245.575904386 79.9368242331
353.428389902 64.6372434126
701.387666573 39.6331686639
101.336064401 24.8120956063
408.663006382 112.690682911
335.68044262 185.6625591
224.302793068 31.2512220202
666.228589983 49.2185573733
701.75749944 9.1441356072
453.279125882 54.2576973022
650.401131766 182.816432042
330.324495947 85.087390985
530.344217175 36.9292251192
318.767257523 51.2299399183
388.494652189 45.6096507464
299.098465835 53.4115030993
158.349567648 28.3859824317
250.055515764 497.281525698
101.085372641 42.949747975
328.548271156 20.0006083938
264.721296929 292.463247409
268.195280276 519.98356989
237.75178559 100.65501631
517.202419958 52.4634131451
291.813964471 207.632202225
262.34077236 311.996287542
681.32449838 55.7858754177
286.323616674 78.207388821
268.639732069 196.749348819
256.657715951 18.2781855535
