552.002737646 554.969282285
572.271284982 522.703572965
597.578783884 200.077713841
269.746523508 298.553519161
537.365445438 641.259786687
121.584503731 261.162064397
568.009419224 541.182617829
476.317495687 113.44826135
444.00571515 112.276114804
520.002465071 262.492660565
578.066313155 317.118165045
564.163397282 654.468510294
350.418815375 369.736310979
524.852145992 168.081663291
473.457735173 160.835513647
99.6179587605 280.451552677
200.667248536 246.651499891
336.07996366 385.283455338
517.993414034 553.213199635
543.773965132 215.957358829
558.777077252 240.299393895
572.918531117 240.167737515
538.543294212 255.148786777
498.255654089 117.916251607
445.785108878 158.699144041
449.876644666 146.1614315
512.383320463 240.357069449
502.541265939 224.350958566
540.458705315 521.439312179
542.420701923 158.614908703
229.767120965 260.27133732
170.63145062 303.194319635
516.453974866 214.429479769
566.640060491 625.331567149
513.08315619 199.677379171
566.689499896 201.986937976
495.343271384 238.751088339
369.490337275 371.94457351
465.733231109 188.187316186
514.608195942 147.104327279
137.715276829 294.419618458
530.363410957 245.690889591
553.148984248 321.093853305
523.773321447 207.135903416
588.247604596 234.486076486
538.2699701 670.879936126
153.845053307 251.420579652
93.5495688564 260.506776021
497.140929179 133.881382733
471.428867724 219.829925465
539.413537175 268.361103721
547.591699663 259.56446012
122.150174441 286.012410124
257.518503162 324.233643085
145.040015122 318.752342662
104.28709379 260.573951865
386.194148384 160.507272041
478.196775622 198.755876328
500.314222174 164.699043261
540.161140996 698.991526783
519.208478191 531.419347563
557.858320037 679.648916255
127.078402479 251.427858033
542.877567678 229.74062562
519.13010536 691.196936753
561.396463666 301.528872881
356.582962783 495.14878502
529.908392945 288.386939615
557.500454613 698.025740239
541.767185517 178.239339673
495.909197534 185.260741724
404.259932005 160.38899721
521.64223041 189.768431029
548.619874846 281.93286089
202.833482318 285.898643762
336.593429791 491.752960153
457.31181686 172.38473253
491.047353734 205.598933602
456.954083628 139.574444551
536.981529877 205.376181779
520.63772429 232.971803338
474.38956602 176.30996985
555.035926339 274.235939276
244.977815062 303.368392332
507.588278444 667.55242911
473.737023921 144.410974766
182.849165027 261.897437366
537.448428361 307.263951934
576.672208293 264.118343844
583.515446804 298.015850725
586.158085583 180.567005058
394.494110101 140.609253634
365.208621006 660.913597179
438.402840173 185.011346465
555.504038347 502.137896989
456.365109129 119.22138268
550.636078671 188.518476273
161.977100945 284.837325995
562.120652639 288.243358237
565.960648014 225.003736397
