179.866490666 636.569565165
218.090841257 639.691016729
186.080901948 622.676253737
425.434361562 652.911429454
235.953701318 712.011873666
144.628084166 651.439923701
220.678057081 671.742618222
209.42480285 383.230665117
221.417612276 456.132394262
287.873391143 475.276089607
258.009983308 705.466856252
307.135788427 677.49470708
194.440262719 697.958750105
209.751137889 101.611520027
248.736347852 392.405716482
196.900973585 710.213201992
386.460021907 645.507558706
154.754088811 700.129156042
247.738470848 664.751752835
476.858138048 666.017154179
236.077499188 439.272853315
382.872281873 673.854749843
413.32782255 681.459113893
230.158705157 363.011023686
225.271883681 489.31742719
222.052242728 166.16511228
244.294341281 145.828076064
395.340432228 534.337362462
227.538147831 698.812911258
204.228006372 124.97750894
243.57614172 185.282235028
154.961994825 685.478557807
226.325470276 409.28666924
160.45041224 622.560662665
217.699217028 235.129102372
456.412499177 683.333724614
259.889159399 428.314651477
199.368869849 683.872069977
248.105243619 408.475233515
210.707805674 164.46331261
200.922629056 725.03753594
251.911588996 226.715087683
245.068390263 726.445205191
237.085113745 210.174425909
466.257332345 637.201710216
231.261223424 652.166825328
259.34189295 474.773508076
399.052571153 328.996613719
244.673762192 381.411624702
189.959181544 576.253902537
217.613853823 540.834412616
253.441297592 634.89249834
165.739475399 670.638892923
168.833179047 646.437905899
167.912453105 717.700764236
195.39357327 602.825426676
192.624521371 678.204294164
231.530806041 139.588062084
258.544283015 352.662572024
265.481121382 672.452721033
221.322370466 719.925403335
296.815868751 658.672828173
219.511261781 570.610441494
267.947636474 123.108804224
298.217075553 687.67263782
220.670157892 707.803026065
235.835119361 734.653429559
220.561883863 693.422482081
261.211799581 649.278817584
218.105354575 186.191701715
214.550081666 204.498899504
174.442979802 603.55838322
220.367233987 144.665799612
200.13771254 655.467582889
165.575653775 587.905829263
218.631563058 737.731298488
370.202546088 525.828692882
258.185259563 100.039921913
203.996479341 485.111080939
233.162947704 99.4597832683
262.527567974 163.120602489
244.765781934 120.670897012
364.913466772 653.043254293
442.769040721 659.56892709
274.712694075 715.914701919
203.255935329 461.441250708
241.309308144 505.544669152
210.374182742 700.22913302
252.845300597 576.444240683
268.964856958 686.785642457
218.858451453 661.216467624
399.823221527 654.833169761
239.591598067 681.179641798
149.456722295 277.123201064
257.508321007 693.595038128
220.667585362 430.548373713
277.474383331 205.252421488
172.404759958 705.067605318
228.331302494 679.254377017
419.872465757 538.568820785
