403.92657761 257.468758615
341.89593849 147.021193344
392.862743736 234.339776782
414.580845452 159.749307651
329.672162057 123.117757292
465.084985403 82.541505499
537.386983912 54.4569611173
495.367767193 62.5448682228
450.655589138 145.758978175
376.851351118 438.132518729
426.019381314 319.478954995
152.593408828 120.572213121
407.003063114 286.990767659
397.789443455 368.994233614
474.849100045 145.31792587
343.183625581 248.297198037
391.434697659 425.801719341
630.594628674 501.013406466
70.4598997152 45.9741606552
184.526239702 108.433817492
311.399516607 100.971608076
620.055438573 472.904583251
487.872618756 175.022852072
413.81710948 202.918781948
80.1905631805 93.6964951961
311.676930989 175.58502723
441.964985517 59.5255187663
456.745289601 52.3863722009
489.261193875 84.0959699798
118.749995065 117.025978035
426.816190941 227.777421719
418.669252947 105.127365085
368.660081279 97.3036311781
80.7835886726 49.747888412
393.131204004 444.626332837
164.91429776 91.6550040655
355.641158249 109.137942918
450.984928188 227.001011111
391.284150489 108.734974187
290.342074617 110.725667913
426.007198048 102.275038935
344.677032826 87.1312886373
473.729926053 222.722440845
53.2827022887 79.1012863792
356.014921148 191.974672468
459.490622596 96.8755686339
500.16022664 30.8923927835
458.261523965 31.8471019509
350.004450809 162.83962563
424.563907101 92.9241454119
89.1286882287 68.3809660357
319.232028998 221.835032217
372.229229672 123.766722643
443.584238811 119.078199935
498.451248916 141.563812331
181.618087963 131.882351503
371.022526137 402.516724189
356.210087931 138.302447228
501.030219565 93.7951208407
327.493238739 94.4218164113
414.921438213 62.9786071542
382.994348822 321.409484676
444.932050253 76.721918747
71.1364093635 71.8548801964
369.108342031 214.219539547
90.7451784391 104.713195263
521.729652296 77.9655116031
67.2592384987 86.783178429
370.482307989 274.357140606
435.960945356 257.912977858
432.508595854 103.850294106
355.894347042 506.536914273
429.199694188 35.0420879687
328.162178821 188.666078179
395.88832138 128.298146096
331.486192573 228.762585397
153.6473463 108.337991829
392.448291431 66.2797520271
414.119067361 80.2490587534
470.970697654 69.8810541879
517.672130715 41.6537819194
400.306519133 417.580560124
387.346198324 48.3220521674
421.744431632 74.1687379705
414.60419748 412.20166669
367.671293757 169.798011771
65.7246139315 105.743075244
326.679918855 105.2372598
342.467991629 214.347679632
381.344298214 94.442687648
479.088845083 113.074791441
99.12803657 94.0414695098
470.337394826 46.0501898391
375.900505045 296.536001169
306.074831185 79.5942855231
414.311608142 52.3283689249
292.769718276 142.340756625
480.34484734 45.0961059239
428.114204333 54.1380437664
54.0753994662 47.5951970297
