410.716663487 750.455882414
217.308306305 394.71485573
201.610712143 367.219404313
28.8723698238 622.838074388
252.360599608 397.497326806
55.7662701437 428.766926467
371.954372076 201.135024587
429.339730778 268.067799239
398.22418987 718.251822178
109.108501276 432.741338212
233.583857507 374.208868647
17.9892967397 634.004568678
496.390220802 410.453861662
41.6362098879 643.051815986
129.461049554 99.5620557151
475.876206752 437.603878965
40.9533775753 672.644656228
406.944960313 305.636058738
75.9702034372 396.902955914
312.605409968 200.047894829
54.7821647534 629.267921989
72.7366598837 471.220661141
57.0297718589 675.443252752
91.6903285943 166.392822577
429.04433942 205.759540413
443.2791871 755.911303647
82.6049579756 126.180534649
307.589423092 174.8602398
79.0747242006 108.186367365
134.011306915 197.817648524
112.928948439 176.879217649
52.3675559384 413.228927269
87.7961522493 318.170142038
74.5721986221 445.626231006
485.849647352 363.176351526
20.205101607 678.13996573
328.658598959 235.66061935
22.8240162534 648.866573281
108.267454173 134.184403026
95.8276623502 370.648332883
90.2532109764 666.72405813
174.118805791 402.639975884
338.601479127 201.96191248
73.6666229563 619.568945387
96.8318217518 430.126530396
115.112192282 372.894381629
148.204917317 162.768930167
244.714029713 145.919561919
103.10104735 81.0801391156
454.786305155 736.18737987
119.854279547 407.949342373
112.548455936 307.821236667
72.6194813872 661.773712224
469.052381768 408.281134236
69.2722514627 634.760698026
399.593423216 196.126374587
160.184491316 380.697404907
484.925927716 393.787137767
117.571631482 100.669510391
128.756507264 154.768017147
451.942042791 369.788914013
464.987780465 714.440961722
102.428732082 413.870284182
99.8156574424 97.8332949949
343.690037032 710.413884513
30.0500348256 604.363111836
56.1930631623 604.611827468
81.2294960929 691.626145621
360.523703123 319.343503102
81.7069271922 366.762461562
435.158889333 726.353973268
133.604635426 302.56285044
396.354658463 240.849417321
97.6348740043 267.947732851
444.048970351 702.121412003
507.444549476 429.424624007
351.938428709 265.485874074
413.580452399 356.075048982
88.3702881776 632.256028728
139.818320055 390.159200177
83.8416590931 421.072161482
146.713947199 418.405008536
51.8078890753 652.13532815
344.621539034 172.053778868
98.554281402 459.140444764
105.073720004 636.543981646
447.983861118 400.833374583
43.2364899811 691.052041191
376.852396772 166.691157804
384.937678921 329.255757659
369.485965241 288.795170168
355.945082154 233.490571075
30.1586872168 632.300235402
380.879972025 730.528424445
137.42391564 125.838281798
62.588704812 693.291901407
79.5049912589 96.3864317966
125.635972472 226.532577096
113.74792203 114.487394578
92.754020676 146.00444794
