542.919007781 570.822471453
422.611751304 633.651367731
506.076567599 579.6273976
533.849730475 546.313217965
385.396826397 649.862036799
489.77094432 379.611141176
524.862917079 342.156685082
503.055034026 337.321149789
566.483317062 538.696890777
421.712280809 696.475748954
481.152329473 641.771300701
345.185237791 606.528781316
485.790058846 623.999460291
452.21908794 656.924767067
579.931772813 543.539855686
395.1814344 703.680169412
455.897136915 676.83106564
533.38401422 667.709477399
284.44555214 637.379674218
360.975451887 583.503382828
367.686813657 638.741905768
538.061191569 646.623738238
591.077057276 547.917014175
561.6053686 562.43078838
296.029541994 679.066399892
360.97771894 673.630300854
496.457592542 174.830326459
514.554200567 139.589286311
605.625483889 517.187478077
332.791531834 630.47099109
581.381206181 565.10169142
480.112861644 510.190743921
413.302596369 586.256431926
301.853775001 621.786273035
516.582704563 632.032698073
344.661031615 564.279387477
411.103441497 631.565681761
572.028421992 581.2138056
466.833948729 521.245675006
354.611209787 647.526421059
469.157689845 352.944679048
402.631762026 596.28040003
599.762066381 568.740019512
242.671512804 683.431938313
456.581344242 588.220992637
514.034309821 371.859878661
536.642580434 164.917256009
571.332127077 135.100983986
423.258284089 642.650078363
472.858338421 323.149104768
314.204838424 638.426094504
365.157510974 692.969778142
462.906316315 565.536384564
560.741148032 526.991676438
622.969665898 561.413794038
355.895804606 616.500135355
430.373429177 672.360328208
452.285633862 602.880066764
615.261316096 533.387784706
394.20787398 610.579293613
502.911281615 155.629784241
468.585112982 622.229084654
495.701096697 310.978747865
281.850823226 655.595374091
508.950088145 558.492020813
321.265537951 653.364061494
637.850783065 522.377432509
255.815921297 661.410043655
491.768274175 607.37381736
522.056757432 603.158969739
547.649237434 517.76200364
331.743222027 685.12705522
513.987842424 95.3950893829
391.172995475 663.474885901
509.629376841 531.104392483
389.011938972 677.429251742
334.569406169 584.362940775
504.526468386 118.988927734
478.917230665 283.822061996
504.809287993 358.635446492
517.153273785 173.307675394
484.637351207 657.17149966
498.564935342 100.252645732
483.15334745 192.854053044
553.408202277 607.278364434
477.539632173 544.01324168
267.672010854 691.923268768
388.8178493 628.745266789
426.637101407 653.420139939
498.438160244 134.038703065
642.254192503 541.482672042
327.693875834 593.703031616
533.20708104 105.438320625
458.645552087 629.498401265
377.315201975 589.905249195
542.511140539 126.023085393
342.131996623 668.849797739
515.983389374 213.437828836
513.943586204 108.154352909
247.68090849 638.886892528
