738.778772186 460.954332761
708.019629134 637.239458402
238.442272968 504.863337758
434.904814297 520.04069134
666.455244061 682.336366796
386.052598927 512.42073487
547.012400776 253.993328561
743.492079739 396.649089701
752.639325761 354.66624003
688.575159353 711.68097338
762.913662166 581.930418772
664.977716091 553.688558088
696.402313763 511.265947754
700.853257902 682.073972764
544.994651742 123.031700431
684.956089862 698.436047233
707.220740464 699.216198341
744.162964787 524.776813743
104.014085968 497.860724301
120.604379716 477.973480414
689.614500448 642.689341215
724.628848217 512.182368524
556.500468311 139.99937626
543.040149913 195.365623981
624.011412969 639.185955419
608.887703817 675.353796604
247.337930047 475.067151536
703.921697717 380.226572496
578.695036108 117.495383761
617.836723451 612.862390394
555.528935294 169.92791034
740.800491101 422.697990349
121.010670636 437.808362654
99.8661229147 478.999630007
675.156466827 496.343258602
98.6514306862 451.434865071
722.421551017 666.535063854
582.715533392 254.635009957
317.023573187 519.420563513
656.883887417 660.092319791
362.651350031 512.375214571
669.494466666 521.863340909
565.865041405 215.81855292
529.990207053 590.84789546
157.719184943 470.164832463
724.877163115 425.790538002
727.388955167 339.599850202
546.575535494 231.139181443
762.078521961 650.090110443
279.675959514 491.248902395
658.013867052 578.211419354
657.376678907 710.730022242
201.543786244 458.224171851
378.114243049 537.940192872
586.748688682 236.666318269
698.020638602 585.989629147
739.636274427 691.162940769
164.031060893 483.308513963
574.833558396 154.25222903
679.367560164 618.557431814
683.62560268 373.907537322
709.761255298 539.236983831
701.394491748 424.603562181
600.652309029 613.307454868
349.509359408 530.392524505
650.929799585 642.753086721
606.102042834 143.585549341
507.647171553 582.148509884
200.834415251 479.512202151
704.246949626 468.626607173
753.411796525 373.174143795
666.557048286 724.26766056
680.571305504 337.594425157
659.660849715 699.501583902
405.668922051 526.129808673
652.295305137 691.87345109
136.016832373 480.428991392
291.324430762 454.513307644
684.111709383 384.538405212
720.138825132 386.170059704
706.48151781 393.519443001
746.227785988 629.669198622
670.29054903 356.364442976
324.876080291 484.684472717
728.082428834 468.818334422
136.529940247 449.554316702
600.451750033 641.476044162
695.004561682 664.755943398
673.257213176 668.518269146
359.528336857 483.641079934
586.597910932 193.695120584
111.777525111 455.589217115
712.704690073 355.299555231
748.339144259 593.063504293
734.236264622 581.540809286
729.523108783 370.38686113
630.82044385 663.62287533
699.597222002 404.897415869
689.870689637 346.364448464
469.844090477 555.949613044
