589.035507206 425.349204857
608.405540042 177.54252964
653.282003234 207.14315807
659.377966697 192.093886194
741.945124043 580.545727012
431.430863347 544.414702032
271.751748175 258.653830048
753.928247993 193.056443558
708.914403475 210.295953688
622.550658679 262.493118218
436.852510511 301.113654221
694.629744244 152.16842518
674.704615116 613.4065029
367.754781424 237.99894577
703.211868499 675.638767432
699.24255706 235.127517421
690.530672811 201.456316249
717.126684666 556.898337274
755.29012053 549.510360204
762.371371398 111.60529392
632.525987003 243.402789605
676.875584911 190.728986437
730.68880218 699.265301445
325.165643994 236.364020704
223.54725452 297.115761855
728.708566559 683.905059539
292.255654919 555.014471722
737.773605809 306.394628601
409.809870337 227.584859773
677.920303396 220.644689715
718.500913471 223.412382738
640.385732863 159.100941529
743.935615063 394.46944269
402.203575119 305.507901004
649.445777782 269.370369472
582.70274947 180.306726747
721.103401308 396.085025141
723.48805088 267.94584344
681.42067651 166.57111128
655.239217845 141.276150003
420.185006707 470.41614863
713.562355629 599.323931571
572.282272226 426.17487759
235.420028412 268.100766402
686.747873132 548.973655999
737.306454399 119.162136175
729.343212257 660.099344304
223.592563755 318.771569582
689.452125834 580.113446165
712.457090258 362.99820717
401.029529095 258.513926165
273.274097222 277.146879486
733.806086919 371.14745529
666.311983055 187.349440848
757.82248638 698.216805391
377.573736563 316.386092973
631.13416481 202.551243998
687.882612665 273.233774913
779.356686177 89.5144329388
736.002278231 214.443691763
352.561942453 344.147121448
741.265175648 196.798433594
659.862685028 238.920341089
507.600008067 441.176486887
413.469308157 322.775675524
605.483524784 201.366294944
697.592186991 186.400164373
293.962711301 297.074997237
738.908505994 541.787378129
721.302440186 525.063827384
697.364741629 163.783016742
339.839703674 270.746330014
715.958007075 166.484452759
338.541772902 215.803715968
653.219553716 289.806505613
753.830075124 672.487800953
711.950504063 277.359745644
366.854832984 287.832345197
439.32358162 244.866859792
759.87353765 130.113531302
670.883421785 142.775422502
770.203692374 100.486289574
755.16909718 348.490880656
738.746074918 626.006501508
555.585089641 432.10342249
691.276835017 212.389775468
658.424342798 159.363323039
729.682382574 328.207615391
712.667632436 189.86335883
784.461134325 118.146503037
229.293036094 507.642888985
300.967858109 249.25909583
713.286640677 641.834582187
751.408641529 94.6741355681
251.285321207 285.309414389
732.290035414 96.920395387
459.10563675 274.705550528
473.370678682 456.106702023
311.270412701 271.253683604
377.988017152 349.560619179
