633.340033105 350.163776014
105.677866372 306.719695608
175.344843096 414.383732147
128.423971395 326.812360748
233.090934792 607.43848232
165.563183144 565.976804428
42.2921857785 350.022352582
545.294094984 428.10766431
279.917266207 360.827056763
305.04177183 465.569319745
80.0187761949 270.489897111
145.223873221 203.497879372
184.869097617 630.230510623
31.085301415 271.562378305
194.733938321 691.057304183
313.638558591 427.383462487
205.940685899 366.842033303
210.245721481 567.745282877
237.698871747 571.305462011
412.612068908 401.74591324
196.806269184 419.885564681
161.110849729 332.872777138
216.018212466 701.84478379
89.4416789021 364.882123622
81.5358740779 397.310789844
214.382070474 690.364726937
141.962945759 572.753240613
545.101256694 475.615798339
43.55010301 204.805905462
208.97220642 407.924364231
404.111237585 447.643022519
87.6278553286 241.199947726
452.654790826 509.470249659
58.3852819111 263.379534833
356.691319023 462.150912761
107.073594251 338.738935218
376.561385573 509.194118652
546.8312593 455.230977823
129.580515222 240.219797845
99.9391980063 203.043489247
287.911965084 505.292132781
207.911556862 627.247204549
614.922132226 330.42416186
76.7296158798 382.554282917
184.07729427 549.326272628
196.587890654 270.515815227
216.150990436 673.831616981
99.6389407136 426.506519967
182.866031789 591.11167821
370.085241752 490.886396225
46.594282167 241.445002426
100.094208424 392.759159693
411.275463533 502.641651182
173.623400065 386.515740541
235.84364298 699.47904705
63.1201443995 311.538046183
135.533886696 380.256457613
444.065281305 460.463190395
455.332259755 394.962290954
477.411013211 451.094690796
100.06709367 366.760163695
514.404117297 442.317119431
272.491488902 427.667847378
553.155891034 514.462437746
80.7078898093 307.827717712
119.598842673 367.905421755
167.766655179 292.292689543
118.215632978 420.59711101
220.925026376 545.9664097
198.976949085 527.33967518
158.83969324 238.642770997
127.058175995 400.242368632
201.188576998 322.094760229
76.6778622932 355.547228778
484.981813915 487.861226565
234.794623865 677.300676098
520.195659969 467.230635499
38.9421463226 310.850275931
59.9494613016 204.439725322
299.652457537 327.0159892
119.482287532 208.855755645
455.568773706 428.710828661
521.05102637 504.12988928
217.687285578 646.242552578
611.423188648 353.788954836
243.594153192 392.222460472
103.675766655 248.075537795
390.86255911 484.908431485
393.757108822 423.940122277
493.630608993 423.292590906
130.645870109 539.868618661
56.710351664 361.306258977
195.195944191 661.53554193
397.790794902 283.742739472
99.9955837039 414.403964027
196.094278653 237.874762281
70.3730505076 222.319095548
534.843244141 529.99687784
110.758420816 407.507799916
79.0860712003 338.377261558
