268.472805495 672.116583782
287.194515319 418.708833967
460.549626345 642.023117353
489.171104255 632.21987602
276.256750605 704.537809057
208.854936073 780.889756903
170.168473113 677.768434042
696.483811766 676.848378907
608.716016577 682.239507771
247.775083908 519.639886678
213.72496324 691.972044253
602.546024347 498.367972501
216.69925783 749.215071548
220.764777189 647.190192887
236.157321389 769.299833557
562.241104251 683.748264437
594.055735128 670.71617983
253.660459647 693.138457453
299.288012033 689.97130567
333.410639125 126.744466606
264.725601619 506.367625584
573.030396989 651.562613086
256.994604431 756.677348218
202.318931509 649.452409956
133.183306611 722.413054843
253.663219192 738.689489371
146.085826003 767.59615843
468.262824002 670.831366149
241.510492549 634.372222441
488.659862715 648.722174616
582.846318759 678.215752911
304.369156562 316.901741264
405.751223183 711.370422913
207.268801778 714.664026006
275.859736439 537.620494188
306.605060734 378.385206063
372.409574736 711.111604446
500.420779823 668.658147534
607.81232861 640.393097677
324.371263666 304.321350003
185.827886331 768.099224945
244.024418035 712.410264036
241.416620386 692.363079545
145.005152381 700.579854071
234.913313646 706.69689977
312.340478871 145.617950938
251.996444756 721.805323694
125.527813369 735.522744968
229.922826498 720.840446334
369.777082559 681.190019304
219.681710738 675.829798792
174.682168921 713.984692729
395.564739519 683.832919795
525.635206277 631.839608722
284.673251847 752.945052726
186.890790533 729.103445242
288.347886505 466.766491668
300.73254029 512.123689766
356.028008304 112.85380213
636.537476979 687.160059336
161.793775261 748.230318583
675.787734589 678.531231678
291.662083075 499.205061303
206.915469914 742.216094063
209.898790751 727.469918074
267.330177202 484.518254093
627.68680626 664.002552845
172.638204549 729.145661265
282.960753142 692.879508952
275.259301521 687.104949437
656.86498377 648.496380064
207.426146956 701.216755528
688.008666261 653.320608442
218.161413274 612.228893425
283.145320355 558.705714065
278.149571113 734.226034443
430.195057704 647.201741448
195.213443998 693.927114158
252.637707755 654.510893757
333.72697492 143.16406665
542.209152071 351.766060459
380.038346934 146.773392123
430.779766852 674.654621483
271.896573166 716.522815711
226.93603766 703.432484066
519.015917625 650.559385216
337.616546471 343.388103078
400.815106606 653.443641787
656.491156046 672.331169119
356.863250592 149.30886336
135.570078794 757.807038411
203.527324217 674.353867647
241.404390803 737.808016067
330.985684265 103.017889726
146.186581525 717.137680514
320.646214489 119.504685488
252.774195389 675.185445097
205.830271602 768.930081368
178.823453606 703.914525221
188.262831129 754.352887838
