260.341054601 364.816159264
373.255610211 518.568790322
92.7151270749 501.212792711
191.728153938 399.751073638
64.1408306003 669.170917112
188.313790382 368.209201845
75.9543342878 159.36990319
675.750670408 575.654401135
318.475515483 294.283884449
331.329566414 551.973897785
514.585683036 574.344591897
273.321330543 437.950721605
229.955818076 329.885142407
334.875178443 519.478391993
74.2945756261 99.4079170929
76.4602902525 706.801751225
354.829749616 557.169195465
485.401531474 531.552706028
45.2298747579 518.143322402
75.1227637381 484.24285894
277.807121023 468.757163191
451.803675381 507.993806236
42.915704656 110.588822084
60.5313473077 117.503857785
198.16985014 263.182794521
200.367323565 377.837040825
164.887077373 377.233654178
264.416971323 322.068789776
107.941150078 100.382934299
201.450724422 244.070483837
73.0076851725 120.005785857
693.634150776 598.839472859
97.6360933684 428.21389342
56.4395218005 504.235575879
221.079927245 306.418789863
76.689056653 448.449418833
398.003726407 557.441795939
93.8372438085 189.541008199
194.753572262 458.169951281
223.506945093 397.439024838
178.848557202 388.245618141
231.671085217 358.067332043
88.6122303252 136.602687303
210.707430579 507.395778779
106.029828614 481.819768708
667.019488838 603.477918237
279.091861145 255.295712599
52.0835147625 145.983632792
483.40109185 648.470875549
181.612887117 424.31624166
202.421793185 293.656400397
63.5866256491 653.25997157
141.309780916 430.020838072
189.023173649 495.428644259
117.548299795 143.500901893
297.451413398 456.37566965
442.557030519 586.745980586
71.4231003418 528.464904158
97.588366664 111.696297424
90.9646091689 642.416605141
247.977344721 307.124829259
418.084413784 513.48594568
251.070611983 335.351345519
172.92678591 277.13069787
80.9706651229 554.37456766
212.992440997 374.219734191
135.965664615 117.619774347
69.3690646156 589.368773437
162.904541003 456.03866772
440.132294715 481.049913159
283.617264843 325.050617207
57.8097406049 693.317785721
244.162903192 245.245811884
77.2735547234 625.91724628
207.604766533 435.427649053
236.35364798 427.708789272
51.8026950412 554.409974616
164.214113714 315.432823565
603.145891599 559.823121984
644.084310497 565.237029772
655.286099405 594.649249653
482.416415533 591.798677645
239.191758645 282.922190962
159.95419264 357.293854945
252.177487313 360.549757412
121.258150391 444.599415717
192.331110498 314.037273613
88.337757937 687.869799803
95.1078510841 611.659740556
179.018233825 342.341342573
106.373668614 116.380141666
97.9799892466 466.165279018
275.152235816 303.059978836
476.617532447 571.911289969
443.24205131 552.06142453
625.725789329 544.54090723
207.375652211 344.381011093
620.951154676 584.603654347
264.021094223 275.86449129
217.471959492 473.539654849
