540.93301758 75.7836368582
451.106825127 63.7794916086
586.319080275 102.560608504
568.037855486 242.772196647
108.531505228 21.0941632878
413.884155447 321.204064011
400.210922276 298.522862743
554.930158151 43.9105443201
214.075644478 77.7574271767
199.172448476 45.2167783684
364.144507705 679.099939449
520.858857883 155.716627922
188.689100165 70.6135812897
375.782516445 687.805687542
140.312582593 21.0521314602
379.886190187 388.013472901
551.211202073 119.580628999
171.338075118 18.4873173759
486.961272568 216.31389922
438.438348803 40.7660643313
450.867452787 148.708312213
624.545514538 91.5802112679
566.442760045 130.617388138
409.08083108 524.448595201
614.319879688 61.2823156341
336.900773514 423.640820125
641.898901396 47.8818739126
441.033300067 114.717010348
696.993455655 90.1770213213
387.325834806 217.499232178
450.280182697 190.505232647
400.34352328 622.271083168
468.746037643 329.772131566
380.696491115 546.781867016
672.316480137 128.057669903
414.920791113 443.603931626
509.703372442 46.2839590643
341.80852663 198.792629569
384.785282188 481.96249408
704.990003385 120.761457687
376.344395717 100.129792338
492.698678113 179.518872774
410.671123843 210.755748895
432.354320922 354.351316449
587.884832438 28.9153740115
384.994838677 704.147448818
211.034011243 622.820724062
652.783276098 112.638799323
395.434886227 678.107987868
689.716903313 144.748688545
360.166528968 187.035245441
404.995438488 172.209296364
386.31075261 187.949935653
147.947963343 69.9726832064
523.046620292 225.763886509
167.090041728 43.5385346315
360.594689178 623.238267264
473.714906392 101.6892252
381.054209042 649.974846928
463.903189774 40.000894421
617.269439883 137.477845478
358.139952543 443.345361147
690.322620347 109.893332745
422.20500394 91.0062582913
602.144152162 40.9462494397
357.104216521 412.03612919
448.576910194 79.5364878475
400.012744946 137.33473621
431.944673783 158.048838488
442.933164917 228.692488537
373.207189784 441.556509792
435.621844046 301.091663352
479.832309054 66.8644299436
386.800520237 418.177703211
341.929136687 156.39083993
577.677468923 178.649637657
104.293162263 68.493851303
673.759654671 78.1566583256
481.900135394 114.351225663
283.047773906 243.32120961
472.171754518 147.369474448
532.863865293 167.965133039
374.837649579 170.10331592
143.781807667 4.31229322465
124.177536024 56.6147413028
649.113579667 157.610173029
468.620789117 300.085748147
416.538987986 177.698763635
412.543540919 400.103161006
360.644493319 217.598840616
631.135921501 116.971803261
366.22039094 142.001723912
364.679264602 664.860623312
226.256124083 630.711330553
309.979441812 431.506244555
402.700959903 357.051892842
512.853048198 26.0012707105
363.636565845 512.140114582
137.839175048 37.6954944691
100.02371112 38.1470448544
