315.446322334 534.794712232
541.735737513 637.699360092
244.616774415 602.00998301
361.940408575 721.894372602
350.331273818 559.530879776
103.965213636 581.352555017
139.481713157 648.323814337
484.451079207 484.602673886
101.657008117 699.811749894
305.692148094 478.305670324
173.891340241 600.105585271
300.681574789 598.414259108
401.690963937 688.85567238
620.318068413 593.92113928
112.2109267 675.924675043
699.365711398 573.33377183
652.79716203 547.079854629
233.119031223 646.443975752
179.231438098 674.820671094
217.814342645 523.964567948
670.759127147 612.528097733
651.432949124 587.299243675
403.248117728 415.576420905
482.991441805 613.765178743
493.889157348 415.652474801
508.570236891 466.273624893
200.367342112 567.514142087
368.591016413 631.588423283
457.270107218 715.495382584
227.502043795 598.86543359
87.3274631124 614.777973292
373.79863072 698.169204711
474.885286777 390.337635157
443.169580468 386.404656015
279.075574062 559.754110794
264.686086008 532.809580896
409.325607463 545.502863655
99.5088438969 636.430780982
442.042979596 445.217313058
134.322615946 576.026365849
409.215089509 454.552961314
271.331367991 609.152976035
468.599305443 358.885286592
679.737897342 578.757257766
703.727361879 600.505428573
477.752678748 546.778201869
433.75072138 699.790309948
522.444276366 292.941461672
461.900519333 684.972357081
523.095020072 629.433762469
345.282283328 644.826272571
358.585343364 513.476269793
266.31512816 591.654640958
179.428017511 558.656800356
117.416178667 602.923842566
306.699733147 525.237034956
624.662595738 569.694812193
136.880782456 630.14555916
327.276236035 500.864617671
553.946782929 614.073360294
547.196992189 584.957288135
200.60334687 594.825840606
673.759205772 562.578271785
266.072096969 660.638886291
506.582884332 446.955883308
432.603748588 374.815981908
168.184910661 636.088961074
598.04978625 576.277145167
489.478771933 583.420479891
350.950683985 607.101123453
441.028605137 414.098765368
690.94014304 553.918995054
486.021865194 344.12659129
521.787221601 584.841339749
100.26660268 666.063752053
497.656847616 373.64383506
115.437038983 642.586634431
694.256468302 597.602569886
465.115983714 661.126897648
322.188230834 566.926059309
333.906737929 599.115024666
147.348178123 601.47373175
370.618828298 749.055365061
239.075311167 571.10729479
649.886187825 570.429309615
142.649310814 672.517456321
433.178724188 665.94145079
530.968155769 607.938585979
373.571988247 538.331076982
394.497874833 721.37790378
472.393879678 445.713307616
428.597167211 726.633732232
352.25661207 702.048456289
599.695735423 619.087081583
160.021106856 660.444848129
462.501516909 510.395288331
130.146893571 696.400963274
374.681462353 574.82408836
101.775281462 608.206921743
434.117957291 499.826603175
