698.310530744 584.688965538
573.962706613 532.810703919
737.488990403 655.582677047
542.397759706 206.52480167
210.212587166 499.960601714
170.55903817 541.491102728
191.309933455 532.389817688
692.495405144 558.431370057
609.452011252 654.044503413
577.452206378 575.192689784
633.265657687 699.026023267
705.833372679 627.587549147
371.157053261 520.261053562
660.132201181 704.636091255
232.19717837 495.617123532
208.541457283 540.175693429
705.457792654 584.233890419
436.181372045 504.850615087
685.24177159 543.580497571
578.859274073 489.294494782
632.214048777 558.178110061
720.680441789 611.524622605
562.844215823 113.298622257
678.339067971 582.941233305
701.450515882 596.684206796
185.788485102 555.321121381
700.605218318 562.318714343
554.91690322 531.216515407
731.489840022 558.448000695
445.592420632 461.881106843
655.643194722 581.062247992
716.767396218 668.439418398
621.056239327 565.994004201
706.118079609 650.988663792
755.843054855 607.834234447
682.554067769 603.364074282
691.116311194 583.654635446
620.928361987 338.651241883
662.056215001 538.341214144
742.677476819 584.699072473
661.894918183 280.598429113
690.173956816 504.746044911
422.509213827 478.698867202
407.267406657 534.396219881
715.500245658 578.503605306
683.363370924 699.506658892
674.113819448 579.791372737
725.1422241 581.003765167
717.203463256 691.772558262
745.869108492 615.837362295
645.940426936 326.554221973
469.14838966 456.310124357
653.907945203 357.53379125
206.874246652 518.008607975
527.236313672 198.908129275
389.770176803 492.527573729
684.720984834 624.693435926
610.568536932 522.663826355
691.9854198 670.829132185
598.431162431 497.851473351
709.800913053 607.811981704
545.214141528 593.990902449
736.785405838 567.601147126
692.284385174 310.891533416
694.481043379 602.672254564
219.651097416 557.135978849
597.329880724 550.586889342
683.773251475 346.48120525
608.001465007 575.497824974
664.169483037 514.529149646
657.977324503 659.467444486
403.129203141 508.784892191
634.766161134 505.830984368
613.900289718 607.930303276
634.257458787 304.898517162
566.380073447 131.84348119
155.706577923 516.716063439
717.489689976 555.798681102
655.709575844 478.892976168
542.773039662 556.338219207
655.842521659 502.749142914
725.54206786 647.475167772
670.776020595 328.544837172
354.698179108 522.622821152
176.662892733 508.786351229
733.049782283 603.445283929
663.722263953 612.553036906
555.952859586 498.053128106
650.883260837 628.062920669
453.57940069 441.637600832
739.968384288 628.66167373
659.539518846 301.428277971
636.247595636 669.658528347
671.3817205 693.692575478
240.27645141 543.638584008
380.60068591 531.232022546
697.911945706 541.24921433
669.232531755 681.269491587
236.571033783 514.1943884
195.789334281 500.925316277
