643.026464311 382.209241793
655.352312798 68.5187755559
609.48944947 332.284639788
645.858790053 643.662093226
536.692067403 212.485638115
494.26228532 349.671281487
656.236123225 227.774096293
650.724757148 209.679481527
584.753844517 697.914873861
624.160566325 418.709311011
588.156344086 668.820988243
433.873967965 110.791110252
668.308551486 362.532952094
500.904067797 280.767857865
644.40011602 340.503173985
425.354390788 159.527532677
525.11151261 310.10999914
610.580925262 176.756359185
611.685410156 53.6558399635
589.027267091 479.309160043
615.277037018 37.4442648511
591.726399871 234.401373702
630.752634605 314.03235962
554.654625259 362.588562679
611.314329771 77.809473799
626.922896979 58.5742035891
592.938342233 268.3063691
628.686520294 184.455542348
605.260249391 493.1184573
419.688511428 123.730068648
541.680173855 160.430555832
641.932621819 690.761734225
607.521686299 443.877093104
509.087341941 288.408681927
568.286188512 682.571245495
652.012134352 95.0541555371
559.534009151 327.921744433
597.652336344 682.781412619
598.917709612 628.574589818
235.202483968 348.059302461
624.389813817 248.093194724
673.761541988 80.9219756721
626.808905884 213.420970521
623.587792505 96.5647828596
677.65622468 50.0550000525
579.700340435 647.858465016
587.175754344 340.741416131
567.770127277 362.468870621
609.378227357 653.967638903
616.649880817 626.319061806
654.500864204 83.765999731
613.25171624 69.6638124986
526.055915288 278.175264915
654.104316607 393.327278454
637.37671832 355.395448697
677.134838413 376.806652546
531.839944458 375.344424921
545.405716096 290.447388058
608.502839123 310.326289843
634.606810145 35.3314860728
621.450718846 650.493931154
600.397762759 369.059794156
620.674572414 461.439903184
624.216106799 88.3694854619
482.093175021 121.656547681
402.093326685 136.640421782
624.888461715 261.793022126
458.03778185 82.3825773226
579.59238926 158.899863405
531.349746549 332.196238449
602.928326913 698.941272997
552.312019043 625.199496895
564.10601101 199.057181229
628.307782954 78.7200714092
653.719903262 405.061169926
623.790228734 691.368502823
454.132724235 101.30620463
554.684154151 381.950368643
592.5091449 347.925946054
505.771587275 151.208318476
624.611692518 228.117819391
515.296709922 242.477094647
562.059438368 246.812678275
588.250354202 607.03246209
621.530317462 390.920889677
611.464807559 669.860120644
414.107637492 90.0729309268
660.477650227 60.7781499398
603.566596126 118.70951507
532.203646908 249.324109964
633.799573876 667.866312164
428.367190107 65.3967362194
590.839419572 193.56040827
442.630364191 125.214624593
589.082413317 38.1583188598
581.864605081 289.406394588
660.824181893 33.3951950051
564.339967865 263.536252184
571.5189182 223.182821145
637.225901915 50.0792923869
