579.27186898 115.259871029
617.827757135 325.536108631
492.370715787 699.991316152
594.918170707 404.906712548
352.164275737 53.7584019616
108.651647583 20.1868322487
617.856035953 245.270834317
551.526213502 126.865653148
561.910379131 102.774082
558.19871119 647.924974276
459.420175698 191.737575387
533.123115713 78.9839218932
95.0839220807 31.7864994529
437.668628735 215.482655459
94.8141314467 54.5171497953
558.377719288 597.488224486
528.377111322 641.043230143
317.459491924 28.6607238957
593.067116602 309.96288628
475.463773068 189.328786291
506.00915335 685.598207386
645.875709264 300.863075539
131.740492229 91.9221235241
621.007611149 271.399764127
352.345758553 13.4383572596
111.729341796 71.3943530163
96.0904903806 9.62939134302
600.388347597 117.852375752
525.084540538 106.707435744
514.132675003 700.631011603
644.48004386 232.336699532
512.614607993 123.973009593
524.023550287 181.228554325
448.393989987 171.981869143
555.080892736 553.593632127
593.785592363 427.636233714
545.582615318 698.512411596
569.135623354 125.237536407
538.257341013 115.85664683
524.449258534 61.3278670227
530.156871785 684.050757273
300.33984676 48.7822674179
580.11108975 106.577036841
328.322886136 6.21375836207
302.000393905 15.4819494611
517.9118658 129.757453538
130.639109494 61.495959555
378.782412542 450.769192924
121.467258538 31.567756907
543.357763967 675.491824343
462.154701213 119.147145047
552.599606222 431.317593985
530.152671846 614.205740302
508.414578302 631.23382179
314.01907311 84.3324894659
614.650010913 294.471743736
507.10079162 599.094939388
521.599398192 200.108379867
499.097871304 142.082395505
490.05281509 169.263062102
511.797158565 563.729802175
547.032906658 140.49522749
534.47624485 562.221552054
570.004371061 135.074985653
643.46902533 254.196094841
520.828418454 583.904551241
455.002429855 153.114050348
481.768740674 598.507264217
583.581937581 286.612899896
341.525635872 31.6920416186
540.58408958 106.688332742
498.391687961 663.21752929
471.29523625 144.126434612
568.137624236 429.336594797
520.596813675 150.776671885
340.21116366 76.0889098001
548.664816143 152.56090023
622.70918628 252.033873099
509.717780751 91.1421235254
567.064349455 87.7695158219
527.550204585 98.1317324736
509.469861427 163.768092701
548.617359459 148.003778723
322.17288063 47.4222823896
551.114419531 114.615934683
519.047088076 659.665128584
486.842680204 116.025859939
543.79762782 573.313227537
455.271396664 212.750039725
514.652279117 138.284933873
110.206144086 17.5504463224
557.462653486 402.56219971
110.318532016 48.9105191149
539.454264233 68.1269365959
598.505005884 275.849212689
540.832060847 90.1136973831
513.64108672 118.654003278
545.668301832 169.017580278
483.429118699 638.574430112
568.428237556 388.63754203
