446.427602238 685.468695581
679.510720675 777.60216202
364.609617543 743.484308867
536.693840641 719.012632665
490.323788338 697.239410081
99.7382148215 706.747653393
164.240751127 754.722241403
682.382814273 496.348189905
115.848327367 745.675301417
419.740334663 640.344143631
214.01150046 712.983710038
419.505471473 739.565237282
564.234683282 674.463878821
698.920199848 764.818279228
133.526867808 757.43895098
740.970675164 757.940773474
718.899115742 707.552186103
360.12968081 769.233481816
210.104691267 760.562311578
280.180609372 649.80965247
712.052855837 798.037662288
715.781197931 762.471852457
602.995276459 416.821938179
648.266268579 690.901853557
693.38249357 427.211100726
706.899816436 485.8848491
295.039593926 724.065879873
532.452329413 691.249280391
623.382305566 706.740424813
338.717123704 746.072336857
94.2112967619 736.36048237
548.675906476 692.841296689
674.426054377 399.296326529
642.133781118 400.608070572
391.196119401 713.668629388
355.373235463 695.921986558
538.0931344 671.587906738
99.8911942284 736.053033026
641.787526867 444.117507383
125.231086757 697.597038172
608.689188505 444.116129528
395.765676325 748.270429465
667.919572657 372.365281952
719.527772367 754.970987011
739.916147506 790.35466889
556.208419855 583.311846933
594.331778601 681.029833014
527.746085837 278.186577559
626.373085571 685.614140867
674.617062728 741.485604634
515.993626698 711.051670032
480.429043714 668.375828542
383.681549282 730.471916569
258.422985821 707.56470063
125.672886483 716.969941352
426.329250594 684.282384042
712.396374337 729.49556523
165.704780271 722.106100159
446.922824806 660.740305008
694.587035145 738.522141425
688.096069097 697.380926122
273.3275182 737.999801609
732.432760125 743.485253434
392.638914401 767.428004305
705.249375218 465.37427345
632.264233337 382.980346601
197.835110522 727.437772983
705.397127049 718.021507813
648.991909652 664.075979494
512.275599166 698.511847137
640.375897933 420.652023635
739.262640307 722.453337516
685.406448094 353.658101609
675.433625147 680.32995374
84.4775570199 742.428696186
697.23404091 384.97591337
131.653905832 733.240218628
725.803530239 788.083677465
623.758712297 662.540958965
444.015456671 718.026157545
481.223512691 719.793677585
151.158382353 705.168515421
542.451855476 725.150009073
345.675783011 724.576703223
729.433290481 720.802511981
184.974047146 745.607368906
589.440666673 655.038825451
678.007094657 706.306114577
514.257363379 672.053439763
564.562543053 698.244228519
671.798917262 457.370050549
590.270179994 698.093868448
532.809394501 714.515313729
700.667529267 784.039625795
202.207993907 745.244231677
551.817226133 550.133067929
151.955477911 729.346151354
525.063805721 686.488713299
101.765529172 714.247616198
499.629988138 511.184667884
