674.258643187 314.797697745
680.451961702 316.798630816
692.516383922 217.573946292
721.175146108 179.347075788
676.638597745 682.41716251
662.584213748 581.295980074
709.691645641 603.325595564
114.574557014 229.378841357
527.496130119 120.296953528
700.089932237 270.706028501
694.145850459 696.908056718
703.384042653 364.524273758
444.001061224 595.987008751
566.477092302 56.8421519106
730.679130775 81.6729210659
632.485542491 682.025825989
720.95985525 143.078339473
672.831952403 590.249486491
691.636890539 647.725742996
745.453339781 300.409551096
563.324072404 144.980351857
721.738976873 302.17685965
716.958005724 324.181393168
681.219804312 100.84517159
536.939233755 142.863006963
655.918611505 66.4420863735
689.554862809 70.4029238527
722.300754438 126.948814371
658.631417959 677.51237936
572.134216502 72.3973790423
674.142181276 75.8031035795
641.163940831 608.300781011
144.475326995 219.422549731
681.542748653 271.661589987
117.415240887 204.234035278
729.998298878 335.504648489
689.904108457 97.3534319154
686.288533437 607.452911113
706.788651684 102.225712232
544.911870469 83.594022907
641.195912586 699.467233582
661.533195528 87.0138564642
675.308846229 704.677589995
580.394914635 108.104467823
730.780974633 202.620176618
682.977953168 347.297176761
708.365351203 112.481714379
721.615058166 113.398141255
711.19416606 91.7336931028
700.998031686 148.430474796
690.760059749 124.283723279
684.094592121 390.207467727
674.982372658 557.465732336
559.126465707 312.984254903
646.484233514 625.80248041
698.523312174 180.820777412
687.736107305 577.600219162
583.898126767 85.9117657048
719.259345548 61.9379664083
697.384354254 663.160696446
643.885505487 666.094159436
701.657934093 336.131177281
718.656694878 99.0903865509
699.171727829 59.4931637857
700.091821598 388.705568675
431.687109832 617.893016587
663.604864784 721.473063266
658.836064001 640.304236574
705.203758808 636.586581881
548.194334267 101.639206748
555.279125596 119.078709085
684.202273777 176.638192643
134.072535344 192.422849089
666.258302928 348.2098408
672.863531771 134.473808498
655.153502404 697.40935396
705.343204844 231.78103716
670.503807814 29.0809770443
106.335237654 240.601838771
651.693319743 41.7162474372
698.718802912 74.5327447645
667.745000835 49.5926137158
701.054247802 294.571565539
718.987796528 269.741514913
694.776331914 712.90273773
126.587010624 240.227672279
675.400188711 114.248182977
421.86233061 598.522878625
690.986801842 312.438209006
696.747469462 683.591076834
666.975555654 373.729299765
704.930590901 201.24112406
640.037373372 652.462467647
104.117313459 203.882842853
666.985238636 660.929577315
96.1816601818 218.608115402
684.486996706 85.1149014289
661.312562579 613.688846595
670.719305003 633.67760537
733.95958888 167.344781205
