391.682035938 693.604761677
548.739436867 681.551076538
147.714078255 709.16271288
219.804319493 635.743021208
271.768967536 608.310109265
311.36941394 629.502578956
564.101291061 656.402750098
451.001159525 580.864182288
180.577732757 687.122619261
100.58776167 564.64983243
149.72989348 687.025093717
94.0526717087 657.406310674
330.56236278 622.725367145
99.8959926278 726.958288102
119.615537001 564.16933727
132.252683535 618.926629499
124.621185519 647.70983093
121.199722804 609.552963061
670.098158588 696.3037678
346.672761262 656.320250663
473.61691859 607.192024582
100.673546759 685.810332602
629.45488697 657.877068135
108.195513218 599.107776246
133.338631082 765.227544565
99.8816555278 588.834722681
651.230546621 652.568704206
325.300886164 671.444502961
472.836979755 631.790823002
484.071091398 592.556841411
366.743529302 544.598954086
199.767477041 666.230854832
610.271783777 667.658075992
138.518852815 673.657813691
352.782731482 604.498637844
409.296337621 680.213822163
163.764519355 596.00905269
295.230148078 678.435570478
664.919918898 676.163663759
429.766405779 625.477616221
294.320304811 654.259291488
693.156550754 712.232698019
240.005451713 589.102456855
209.425007013 721.104745965
311.530025288 598.726457236
379.85550436 581.270859986
115.675619098 630.267561854
640.058773597 705.123799395
121.394983431 752.245694693
179.783247286 716.521078419
233.862989913 576.11786256
678.877157629 664.680785451
401.473966212 595.779668486
144.865037236 613.375784234
241.592996082 624.513948788
212.42033297 610.037627221
85.1628771743 662.009291598
408.498483274 626.419563159
125.850392238 732.347167214
402.838700143 568.795653084
100.474705906 653.710280801
450.813885048 649.575730638
451.869286254 623.190827356
582.979821798 677.313187991
92.9095186116 613.524656624
413.347485379 699.374928789
432.171708746 558.4458658
602.355088578 696.354799615
349.531228053 583.386787095
563.652823103 706.269462397
118.714270623 677.907476351
189.495268839 625.957120767
689.044254958 685.714507537
85.4044793388 637.027136549
294.152161582 632.325705419
267.362277881 649.661721975
127.747401646 593.250633455
636.832949817 691.859742112
698.616371824 677.136126649
273.77530717 575.079627647
702.730922399 698.516484309
174.092453247 664.895998391
457.251660024 605.643467174
165.501102812 637.776423984
201.896020617 586.586173457
143.866496649 657.369999407
101.171123132 632.229442034
267.607334135 700.871069853
72.1532403156 666.948639392
296.76884455 537.479250688
247.390203133 668.330014639
372.513025518 638.725107579
112.315422469 695.263178405
428.685140436 586.014193568
222.754742454 661.71283017
223.836294188 702.590871089
666.216435648 729.630607201
124.116653861 715.324980075
156.010998921 748.986609681
146.820396063 579.670253889
