345.759648409 602.420684072
369.065817313 593.721156426
377.132765786 537.711676889
389.04507445 425.793181259
446.966558727 667.779886485
331.922368658 649.846563258
453.776239386 635.820173986
178.031151066 700.638610338
327.237130954 492.18189988
393.410112075 548.285968308
467.666025024 673.065510041
438.544378823 617.46182289
289.284339574 677.860176384
323.324026647 342.87305641
403.748794153 99.4426954535
350.768442173 687.229906576
405.081651829 387.311753342
358.853442897 648.761664662
475.521124272 646.152780305
461.612432927 564.082214915
352.846914252 544.144368571
439.611083582 561.120054706
444.196283476 580.96161178
373.920095322 324.602295342
337.252881824 553.346496966
342.695479495 303.414950979
361.255722819 130.932764467
405.586792238 183.240320249
418.423077004 686.868757728
337.912420077 378.622970837
373.002863493 286.493329338
326.910369197 679.822344629
199.744897233 690.22765032
370.134168996 573.543348129
173.777867185 674.874697032
469.456941766 600.298626279
398.823886995 247.542001062
432.163559742 636.396300606
384.191977757 157.567764081
324.161669439 416.391386189
375.609820165 696.311759046
355.043102041 335.63887048
433.47048516 699.671607015
354.028945692 453.810658574
398.456232536 453.143623053
376.736292654 611.904377919
389.224716674 188.931958783
404.944848755 142.33680153
393.89468208 130.864296991
386.955451045 408.478983473
392.015957551 359.410806798
408.679324293 617.435065045
374.672338832 631.108916292
355.73148676 564.924142019
348.646497021 664.410462948
381.947311927 471.945951912
421.505572872 633.899616809
353.123966829 419.182823566
393.317584904 100.35500112
620.998276396 699.811305497
385.300810726 676.605408048
414.401429295 591.193091529
426.629667644 113.582811079
382.551073143 100.051498018
684.155819745 549.678412172
266.296097987 701.382690263
415.799486059 698.342647925
407.165086051 652.72312106
610.072899833 683.807250296
335.254843257 466.382518215
350.794763888 494.974439051
375.45844818 486.897516415
197.256056712 662.26370993
337.358478218 608.328809986
379.29837999 441.609363979
408.627297603 682.345433162
392.417148281 520.430857158
354.082295439 223.410951352
161.166593047 712.210036292
335.598145059 261.127624037
380.212752004 114.444320034
366.864341594 256.225106547
403.49433282 564.680448825
427.959751574 538.499625416
462.427360834 689.086581993
190.772346539 711.427800922
380.143369182 382.968528941
267.04947306 672.836754404
394.811316698 583.151457609
598.605164927 705.084375674
362.664530734 618.423191114
395.32640692 505.357517286
375.725302498 678.210966422
155.159769899 674.410218996
429.935241457 671.185722639
141.754058634 692.179248816
370.521838084 172.009606291
390.891137626 650.466813001
429.989390813 657.717908573
417.693747636 416.812940243
