302.544142585 519.512919895
528.762902991 622.477699506
235.872461695 584.024825836
353.059499848 703.974287469
337.654391333 544.061878131
102.838506496 561.384316976
137.70809683 628.413161518
465.309287083 478.831708804
101.937674934 679.816357304
294.499022877 463.488303658
170.742605713 580.362866588
290.316990114 581.309934193
392.242746355 671.228168904
616.632840047 574.265439486
113.959806057 656.00135742
699.178463247 553.357711097
650.086286051 527.264444457
224.014473858 628.636648631
178.093372298 654.881233062
211.006263058 505.186234175
668.484649424 592.659185888
649.352746256 567.408008564
383.509126121 412.362838108
469.902339401 598.64452078
473.993462153 413.616210295
489.070042518 461.853292031
194.047956898 548.539536879
357.090850347 615.449259763
449.110406613 697.964005612
220.615186518 580.095879513
87.3892730316 594.787760788
364.623452237 680.399748295
454.930340242 389.283255232
423.399849196 383.395681889
267.273193845 543.607925045
255.189356783 515.208646824
394.940703501 532.641488778
100.478916906 616.456140996
422.458097914 441.183346675
134.780514307 556.031876355
389.85703906 451.541660458
261.627934797 591.664669304
448.70971108 356.788062784
677.718836482 558.859641518
702.384257371 580.562879713
462.694918595 536.564207613
424.578928324 682.024584267
521.519236557 293.668981389
454.135317529 666.546512894
510.644235625 613.782558327
332.339275942 629.580492044
345.446151206 498.608138366
258.532355449 573.231104388
175.406121076 539.079345253
117.249104953 582.925368776
294.82037496 509.157636643
620.935440278 550.045373782
135.614290797 610.18739708
314.283612591 485.659906676
541.360007036 598.534445475
533.979889959 569.94733163
195.406646753 575.527904448
672.851690634 542.609254019
258.631382232 644.569297291
487.05315192 442.649869734
412.751196265 372.392374449
166.990691515 616.129435393
594.555349345 556.586892283
474.172476682 570.548029574
338.584826171 591.384483206
421.134196057 412.098607273
688.235640422 534.111573851
466.048671846 343.309052253
507.323879275 571.172779679
99.7577327578 646.079358087
477.793383705 371.337375324
116.360286037 622.608386111
692.672334632 577.667611567
455.229111199 643.744203607
310.775243233 550.502192601
321.231486564 583.644640245
146.433301028 581.494865543
360.448116015 734.08485428
230.879013769 552.86421046
648.543870219 550.479107135
142.422763764 652.519054684
424.531518498 647.907663111
519.044291505 591.881904764
361.237532962 522.588689759
384.31540957 704.189324968
452.697247123 442.258236379
420.135873573 709.565493663
341.923711382 684.924490823
595.037245339 599.661015789
159.735552509 640.461128833
444.072485175 502.646692393
130.64764473 676.408369837
361.501996788 559.785879578
101.622371107 588.215573511
415.82446004 492.380133053
