426.660824918 578.059785463
330.390002039 708.95222445
388.701392463 584.681659388
415.941723995 543.626635478
309.718516684 740.201917249
373.585376449 349.836415958
408.77907172 312.053726184
387.765739666 304.998207654
452.743114757 551.852450258
332.850351713 772.985661159
373.408436101 693.190971818
284.263693802 704.937666922
379.179822093 668.773547156
349.322218692 718.18981989
513.776480371 632.528692261
311.694366931 784.213769666
358.310836781 745.653546709
416.619497342 672.227196963
221.601954568 725.979640213
307.442841449 674.221857162
296.648127819 733.31633082
421.931095517 649.077004331
534.492201881 646.630482882
490.883892983 652.727356353
229.460849153 768.183538294
287.885981617 765.023512097
377.339843432 188.85448667
394.742469289 144.866474896
554.557371166 622.665073175
274.88941399 731.425585389
511.291920236 655.333470792
362.328459175 501.802325294
319.502870396 647.735369912
236.43286211 711.821352524
399.047071769 634.539062144
294.196243549 650.312598382
318.837331444 705.777066532
506.298697174 674.892435597
349.131178142 515.164651562
292.108835369 747.369253986
353.921763475 319.569562608
320.305704734 682.131173584
539.344110167 665.684970327
183.65050022 769.652035142
350.623959047 623.370356253
397.837925743 342.418176855
416.984720384 173.011084727
470.272462659 144.192029685
333.853060867 721.634823006
356.272757637 294.924421689
253.054059059 735.424561207
290.451427594 780.24357266
350.849496018 588.476557103
446.282401314 532.673880507
570.812317063 664.80251077
295.255414828 716.643610672
340.45787464 749.534387051
351.54126002 660.36881934
564.96929219 638.919567247
321.538620544 691.91518213
383.348314296 164.091775956
362.958157113 677.174572692
379.794462869 280.347416652
219.989700507 746.878967648
391.618281661 560.827119169
265.240339321 753.624665969
589.232132375 629.518661308
193.548551417 750.20742337
381.573103802 641.842917386
405.809545208 611.089986916
430.832731535 516.932990586
265.30376348 780.384041097
394.125574867 99.3520195445
313.391941775 752.162379186
391.803926002 527.904157688
311.053626034 764.893684211
290.634146756 692.202972674
384.856231266 127.043756908
364.669587499 252.862762231
389.226587689 326.647630846
397.635054844 183.217228885
374.157303954 703.7746621
378.672558335 101.198165462
363.660628446 203.216163818
438.112733602 612.516083444
359.821124648 547.220911419
206.281750856 783.858009887
315.626482567 722.763158277
339.4303127 734.843575354
378.710874738 141.736570822
596.564503703 648.619982793
266.723038178 679.381095735
413.454272858 112.995575027
357.696680403 692.824584219
324.46688595 686.83741085
422.716545738 131.837986169
279.229132513 768.05307296
397.092271115 228.147686883
394.211487828 113.832173474
191.556849794 731.044450914
