390.634118871 656.308697499
301.6011854 305.8981134
147.473016077 95.7364745399
264.645346558 320.885625035
372.125374113 143.621883971
259.94698421 362.879423058
570.889197288 117.235192721
389.496436142 184.573300542
377.752708663 368.743791287
269.819478226 153.569872545
354.538960449 545.317936013
285.281083674 166.497147973
356.279307353 184.169693671
99.1739793167 68.8598628565
300.606172198 140.196593808
378.849069608 108.247341333
273.927485678 405.231905031
362.907702703 124.566336712
336.882834275 321.914223395
377.43009951 538.121024815
465.023647548 152.916273825
127.011199508 81.4171945356
600.956888128 88.4147736687
314.71549855 87.7548364711
114.784369582 89.4048136692
272.357348541 117.452808332
479.061965358 158.429234509
375.386960563 575.843427286
436.092814162 152.327299036
568.162481619 81.1705348023
294.14119283 342.606811608
294.283408368 378.472365427
460.621330799 195.79043919
330.221159945 158.776783811
409.118869015 663.444466358
393.911242225 687.281629448
402.069921054 76.6379328327
365.998972402 679.573164195
590.448879574 146.866264984
409.679565985 330.82742788
112.32123935 113.525471025
454.379340781 232.130229726
427.76997266 113.313726623
325.251595927 385.87729187
443.53811419 115.048669562
132.937302118 110.921386176
331.942821589 109.640065297
448.773509351 486.705150695
167.052607494 88.6895837512
350.854671222 139.493715765
448.723852923 81.5586820237
596.574178573 106.455310672
420.526993365 182.487733599
387.7685781 90.45409698
327.903670284 358.739367026
404.431138771 130.225328912
149.371303349 64.2265381433
364.32375435 302.992743629
346.392228897 121.307669361
316.668837141 242.24629332
244.736487174 138.643324011
416.793037407 495.596267221
431.232783236 516.110720157
418.362494507 239.133056072
297.869576305 107.829797695
391.002363846 618.809031542
474.031414731 107.58024216
410.997667397 541.487726075
354.526397732 343.105363076
408.214751397 635.639652621
317.154962986 128.428143884
420.062733258 104.970534122
532.387536707 331.37965102
241.650262628 105.815185393
322.701083839 190.442131095
394.362900031 515.97750583
357.652703476 105.02953877
392.41737999 306.127090686
607.191671022 122.289242138
454.119297098 95.287947441
405.148094 591.529169811
239.103229793 386.945411874
319.467160217 269.688662209
392.202156303 107.014466116
423.25270899 88.4635985768
392.503231183 121.241016138
288.544273709 71.2015401901
354.028319214 619.506075019
117.694628284 49.2205287628
400.281284468 99.9148340446
87.3175343353 94.3798116577
369.018045178 645.466344055
302.710197263 162.398978346
347.226442812 255.775028885
334.599118118 144.999604735
98.4838001615 97.7353963113
497.789899677 174.453178657
307.30544335 413.968854945
279.887627254 185.376076633
361.569772823 87.6865606881
