577.687189893 111.973761055
589.681645944 135.127546473
516.439857027 357.230626523
307.178452198 119.842710829
439.713016299 517.737967383
176.590192649 154.04894198
515.483692797 83.4482921675
650.560682333 127.210907678
596.803980776 94.1372936832
563.138779035 227.427542123
611.933703604 137.88790638
586.544536017 118.375502643
247.830836201 110.013795828
560.674302263 138.046950512
518.593410483 48.6184266937
442.666613006 555.508259828
565.680867682 188.988223402
619.360237789 98.85105738
463.062642297 368.35282328
491.749811215 333.954261017
573.100169552 142.470317799
614.560563639 83.3929484424
484.419752514 54.0511325106
503.627526656 59.7954971783
137.151986884 143.762835222
277.443387764 105.165871657
143.539487414 193.042577502
571.427624336 103.105710815
557.831891023 59.5843053515
248.767132619 66.6030909486
523.831035922 82.679231465
649.503066755 145.768241179
489.982967798 257.206237396
473.521469391 350.813326936
156.734992249 140.92440267
463.077091113 277.373617709
579.91465884 153.722998585
110.067076324 145.72689627
542.236442051 190.043944027
557.917869563 129.308962704
168.501883777 177.267901691
538.860334051 132.689339608
540.679656797 92.8905242472
539.203844126 273.960415575
506.901239573 307.606586051
631.266863303 152.110803112
502.697241908 104.889669734
488.558476512 80.4882700281
481.670254459 641.523549993
524.517632258 198.355327979
120.585934353 150.49377759
425.948283582 475.541654274
493.354972179 210.156418498
530.279386015 238.428342169
565.064762508 96.8891153736
591.974460816 112.768562142
587.379523167 170.103772901
483.860203363 374.019563918
549.845911289 80.1102084086
467.003090761 440.895271541
261.10865445 83.2656513525
604.881933606 110.793390866
301.342314476 56.1427072385
99.335244024 148.4130091
497.352477419 393.136169771
301.685483844 82.160895964
580.203663242 64.4313885872
474.370997318 410.774192457
519.316232857 212.173216266
609.648386984 68.4231633949
583.373206999 82.1631389255
424.033899405 537.005167638
537.356934672 107.778404427
457.86857815 423.749430306
546.069725022 146.320932076
563.329183529 127.134755897
460.65286235 392.264379302
100.411445485 178.119908243
621.48707444 116.058125581
637.889782851 117.462787806
627.750350372 144.967081903
596.331828922 152.71835378
234.295169948 81.8603686968
111.020869507 183.837955636
552.605186391 110.097339355
501.093164275 244.146177539
116.439323754 165.277828396
452.59481091 531.69224314
489.883235753 424.173623445
134.050992851 163.508779953
559.152172832 84.3693544279
487.627191106 280.477171065
276.145707013 62.1577836928
597.171140075 136.841719273
594.812884312 129.577672001
643.004633394 94.2668381778
149.637277955 157.428392745
622.490363115 135.811752697
280.251303873 37.976407693
545.593373691 161.662867122
