244.579623913 292.291595143
381.4159594 439.039269728
154.60447331 452.60991008
183.820795153 320.202781541
78.3861193616 595.204041033
165.782092937 291.818615166
152.988305319 155.547750376
655.559064683 498.261936099
307.873995288 285.657202024
335.849946668 472.533838484
530.444818541 499.567316896
306.920841807 368.804098814
189.429401435 260.990351014
342.174871528 440.268222692
152.935317635 98.6146784351
83.2913619587 632.300443192
362.093694986 477.543341683
503.944824235 455.034188603
100.459800083 463.789203884
131.845057159 431.11827727
310.371026899 408.706067312
465.46080406 429.25864504
121.460257417 112.811280512
140.327623231 113.662045118
152.973261953 198.393295264
187.41988557 299.368067055
146.498275399 299.646728047
229.105597837 253.28605734
187.791240287 97.5059248343
167.939280983 187.063479771
152.268312512 118.752103125
673.338201247 521.554646829
145.743393307 364.391066872
111.751516964 449.829516753
171.996763335 243.423018106
122.497157263 383.646820992
408.964662452 478.221057166
131.801022621 172.918888102
233.222276543 389.023217776
232.33797138 319.570088539
160.646867174 310.600423001
211.769484151 281.486182777
168.507838773 139.370358447
250.403660686 445.287386067
163.358417669 426.671716718
645.930152645 526.359699505
214.332074598 208.933105674
131.022455298 149.37248834
479.853896304 644.908796127
192.818329775 345.399918273
157.930958339 227.284317986
79.847268694 579.528883548
166.77278025 354.240058298
229.449252071 427.497087576
195.697262841 152.502045054
341.464702559 393.551854526
451.368821472 507.256138844
122.140991284 470.09686818
177.547120067 111.623514802
114.269125193 572.018010838
197.051137248 245.511523994
426.073589351 433.902547119
212.786440847 265.143981826
134.141168927 207.614600389
135.817369519 500.181127862
202.878980374 295.022485494
215.757315838 123.258984417
117.225401804 529.964267646
196.889233051 384.410255487
451.7681077 402.97977624
250.591476538 259.391764651
66.301047406 618.512386214
202.256207029 196.457971541
105.774555019 555.853704025
238.521076946 362.734244716
258.956027234 352.16131304
98.2817058406 493.379189831
129.855595085 243.246148964
580.696145653 483.081802908
625.522962556 487.453750697
633.008377735 517.923322812
495.399560467 512.899773642
185.068537243 224.109869009
133.064114259 282.055574341
224.092629325 286.343817557
162.06226206 375.817794793
151.447593974 245.361271386
91.7452310901 614.194191529
133.462753345 547.437110959
154.385881748 266.357321463
186.254324902 120.416826536
148.600441473 404.449509848
218.500623893 246.725064609
488.329751943 492.783807387
450.69997857 472.430590145
609.867540889 466.153063456
177.731234371 270.166616321
602.889059761 506.692045197
204.158956152 222.849336589
259.923425131 406.144106813
