257.647457214 680.650003823
671.708238512 319.238699825
473.359316039 334.250798328
495.170453777 300.591376354
673.125626288 84.4050292758
645.32808224 104.668109054
676.480598481 236.822014586
661.673332451 342.100791286
407.895353466 320.520469593
517.297984507 255.93271355
369.68165191 319.64668211
134.546307991 347.599169107
658.273891705 110.564567895
430.673599029 344.964692842
581.344126064 220.346631344
440.767066178 250.871462635
331.398243698 264.019186019
503.444769401 273.221921481
698.052090528 333.922916141
604.3031903 304.046525162
692.027792928 381.050125218
147.344047196 354.330670072
679.918779337 251.968256384
555.583105555 236.125066049
181.525004163 647.044407333
478.906476326 264.319806333
703.835216248 286.715035344
588.796086246 335.177107902
709.522717726 401.099452388
692.945189288 85.7251393766
678.89865039 386.807217473
393.972879532 292.702440641
681.244402702 209.712513542
356.021530353 281.216707239
675.822192672 108.626005538
259.040261526 661.602385114
590.440197544 245.094735643
569.259998314 321.831207374
695.141003496 287.419001785
681.274406497 404.475529766
573.444790308 292.916624433
708.131087252 352.922279311
666.224539981 48.3759313549
534.378664763 370.689251304
644.00997162 350.376629553
659.494548502 408.261472001
179.886892102 316.805961896
679.511327089 342.515682493
482.418278129 385.546579919
503.681988268 351.626730845
642.332045013 294.372554578
696.441146967 240.881588402
630.055449958 303.57752011
518.705339859 289.981028947
588.296112126 268.343590141
657.138164127 74.7237742113
120.322565835 342.706428563
623.642765459 330.045559764
479.228789631 359.018742289
656.136618748 292.715117564
164.0982847 326.097661751
678.715467562 421.810706251
692.689778296 413.779171233
677.260919735 268.758556428
149.825750015 303.246455806
259.246606252 699.157744517
655.308966545 216.399033535
671.317689996 295.558582422
654.156264584 377.705353751
682.612974418 356.783202981
317.533031067 285.191888091
551.81591771 252.530038522
710.791423572 287.298669754
103.57080028 321.568137832
545.608061572 290.032019045
528.272613231 304.67007681
621.223850058 103.207783033
689.465986214 299.093017392
712.853695571 306.178987
654.681750852 237.711413009
696.463795764 312.345794739
429.142133992 288.024830169
649.323103138 275.698168893
454.729202055 270.382818069
638.172284351 89.7868743718
417.190035388 259.785632214
131.186471735 311.61884127
544.532290744 339.955756431
102.673138933 341.495994179
679.502284668 66.0345641299
499.821684489 315.597568628
612.86705266 283.227840557
335.454004808 295.609532973
627.125539623 372.008670256
465.00875937 294.820831809
516.86884526 336.411865702
704.086654483 374.660150758
449.20017387 325.617494936
500.15156757 369.340981773
635.464832282 66.6492862002
