712.762775585 63.9038887635
237.180110308 168.165887095
260.148422532 261.874242954
209.173624798 609.862892799
123.451925862 133.771103153
100.739769846 346.391784775
335.909715827 142.927878801
325.115103871 117.555117299
145.43683814 698.615294676
685.33967488 106.490640605
149.306894843 643.199755192
56.0471237502 148.703960091
734.976622777 43.406027753
95.91360885 211.725264707
711.949303775 37.8634998461
59.7048246976 240.527026109
118.714040183 287.501907151
219.871327934 210.326100071
184.50811931 105.220419474
258.638276021 317.154565435
191.825863784 90.7154351887
220.722718378 252.150673215
323.612610538 163.988276545
148.547081505 348.06017325
182.615811327 142.874854172
200.975403035 99.4153591199
233.224830481 280.932131285
261.13178904 108.082499256
283.36096223 318.057304106
47.3080737221 203.908216621
129.869579526 100.036577302
202.425721927 684.564744702
267.417415147 298.707462419
104.739165402 248.833926573
128.63489292 673.974127711
243.924335074 243.603671411
159.594909106 317.567031302
158.019083735 681.006696951
162.60292012 587.789304433
140.881157196 402.735117094
298.041224298 147.181487868
273.877334217 121.508396155
267.394101718 144.900554522
196.029589223 172.97893716
281.762838035 102.955983382
142.598448899 609.976710575
208.830511555 331.886984552
169.208321416 354.74769832
170.510718954 629.071406882
182.829352271 574.851251249
240.153741401 217.443653252
184.189719362 122.168779064
122.07340072 245.644649416
735.649879931 74.7050553669
701.790590588 51.9402672092
757.245583928 68.66435297
122.165338864 363.674837838
144.492020991 277.267909901
269.361801038 192.478400404
215.763512249 100.556094144
183.778623032 610.092560884
257.056848728 287.372726361
283.35810392 297.001642308
192.596513548 152.710514415
84.1644249913 131.991617798
26.9048375714 216.780295233
269.321164374 166.911544239
70.7384421555 104.859201589
158.124686043 116.644283706
120.582174066 330.934311411
163.359658334 699.153298734
121.503005853 571.681259448
152.832041108 161.572556272
198.79541199 129.768063264
716.000941516 98.7485007473
185.175348005 699.760177721
68.615955973 170.726375551
149.327277347 380.830434098
235.568721237 318.065233001
100.335001009 103.311631326
299.097588898 123.355820532
98.8593227874 172.49817129
165.252816604 208.904963684
154.428075325 556.445708036
697.560469102 81.2576127675
171.933494924 666.746007848
30.4052469372 170.806793595
237.987077817 120.494296437
182.87006354 220.033924033
122.118798965 203.197114793
194.780718081 647.12827021
42.0069725689 123.983059226
198.661907449 192.114637607
64.3620664651 210.403630662
164.686129609 98.5981655165
215.91405979 300.29715388
251.114783564 93.5237366495
192.009745355 295.375519956
190.216851048 269.477237233
216.412734875 135.224360094
