600.925766186 60.3263900196
489.295679966 158.153314362
665.619208858 43.5821822204
711.074351478 342.908511998
144.120875647 145.819526898
128.494271474 108.065145077
771.753283441 142.546015861
594.718118172 140.657716234
678.732247624 224.244378827
119.064349108 59.5181667196
777.569059419 337.171889508
684.258774079 409.353583538
114.538791969 89.901206627
764.051357442 243.901552779
692.836194562 193.691576624
331.285378409 62.0983041331
675.627342273 355.606437834
171.184636813 93.6287405124
154.287666556 40.2403024661
760.495788111 119.874377569
563.29229508 113.874833679
741.383556833 363.456727808
235.46322174 137.105055126
654.241314622 113.380138745
646.344682686 144.883777069
724.039564362 143.719636332
100.772840101 68.9571740259
745.826788179 125.184274319
472.906486135 163.785033933
712.094402314 243.186649087
365.777959756 50.0544216277
122.300097647 121.658798622
729.306856511 111.514493821
471.262863507 198.945711593
684.431968715 104.442023867
755.41144841 80.3737647593
733.404198091 135.58012188
310.108091478 111.199800896
679.914016024 70.7044790578
735.691521557 247.054543157
272.878818194 148.709317271
164.748096589 57.5500874345
768.60507444 350.958135319
726.386329995 98.4428520255
408.058280916 83.8563847531
124.789555076 155.128089106
353.22392894 73.4383819189
248.221282153 151.854239813
715.753982514 189.860450943
746.113754347 104.725364233
763.862164562 114.313118652
382.632960038 60.31342625
665.319758006 339.822969827
644.83510504 364.232654209
155.749802605 117.59516261
336.965980705 87.4999291114
587.158726593 70.3866272564
754.67475666 96.5341290037
761.36947567 271.589556277
641.042417707 393.425634956
757.764024333 152.037375379
669.45024583 397.445142498
457.139667797 176.584797723
138.074328164 66.973465289
265.177757998 172.005769221
738.432033762 285.154169618
680.922986533 377.53627691
184.719026816 56.504309247
284.131918591 181.929610899
790.085791042 283.685796718
647.988083048 28.7195560128
740.188020243 178.35018779
649.509340962 53.8679864413
772.65696599 301.980687429
723.985778693 373.746958124
145.11720211 85.1821489827
655.51549835 72.0100381558
739.00264911 95.9286347263
542.227770922 91.3574043298
751.107064257 131.792712685
629.509950691 53.305626553
534.039840694 115.772467998
506.681002335 693.608929747
302.216801591 138.081328549
300.46563827 158.958483557
741.595974826 211.181713839
513.431108738 140.123437659
521.183616081 682.332533727
650.028380282 217.065277476
791.767943447 317.210905393
405.663083392 45.6735647165
761.881637367 324.796634232
104.510740393 130.251488235
728.319906704 158.513574317
506.062550702 169.627198102
666.863520571 179.743292148
632.236032606 80.5308715669
101.003805379 96.6761588735
743.365194606 324.454222932
429.932658744 65.2036766904
