538.971976875 256.304754901
765.629527859 491.735307447
756.121284518 450.368254791
346.740079288 476.882151749
775.145257051 464.760010928
320.313751884 466.034014176
526.766394517 454.005615011
713.772084233 467.94980934
524.908712223 223.350443915
681.78453016 513.391726788
773.01593697 434.651801626
316.271517153 482.040449686
757.784636028 593.931098639
494.148873114 499.434561698
784.909625259 102.701904684
747.8681121 609.761157919
495.131342938 516.29251232
279.70230909 753.478497182
516.753692603 466.116696267
240.495733066 699.652498683
461.304672214 500.181181206
639.570444998 513.995954409
665.683495425 582.490875445
589.025661586 453.997338224
690.368379186 489.84805132
552.604144085 251.653951139
724.916893715 168.355459177
651.665345307 474.537819981
734.699961273 140.544202625
616.652291362 474.542422543
575.507421936 457.257820579
312.311615036 440.948407913
221.229868311 754.756540045
441.952372387 473.152554077
773.672610789 531.546048419
369.68799722 498.762339064
217.940723253 723.850726414
310.102832496 494.041584369
740.226125385 187.596185917
565.219335037 474.390783441
719.931645862 605.053645262
749.894928992 496.924559171
269.516160214 698.855289659
677.736005055 533.586538536
592.704071669 515.016582319
740.674473465 469.278871548
755.038179822 206.948180331
767.260589231 180.71320288
754.970769509 100.444730925
566.867132072 225.038961727
713.753758085 500.205829457
249.356032221 746.954459262
699.172812294 593.750159537
726.163149945 560.980938766
668.735056091 551.96740912
653.958538337 495.137744961
715.80760011 479.349316046
761.368611412 562.656814955
778.271976859 124.28026919
683.943203663 447.433169882
748.49368442 524.771407884
561.449537921 195.316975592
584.49554564 485.352173815
752.460379365 122.460664939
781.067034514 616.053239828
288.789176493 468.631894195
533.645874589 489.662117196
724.091221814 628.05541691
241.575501524 774.008580467
551.598130049 455.08625164
541.542729289 217.423778931
275.867326009 730.107563149
290.262406324 705.331229316
103.23622918 253.288608706
534.291652502 185.636406844
765.529956978 628.825328697
242.636239931 736.050734835
607.127920685 476.503009622
706.782553572 558.315954447
624.84522793 492.706847019
484.254862539 460.96195522
713.539291289 515.251300271
629.634909128 548.725645555
685.964203096 471.267511668
649.182379511 532.797459678
723.912617331 582.810213877
725.63416929 532.240094133
622.060349414 575.893556876
705.158265263 454.011146795
271.807391663 770.856299714
256.798531039 757.38115143
256.626902668 717.698504806
339.415153919 494.240084404
516.874294839 257.102943036
773.420835892 144.310026271
698.140527786 619.250375475
733.573420656 107.412089663
245.420902589 711.983626813
749.414520584 153.300381027
661.589866232 449.797486673
