393.664492391 247.947213061
337.071785258 175.487712364
497.102491564 80.1422270064
310.912800774 166.055540149
414.687124106 341.61545234
328.801911661 195.142619694
319.809843648 416.087860253
364.85558276 447.603769267
532.847424506 69.5335672614
316.576584562 92.9088962314
379.580688498 206.864651273
640.452720382 153.082351604
352.204989151 87.9461638376
375.966966801 139.628385054
702.068770457 40.7642114229
400.370916701 104.547597333
351.821784001 137.935959248
640.298705611 123.945017799
532.052830261 91.598466843
427.12967781 197.146462477
445.742755958 83.8471992452
360.560502027 122.288650019
360.757930805 364.615899711
367.42078899 82.4268864352
398.342390115 178.319358816
329.968727199 89.7396940908
560.209306385 27.6322682153
611.620899138 101.245748821
691.80689206 105.239266071
331.691782495 381.161309777
352.366082577 195.080586758
342.608572423 105.533652842
441.813842466 106.052071123
314.185030674 112.13188217
410.841611331 270.321715857
364.994150056 330.372008453
410.467111054 44.5508370961
334.285362217 348.543872459
325.255664826 442.484450725
582.541004144 37.9472076701
272.107031457 531.799052976
462.350688423 74.9961710862
438.072007962 124.543286833
508.615542886 206.599225216
412.484141215 107.486019017
322.529604979 74.9591388855
393.896680271 92.9329545791
701.522580783 58.9783536682
417.685142506 135.038076712
380.557530202 432.093288216
457.152712469 29.8869258417
336.054244536 401.485045157
448.502896369 258.95749765
382.542654287 69.6585634261
660.993526742 57.1648349256
399.157142482 409.759435338
394.226898672 79.9277231521
385.483735879 190.808884528
365.424622353 104.588087488
330.059718892 154.931029411
227.832749019 637.999771648
358.371291074 178.474334913
596.714973862 171.85719422
528.064903951 49.1262260027
643.361481329 32.6278477131
408.127370559 245.89459877
477.074249949 62.4067282778
668.928716536 69.5848001456
430.089730047 180.367691535
459.357791439 231.699224937
666.637217502 87.7349455784
416.396903718 91.6142471532
440.591001061 157.093432237
291.924282452 109.421402749
336.269650558 119.812524176
397.97262736 216.421130715
463.616912667 97.2655432141
388.094461799 133.048599743
337.828023823 423.310535716
459.27025129 49.3940491059
636.13549749 96.6617041253
358.328097325 219.770347843
332.593125249 132.294625073
401.976849023 163.948436154
417.73054901 71.4436062588
675.233454842 119.208018111
677.444244588 19.8447408724
414.698369888 221.253666015
375.245110236 108.614422047
405.37328069 125.543444972
412.542756457 156.310033534
382.343261473 232.784731432
356.089836498 406.989541331
362.521026802 161.122229846
472.26103386 104.927414363
396.932927685 199.865195085
487.694340709 48.3337260236
683.036366767 39.8113089511
307.034390335 141.913413498
389.729654261 59.061942832
