263.066558763 566.725117259
285.481277879 546.032213222
458.369866922 611.669203227
251.809153374 456.013870753
203.852727034 662.003855294
128.980081394 634.566323958
224.158762248 593.356042592
50.4158420083 118.635476482
67.8790441354 190.537261645
137.832838962 283.633420441
182.815710981 673.303804326
237.178771103 634.406522712
162.371841101 638.308787188
144.819433133 116.069063271
105.388801341 184.762366137
139.700836291 670.478679927
195.181699154 408.402532747
118.457509712 700.710220666
262.114626778 604.140865449
550.237845618 595.46442545
144.197347862 308.876078792
315.516759821 510.517378696
445.508591856 592.597793541
67.5749368669 92.1143669548
87.0104195651 229.135886428
138.185896546 198.137069871
165.111242349 261.767848323
134.017580101 242.085557361
198.751516348 640.336539625
111.07746011 97.9463632487
242.849635719 424.069510051
113.732968097 682.362527902
69.2196465874 154.81761572
305.075341677 584.966933216
110.910133807 140.122663232
576.789526772 612.325781213
114.658106888 272.686194883
164.073599159 548.059085011
104.058519487 250.871003863
106.229313518 107.952132838
140.351906178 685.274571531
532.319767768 578.532299194
171.09007975 688.736725403
116.445773925 162.694436463
381.307635133 502.053573236
285.089779013 599.924057536
173.547700335 435.145898884
131.289304718 445.968927848
68.3345608051 105.436842199
92.1926514455 295.268940505
114.383832819 316.821315657
516.712463549 619.570996028
144.96155111 620.592006095
137.704740574 551.863798423
130.374878129 707.701161228
144.025088402 408.642232892
152.362447054 578.017072092
159.156429846 218.995252111
75.7059384256 118.280161173
300.536272479 637.979855666
183.51369376 699.547710052
340.033902409 641.732408059
175.876985271 472.599945101
531.486332708 544.962017582
229.396813157 664.043624495
158.07239548 662.488357775
161.334382362 712.6522682
160.455853435 612.145515924
320.91162071 625.173269532
107.52455266 118.996074804
88.0845071212 144.102394794
198.952627541 512.98609107
125.318198826 137.454259073
192.581040338 551.165330824
163.684097713 508.80222146
146.178236628 704.454347706
112.478593063 221.831743401
557.945107443 540.214920134
38.9425557516 162.602824734
471.540485888 213.896498335
575.037102074 585.027051977
441.053550985 291.806978146
131.814669213 356.552374317
212.687849641 448.842280189
172.411565311 713.649470705
25.8978637492 123.275661045
203.026842615 480.335317871
149.205540105 693.234839148
354.75737839 542.430731057
179.780502148 608.172300815
428.642025782 618.813270258
225.396680932 487.805302829
261.41644762 642.093269262
64.006397554 281.406556081
200.787343897 626.500118804
44.2325975695 139.525032251
597.562620027 607.054849948
127.977699142 656.3610632
179.153100761 589.99628092
160.122513838 299.07038616
