180.461634016 621.029734502
267.231410576 447.843938589
657.526373458 697.784775908
385.46517278 727.889282881
233.545071456 657.09009642
209.053125328 627.122070242
700.671894451 661.408219899
671.121337622 666.378973145
232.72401743 728.151933212
170.723320349 660.642875258
223.804959909 724.316628749
184.436662951 526.116277533
223.14903272 705.040966442
199.81604413 604.075489555
584.031298072 692.035241733
194.826840156 591.772697241
205.847556232 694.126367237
667.153874528 636.037578722
248.535425385 221.147064138
257.719218186 707.254082828
247.811839436 201.71316949
620.064616994 651.304529223
700.148119527 693.30973637
270.178959654 703.620393195
216.457557028 444.418685494
236.235887308 247.331490056
585.883213333 658.028203615
691.314269973 654.476376438
409.746899155 688.470947687
174.251654613 546.180860318
233.651228816 569.821901109
367.316001917 732.407253755
309.262561866 698.197270003
228.320644298 692.494368158
204.862285368 722.102552823
256.535051602 498.543084347
312.981858808 682.582298273
246.816613854 737.532329103
354.644849455 722.915034361
251.741004642 358.459428422
672.811776868 729.744030444
312.221303645 294.512332577
677.412232172 703.656659968
226.52639261 494.21856561
265.570925973 257.058397572
242.825349274 724.216901412
549.026081815 674.679441972
453.908573366 648.180981639
290.679398964 730.147016023
486.503880884 677.783170267
244.693360281 475.991051359
244.707782772 443.874811815
259.884993197 689.13068574
196.202214206 649.971240086
513.517266353 684.581967464
246.69538195 713.233660716
167.594132072 595.062039487
279.310198256 693.788655948
619.548204255 686.720890631
276.95776967 191.166376153
331.055417594 721.791456044
166.071973679 628.67144075
562.988199837 704.313899798
227.611595606 473.637949215
223.45612217 541.640727991
195.77844865 564.436238438
687.717713483 687.068826258
198.28094459 489.620880024
249.380190982 550.738557928
249.597525033 697.725806024
305.918694212 750.510748544
212.633014157 713.34623418
600.677465281 633.687834101
260.411396705 462.691496056
375.37610335 695.905264758
347.148191736 752.419727862
213.672646519 514.451004626
341.63512351 691.935260518
480.825887835 661.751473533
234.848245878 596.415990294
649.815085629 675.171623209
225.52134239 678.81794136
454.677024051 632.96172008
446.785528407 676.190746164
161.279830213 653.592887582
328.657227021 757.110951413
176.703132194 504.277952101
291.745680135 300.423414111
250.866617155 526.368456874
245.63254636 681.923826433
401.60417748 729.062151208
196.105467697 467.073221321
645.530536716 648.060906934
220.26818321 567.55988119
254.209728202 179.27052855
426.02839046 654.78993199
285.736579086 226.384342882
517.153076405 656.157819782
556.769352072 642.540426775
259.854025258 237.015770501
