311.30623312 649.434857257
342.135926628 633.194766586
534.284124394 554.944854957
241.739634446 470.922209923
297.022910141 664.939224993
151.070293224 484.459594304
337.621168248 650.11854419
341.147568883 180.855529217
331.424448666 261.25103547
319.765971584 459.627950236
293.016240733 601.026497251
315.118679282 678.733595464
244.496988724 538.542156148
407.680684055 124.35738233
354.575298079 278.118178033
136.206932741 500.813292096
191.767071618 443.580391031
223.562424912 551.169473986
283.688713709 649.354736557
664.058981135 534.572374649
325.148860231 482.940294799
386.338779285 511.171320389
525.079887051 531.649131758
350.282288818 102.298998092
304.154052835 400.601988428
352.240479613 371.498893154
343.602044865 433.841628654
329.783839069 423.676198715
306.776335446 626.219163551
388.087356032 98.279011833
217.843100377 450.086690102
204.26816377 522.799938009
360.555581562 241.59672211
331.758391883 666.309755848
380.646983392 192.710865186
663.855784309 546.389411751
306.878034927 448.511397095
274.693273461 528.11419165
308.804310685 424.692275131
384.441082354 116.591836534
177.721473484 529.027149572
642.522668299 529.458449173
264.665713579 603.1274846
387.326451789 227.126994108
414.489262452 506.435542457
312.331867042 691.149462542
171.5442614 454.165901674
128.360584378 472.687676344
360.150011371 128.511562827
288.280720505 459.485976681
307.896357515 478.394776973
643.106074472 550.675634161
159.928918793 504.03322998
221.918413846 497.779173387
180.882807682 541.92175637
143.810166749 444.295202446
242.897664003 511.642916991
358.931508393 401.644313242
368.393376655 160.996507177
301.086414244 700.4498373
288.837950627 625.364952373
350.087998866 686.962380677
159.887027891 462.119718108
621.022455477 536.919934897
290.140910608 691.505405783
278.454879792 586.349582147
238.553967254 585.476376501
279.700325288 551.250436
328.724384024 703.504814471
389.932022453 142.663795648
365.744520358 215.866753728
268.332741169 499.35785834
407.179815427 166.552092142
304.851633305 545.098132916
197.18090789 476.091316856
220.017821418 585.060165806
336.228659679 393.61138274
627.245906133 510.983635346
347.34854935 237.97277488
483.324367669 209.872528989
669.203768426 507.775640598
460.162326703 282.981299572
330.425302629 500.441795147
220.961452524 462.800145507
275.82620698 664.161529521
365.521531688 195.136887916
180.566924383 462.426556256
262.314744505 571.35327006
405.86906888 525.05160772
313.334194726 592.291950027
514.453621241 549.806774227
258.800530268 477.206414519
252.339167019 639.819051256
290.033941904 442.472664234
331.864289519 617.580530934
348.047050006 212.613140494
676.694670986 526.167047795
183.744270301 492.32726696
309.743156125 565.822836753
350.330309689 458.872827423
