202.046754942 507.710474363
240.910086688 294.246704644
663.659271358 317.993212471
451.599070062 356.612262968
302.448927607 310.606968306
215.579228708 526.876869012
705.025489647 281.8985005
677.570079983 286.870032933
184.75284914 670.656934784
146.75401274 567.635286923
164.210259193 698.275821752
122.646735619 252.214328048
166.012153248 639.056999406
215.291866959 468.047457592
620.674830497 314.137605344
214.991698352 410.440299141
147.278432127 656.615008454
678.872708041 256.550369381
160.160507047 188.947327591
333.01018227 371.791397185
152.394137928 169.971222608
640.718998323 272.36612491
704.181880293 313.789699335
338.485990056 359.325456145
129.811694682 229.569060742
137.489478509 199.332273328
610.303783481 278.967465025
698.724259351 274.783425882
474.532238337 316.39504723
96.170958946 266.928846045
243.499678217 407.124555805
434.621184289 360.997156043
371.151400962 325.991311298
286.961834896 354.816690206
125.464998491 695.730885211
231.615723572 321.82064371
360.658278763 309.579500946
183.412763509 690.030639843
421.410539413 350.73128502
288.827538589 286.424793488
658.01122659 481.649034772
334.55331154 269.44793387
684.458470412 324.106855126
170.604457588 283.875695454
171.610985318 216.783865751
192.614717569 647.046604842
581.029709329 296.551017104
496.21357337 274.119962341
357.048644847 364.923937016
520.545474218 301.224370068
193.822705214 302.67131673
170.262281505 251.977056151
324.034067837 344.116215436
194.253649368 559.56841029
551.102250259 307.458977228
304.600352255 377.219449431
176.629331102 482.907893878
341.735015478 343.342573452
644.734146617 308.007005793
184.824585915 172.681065396
390.880391557 348.521035115
170.969783593 516.237252093
587.462118221 325.498349581
142.9077896 247.768507329
205.763213563 354.98169633
111.206829125 274.535509509
691.573439758 307.333585307
98.6634847752 236.527633938
236.350317135 382.847089447
180.269255444 606.475251817
368.273774564 383.706040306
148.564334472 676.385472631
624.173843284 255.291511142
190.589765676 271.074329599
443.802960895 324.146139774
410.745368053 380.127691475
132.603808136 263.286238341
403.725950032 319.454329192
519.857692314 286.183515356
244.089620647 437.308379181
654.648304922 295.582146053
140.151537443 613.171564137
513.072609743 259.363177902
489.05437245 300.876365943
171.154618964 539.750388855
386.329349531 386.14154181
87.2121456105 246.521592528
292.588067428 257.633559647
225.785442438 360.021321764
308.471467022 335.702302622
467.880725074 357.859971162
109.85678563 232.738769563
660.429926573 268.981909059
211.745288095 384.513716045
142.992211633 148.786513158
472.192941529 281.430831395
194.290035975 212.059294977
546.487844203 278.90758842
576.885674232 263.841716885
153.561895937 207.298416006
