269.548968895 544.987788521
119.154637084 347.677832032
455.16289787 656.573179031
488.161424886 689.787407743
102.453707932 685.840357625
35.4843326545 695.556745239
75.5294123242 494.809014203
696.302824749 730.455672889
660.098773665 723.849681388
59.693225026 429.96729147
168.584960192 542.965078896
603.257923521 500.986629066
49.5561515188 664.954674807
139.078904299 478.204065272
57.4510960359 711.968669648
629.655403164 715.821214351
650.900544597 698.739831956
93.5915465534 640.237790761
117.561180474 684.263096107
126.243924419 101.004177786
77.140961094 414.251985014
638.845198155 689.850215894
74.4968697615 711.510856679
83.0537060519 478.888813989
91.1464773574 546.99900768
73.5921231862 694.826675602
18.8064128652 633.783684901
467.472343097 730.490378057
158.944957466 471.427205028
481.897393538 717.211004556
642.12018381 737.660320718
115.839632332 252.278053388
407.061593892 710.029822272
136.265077542 576.995090159
91.0829044191 446.708345076
128.983039065 312.447400821
381.862732502 719.478708677
490.105060661 747.319375082
657.657875504 663.674913759
132.523858819 236.32879518
39.4698116286 646.144486756
80.0304573685 648.798016662
208.381698947 579.510742121
82.3208975692 508.192753389
114.684612648 621.698137126
105.556181876 119.978806644
77.0870572308 674.256955563
84.0028547233 570.848886383
66.4915680961 650.994386041
373.343538583 685.806324506
142.084769782 510.019024818
102.654159098 554.511043087
399.136028468 686.861201933
517.908845916 707.18681265
106.064466878 724.867965899
107.067480653 575.590609949
103.018437856 372.32210753
115.00809368 416.801213204
146.522268965 103.742106231
669.715716368 706.448375006
32.5484984738 620.642547895
694.586758948 709.060105223
99.2880329753 416.787556103
64.6434327095 624.850903904
81.851038895 610.878504352
83.0818828875 386.259935694
667.052171003 693.347040828
78.3599365177 594.597608536
109.641877393 677.714076538
240.504956144 576.957473341
682.162022423 680.046711349
139.911515597 562.109256737
700.069802055 695.662992962
70.7589276041 463.335397888
113.7210526 453.563390465
96.309769542 712.142938026
426.855785175 640.203769103
87.5070540139 520.282184211
176.666335487 487.965012439
125.724958156 120.126985155
536.824068903 354.533020268
170.758846157 134.781419693
424.408321649 678.828702462
93.2561349104 690.501593045
104.23679884 604.823056601
513.811758581 735.468093341
139.503497614 281.587266645
398.045442761 656.829750865
679.906127683 722.772965276
149.690005341 122.419683408
39.669398469 603.129840706
94.7350276599 513.837196223
64.5956212994 687.859677388
123.828588759 86.996535668
86.3238199559 537.006065921
112.13110929 102.898982541
230.776775882 558.000846971
35.5231715315 682.194814353
119.357067762 535.298234188
49.3043980724 624.014975561
