696.873489223 412.525416523
689.180629219 521.723319856
719.64905961 424.848309544
739.013545595 414.543334002
725.670849878 553.900247795
695.119328491 431.935255515
754.59501162 517.210238114
233.254458487 399.264801873
699.69877142 353.530230932
704.593104993 464.304609182
762.600697837 546.979589651
653.727619431 477.782262511
261.039427785 405.781693311
722.800532917 312.546819624
704.196817776 99.5429205204
671.982297975 659.009322527
768.186012255 450.850637292
651.162232656 498.178780941
780.215550214 517.439035247
727.397470145 470.346219376
748.963648873 450.67164401
714.812744488 454.215077563
702.136813277 483.996138789
711.549573368 180.8963409
730.796148146 436.368458811
673.571883008 313.480041315
671.150877479 249.195890349
731.905273359 167.35542038
778.934959153 646.314097792
708.950214597 269.949142477
710.149394828 148.880001946
618.025354897 455.224945178
196.402322337 350.411747416
664.680559005 421.294590764
683.196475717 408.940487406
722.050393067 482.269894432
738.775831174 394.228157471
645.299481386 551.614295613
692.055605262 132.236974223
697.612379592 316.510347127
695.108085428 681.160672979
725.293685875 243.120603356
758.563595413 664.390212717
727.326564747 309.603505177
742.519837383 472.665111939
687.19571216 612.696800746
706.406290956 115.104228042
724.939140997 128.819995985
686.348273654 98.7194325472
762.229519811 352.497788613
770.354565588 330.894665217
710.666232374 513.219465144
695.838310578 643.760302528
253.133457575 421.10583459
200.379189072 377.60845404
728.028371319 282.194498279
692.586477023 550.124410783
720.072005575 298.359656184
672.942250112 112.699769452
673.444904506 576.669168582
723.641103009 667.821803951
636.608146464 474.084317937
735.696982832 149.207999512
671.812854843 274.224273192
718.923211156 588.628095207
604.321904083 491.124868756
741.927487084 690.213498713
657.705362714 519.339367081
633.192233008 557.726555992
705.589090689 331.308307045
717.28519243 322.817711316
738.712432751 338.738628406
706.661828958 384.509020841
751.082705474 331.932717157
737.762320355 312.705688096
722.517383964 625.223807751
718.8793051 340.158057402
692.864515807 290.812867587
158.135368831 369.782694607
701.53557704 245.731838527
675.463315952 149.700537228
695.095595731 171.006027087
685.355843409 451.59679388
757.462171924 478.410568642
748.507191553 550.817909112
175.175436246 380.103985762
770.247952394 308.349105165
706.428621948 424.730592546
684.23904746 485.628083824
610.287661893 570.708251178
631.255465074 485.6628125
752.407448742 293.507956936
664.980156111 625.047043107
670.344166473 399.309525265
765.406061753 634.177412107
175.26602913 350.47472336
691.991588493 208.690332403
745.388325485 652.075158833
751.722657897 622.03936985
782.904163067 476.510636869
