321.128945171 153.97748728
449.469034037 502.204113635
406.087958798 215.772358557
257.942669902 177.962996801
498.451412668 577.207516352
421.423658953 462.06036659
423.092083152 221.443111464
532.766544412 394.380151612
315.075799511 97.2529219218
650.228497524 553.653959178
744.100802866 101.006900867
246.274636367 196.040751643
571.257372996 442.97831833
275.230248199 199.161869931
416.016499636 247.264988128
590.76205981 462.249986439
238.755669811 210.017887728
502.702908972 480.305583453
444.185363742 449.05994943
462.47742319 520.623227499
305.077237752 178.124519173
566.617256775 581.749338045
637.906414217 657.008361998
431.683401144 353.072935544
555.287753795 373.348922528
345.764007101 169.559994387
655.863387136 100.191288491
485.691711144 446.313068192
449.935085687 325.232824174
421.065915984 489.139575397
658.602145395 119.931279212
438.530876809 407.191343918
393.590523941 374.540583545
561.123145242 555.495352095
567.631678259 396.257339535
622.845972559 658.109411634
452.586541831 282.635902087
610.212419095 627.418278026
678.464238736 99.4613729583
518.42643698 368.194334386
660.21830995 627.459426023
427.505227827 512.401647374
721.848264542 125.333796324
279.530342742 154.825515283
607.705180788 544.623587353
495.215865322 419.060582826
713.47905229 145.577901897
513.368357611 343.376737916
477.086478197 340.006115568
350.82872665 136.555809905
636.730848504 517.595318976
467.155915608 396.681967846
696.879568579 628.125182746
625.671709021 482.402686454
632.093188478 589.807078744
486.664834133 276.025509412
719.59623042 100.567426586
552.524563308 422.390160587
402.831710554 224.862696323
473.586600279 450.430191043
526.244945656 440.005284869
360.576957825 97.9625897587
581.125509384 532.69678826
453.91234291 358.953228996
295.246298105 75.5622785542
242.650647737 128.82902221
278.003204077 109.44113536
675.102502567 650.841030397
464.561425802 548.377360024
423.142366193 371.366483614
329.994974082 111.994554576
682.603903391 130.657554643
486.67526272 297.38045076
404.173606506 353.824813284
343.230001804 77.8784325581
575.10910925 417.819855057
517.826987203 550.861066781
552.342022212 464.744955682
664.985236678 589.541668202
463.720354835 477.60194631
400.184653162 491.100954194
422.141223 524.066705941
641.787537738 625.240866596
498.755193144 319.627727363
609.504020225 575.711754942
563.40167194 605.446339828
521.739770378 298.077871315
659.833111288 677.711725001
515.826809607 404.97896834
590.052916828 495.012109756
540.369184496 514.759400046
495.849065288 511.78380586
264.527103203 216.803713615
304.856181893 131.08812075
748.196009181 120.726247695
684.152706908 672.001682666
382.671699066 228.771738842
670.614535322 139.509674432
703.038694444 111.950253795
488.492504313 371.620332801
