588.392961297 112.219806696
625.274104083 332.210830882
502.348300316 699.322132348
603.944804554 409.210185725
354.357019692 59.4619393458
108.097956903 19.9480867936
624.23419759 252.972720718
560.822928984 123.181758301
570.543388314 97.7271866727
568.147942757 648.931349565
468.741922627 195.357662982
541.550503249 73.6006942998
93.5534672466 33.4653369468
446.954019716 219.195001662
94.1188307536 55.5891235548
568.070459004 599.948061228
538.338243556 641.924050572
318.931607076 33.2817940536
601.032648904 316.00857029
484.575708807 193.448571127
516.008518564 685.710880872
652.1078359 308.683599664
133.213776773 96.3753462989
628.168419581 278.379937663
352.555037218 17.9524339354
112.447092975 73.3882621765
94.3425210839 10.0113527921
608.044863788 118.35886039
534.70883562 103.992119156
524.12405792 701.046062694
650.46028491 240.351480688
521.690622971 119.774682293
532.712657857 186.178242156
457.672798262 175.710637973
564.888172464 555.54741419
602.85235371 431.854508085
555.553243707 699.278289864
577.783066553 120.215412741
547.617920069 112.338186977
532.819910496 55.8568355166
540.138343752 684.659212171
302.64331686 51.8285587002
588.423840762 102.668077809
329.77524973 10.3759846947
304.52067882 18.6121395697
527.133251663 125.888856537
130.998305946 63.5149216422
380.000591141 451.150047839
120.408419873 31.6846393249
553.353055273 675.798665841
471.843513496 121.622405952
561.677810528 435.511185115
539.992286931 615.98954942
518.298787593 632.751190135
316.292323644 88.6454051092
621.643538937 301.619510224
516.775445204 601.624974571
530.229021269 205.161062872
508.979574347 143.616000725
499.442507591 172.703072964
521.558134758 565.903127681
554.5102393 133.855235279
544.11950352 564.868732104
579.150533691 133.907934014
649.534787989 262.146347879
530.298195181 587.117544974
464.604795411 155.905927089
491.57443598 600.468982738
591.452856852 292.781257038
343.145620683 35.042715882
550.395338648 104.754582051
508.361060861 663.999580427
480.970089894 146.655704659
577.188863969 433.588072104
530.583550171 151.291544854
342.380750926 79.6709305292
549.802792625 142.625860747
629.034408876 259.779294916
519.079625004 87.6270314655
575.503859742 82.405313541
536.832762359 94.4123076279
519.124378654 166.373912557
555.890769862 147.593384182
325.09523623 50.8905560445
560.23588561 110.517293863
529.011977714 660.502370783
496.821954746 116.669350128
553.597996863 575.301384126
464.550613437 216.477791873
524.411025416 136.101617434
108.662414934 8.39569728459
566.347824704 407.150634348
109.422413352 49.077440768
547.748488422 62.540717383
605.482292164 283.01283441
549.630051152 85.3602390011
522.935009658 114.963068922
554.308855523 170.846718731
493.242440942 640.497632276
577.6204424 392.574973948
