82.9203336528 500.24916574
131.172032542 337.048699375
659.778181044 437.884584497
420.140920268 472.228408588
254.976829267 420.473898735
95.8483347465 523.980225882
699.936771491 401.6818451
669.666245117 406.577166558
70.7984225514 682.854879142
48.5100093541 556.317633613
54.695575897 698.687153017
57.5831335959 352.15175618
53.7883038138 652.13516143
95.9009304759 468.981941559
607.842455334 433.348608728
95.3680668752 415.534132928
38.0191302409 668.017154045
672.349087294 376.297536526
54.2809100712 204.67599062
285.258407167 481.703632562
50.6474816774 183.611457787
628.162499639 391.604160375
699.525890243 433.591224411
295.959174366 471.438319491
51.4718104547 311.117808139
37.13606896 235.761682725
601.048511658 398.534514956
692.344236121 394.546462254
437.355387534 430.315855707
40.0045249711 371.870849233
123.865139686 411.578665508
404.430617622 476.847777635
341.847120761 442.172262137
244.389711183 466.877389405
26.764022903 699.847391296
117.981412055 358.755777889
336.272337438 426.771524955
73.1554435983 700.296499244
391.089715098 466.791106613
256.852007391 357.933469693
656.578938074 498.263871398
315.354426505 304.439350695
677.502230165 443.801552657
78.0279907316 354.791414526
66.2451689442 244.86361703
77.1267465934 663.468023704
566.154725542 415.584286867
462.262521257 388.677599693
323.385931651 479.915801007
494.840679258 418.162666896
87.4050985037 356.083343358
77.6221872968 321.872357061
279.444699435 455.470477116
77.7877912975 548.503054925
530.384855191 425.609175023
259.614846806 488.420498457
59.9547551004 481.561371107
303.258750803 456.934856163
635.345422947 427.59039898
74.139126216 179.057952218
362.674505445 464.981146813
56.2497789858 511.088449196
574.90755295 444.809910096
60.542010596 331.854809354
88.761983613 371.797361612
60.0632849853 382.634162486
685.78352314 427.153014649
43.1445764848 342.160372559
117.0476762 388.974012011
69.6875932671 625.97271729
333.709465336 498.477654212
39.962887246 687.623455497
607.028510446 373.985198464
91.5457625735 336.109951063
408.431825927 438.756313044
385.624578209 497.247548361
64.1700847678 360.509866701
375.259678586 435.842901909
493.088192487 402.834205693
124.54553912 441.708616241
647.767003729 415.3413761
38.497800925 627.212307329
480.732104311 374.738327212
459.572166767 416.92366616
56.098402559 529.5560615
360.634667256 503.147378403
18.6253815386 343.527797191
279.376575994 309.664229689
106.952701753 374.103712697
265.432693668 447.320588444
436.086835095 473.363516352
29.7788494791 320.860695907
647.804040509 388.254927675
93.0790822119 396.622153191
49.051037845 161.13179048
436.440919452 395.639320424
80.8479880508 217.290085935
524.727393307 396.862414649
566.240893584 383.336749972
51.2547958507 222.786853155
