238.029904299 612.577199587
500.045292071 736.762320834
282.346532052 709.170938241
318.945293003 629.438044753
354.845288924 258.355883304
331.457132322 253.423570199
357.710524666 410.517858398
571.935064278 717.238354673
259.831558352 737.70333008
292.072781243 520.641799123
240.437233477 766.73777461
117.490390215 706.777529285
368.095632384 297.433736463
281.650166405 762.332148425
337.235661654 458.814783482
278.015996054 610.933863858
234.232243142 694.409108062
303.363375693 584.797361351
650.888834713 674.041557494
406.271161931 700.285065131
388.330383292 734.131661644
144.92031617 695.565033152
371.988521012 446.871846827
304.646036859 481.350470704
196.718617328 648.470101454
284.825400931 567.447849469
586.86441117 672.586305646
404.509579526 727.27375281
700.77876607 710.84589152
400.495871864 280.651262554
377.86789302 743.218603025
260.050280674 728.18893344
366.066218877 385.015733821
242.320813483 719.42934145
542.606010489 263.579253389
243.443872054 581.199795719
330.058666183 497.339975828
362.689680403 671.889411007
567.161602276 694.88490202
655.376160927 707.264309373
385.665777608 578.55241269
700.060865445 673.095568224
356.544108816 213.414715638
438.08596422 735.859726445
522.869016932 757.404616981
317.525793986 743.42402457
189.250631749 619.941965867
593.068613494 712.444953437
299.100803398 731.401879882
323.086773841 686.562472043
449.341425991 699.419416916
380.322053357 410.922664568
474.963608239 725.344501017
319.749679773 552.477482502
339.91484992 528.046179511
347.136951985 228.448874129
109.451624116 689.401762761
543.733116405 739.405844581
308.217915686 716.209508304
518.237380013 721.04155133
148.728002636 681.121833368
368.042431959 763.381551084
685.58597037 708.293721931
526.344927815 690.026143931
152.994492828 649.320792137
229.642510588 670.724450334
330.289772579 380.645123889
547.115599285 714.125023642
364.740279315 739.918263109
691.045028997 692.691408701
233.410344274 737.856959741
317.007864561 526.506203865
644.276629484 658.734793279
98.9519347218 679.721427768
358.586440823 568.327676256
335.934795781 575.438896361
287.42549658 216.901294521
631.210742635 686.06572023
686.314173536 664.445007475
344.899612443 423.076131522
668.722148259 675.849942198
267.102366591 714.023161761
493.485475929 706.955982109
276.606602671 651.790887206
318.366964563 231.908461509
274.795837436 700.131712454
117.264941621 677.56325783
387.511497477 709.434450049
99.2263337972 721.525195855
382.000914209 243.874716498
309.433914177 695.034747983
429.34932372 682.327537977
245.673229338 755.839462895
331.0009727 721.654152517
286.390695116 683.895156198
352.569922417 687.66887008
675.900135685 697.622598295
287.818501631 746.291677423
371.099187522 716.352288105
328.620547295 202.405905003
