443.434653825 291.647784042
484.043371797 171.909287308
523.982175904 594.935703923
497.797810946 91.5102814996
403.373608075 142.420540171
350.682047749 181.061579442
374.747580961 174.774960378
527.503910404 186.237729538
460.163072281 657.946163899
352.256771911 353.367015294
475.125492738 699.582373816
480.03179467 347.009924574
418.194674671 117.472536648
494.641134528 698.920753992
423.893452457 136.697580082
410.05102525 192.763942087
482.786218837 258.288707544
461.171143522 103.941415606
608.672022189 143.901744862
506.518219357 115.333239342
471.30197621 218.697134926
491.317646621 302.552494745
504.386007024 54.1018208579
385.648864132 358.971718717
468.661311916 282.099998685
378.628085785 205.885507881
565.638072071 178.17190655
456.506644301 185.228853138
666.611124048 155.426067453
436.788263215 61.1679733543
340.369419451 410.891991091
510.638275309 620.210445903
399.97285947 296.482632429
492.743849469 598.819265182
572.500002657 291.738669605
391.232096083 372.179058513
410.669730471 328.868677288
525.944172103 75.1324685898
563.331610291 148.731587302
601.044934115 206.989348641
546.970641101 23.6871959978
691.094308371 99.183172039
423.755961153 72.0582778692
470.79418893 142.913103853
510.755033234 235.369058446
519.04000608 700.52095766
353.114709486 385.962792899
551.530896077 216.147658363
508.072325921 663.740888837
531.623534859 294.436134373
551.529931725 64.5137892249
459.194121848 61.7475597762
555.557475295 80.4449853403
403.662554919 166.12473731
477.551656301 87.8942021153
406.233702268 86.6499625551
438.057334264 387.205611506
520.491367218 148.026387842
515.46959206 650.939900326
542.85926131 112.907271722
460.485213311 317.124645997
308.938260001 434.610168046
633.695288087 176.591304269
588.407400194 43.6770809384
426.68633268 352.551660577
399.994745737 223.425245287
365.882175672 313.662691832
589.276650675 68.1900739862
317.905462461 420.365314867
676.143302786 110.11608543
484.970130032 643.353214869
444.419908522 108.731967001
601.853814811 109.004258128
388.998221967 404.094227527
522.094344648 50.1787716016
492.398615436 67.8661812899
335.274297381 155.129309581
599.641281939 165.142112434
656.196640603 78.0905093098
336.522528082 327.594657292
644.731696617 98.544625374
503.229697744 368.053994358
570.103207474 53.5107418648
440.595308471 136.032815612
359.148294717 148.614988568
507.865249995 285.9502428
406.085973554 387.232303012
485.30655638 124.879577804
458.872583336 374.928898929
436.903060793 39.5392614909
515.148031195 324.504995485
541.140374309 44.7405775925
469.011183449 673.672104781
516.127472843 681.802179443
429.838047894 201.117881437
455.098060841 140.319464363
648.869663598 135.404866447
488.588715633 682.180398733
436.193588912 160.804636142
379.255231846 141.585521101
