512.502623623 289.574033676
458.242822171 191.882516171
603.460515837 132.315758288
432.033507393 187.663097336
528.131513424 373.073768257
448.571375736 213.411679013
447.538667407 439.219157008
492.101938864 473.34524275
615.566118859 130.379168807
442.842850622 74.7154829185
502.847651206 203.541900063
639.687880209 279.97490417
477.688229431 104.328502778
503.81270888 141.52748902
692.986868698 143.831639485
526.934046442 108.43418181
479.235191422 148.306564355
630.007539464 252.849099237
608.595598126 157.26635439
547.264883608 192.436347234
569.216459597 108.768559836
488.628441714 118.208047415
487.652062965 391.616643534
494.645798101 89.8263196682
523.548971338 149.782064336
457.947298333 78.4814126525
624.692502515 104.817180449
592.536731905 198.009308505
670.459508147 232.823706011
459.451220583 403.485188906
474.789810847 190.178615439
467.636184566 116.007595095
565.204319553 122.272391044
441.125921589 105.280589961
525.48640281 328.132647695
491.369584343 352.496281487
530.947570489 75.5481990878
462.404682635 365.702468316
453.62463356 461.622746995
638.411444998 117.394603207
272.215031649 538.23756762
583.589533778 105.150234789
561.813815131 136.902397846
568.867045737 266.136400286
537.585349952 113.931269869
449.590870187 55.7526245016
518.602539874 96.0972411373
679.721428701 178.977395965
544.106812228 135.234242216
508.495506651 452.791039582
570.800391183 83.8045700939
463.795425577 422.667372817
559.708935949 322.455895541
507.476943889 85.3886310057
641.424190105 179.779738346
523.460535628 420.399463789
516.776376793 88.7720720492
509.734679028 164.139290306
492.459788187 106.126399285
455.403284848 160.986401393
233.889579778 634.121388155
484.459152676 167.001233717
598.351179498 268.712369182
617.064728631 113.690749494
646.060335993 126.646296795
522.352887441 293.385136887
591.684870505 103.716754094
643.576216046 195.409445974
556.159040791 163.68584432
552.717176761 289.94111596
647.312568649 215.735356179
539.960085015 102.088097912
565.082582399 154.365688638
419.449016315 94.5547964012
460.867938869 126.852826533
516.379061928 182.938444945
583.66620104 114.589834408
515.324883573 132.340959314
465.872361619 444.691872005
573.528331971 90.9459229534
617.703104427 223.528563221
478.998024419 220.266963727
457.606046974 140.726999303
529.388380269 146.556336795
539.442228153 88.3286753265
660.744472003 247.779980629
665.447868665 112.921653446
533.435958167 215.55058791
501.628818187 117.551451887
530.115831537 120.616892628
539.579196046 145.717521205
499.709166751 231.242517979
484.246609624 425.775654928
489.691439535 152.020126145
593.220074628 138.511565619
519.539783579 161.250429411
599.283201488 94.2794807015
664.800170239 147.263230724
432.401336754 158.436428531
512.980059635 74.2159806315
