452.484192731 545.503635298
472.747770924 514.053199882
506.910514758 238.873602637
268.766059532 393.053653888
437.433836835 643.298315237
122.016559736 361.113851365
468.309394443 534.538438951
377.937833049 104.158629609
344.731151364 104.224150787
441.127671907 323.813486779
523.043040021 398.628759409
464.318272215 657.362111484
334.201853328 378.808542233
425.449785818 169.813004902
374.358435456 162.388042747
103.404648075 380.114002113
199.298638285 346.563804649
328.70198649 399.051677211
418.144405292 549.696854353
451.319163651 253.889859144
482.057835988 304.142837333
505.74584394 314.069306498
458.801274884 314.839726322
400.146085463 102.992195395
347.469511164 175.923670486
350.847291597 155.246531032
429.719290069 296.319441458
409.511086286 260.86934015
440.576972877 516.793968078
443.683242776 151.592643029
224.644015113 360.011106704
171.267107002 403.137211561
424.667100554 254.023589863
469.331328003 631.844403292
415.274106504 219.936284025
470.849018978 230.408129648
407.536056453 286.545346857
353.029471835 386.12997902
369.067135541 211.934639552
416.571161572 134.416787148
141.114380058 394.288060058
447.273959551 300.935329613
495.861791863 400.780202621
427.539583237 234.067864559
511.204656703 296.685232558
438.340984585 668.701642712
152.912642317 351.3771072
96.7381970952 360.304966687
398.811029898 121.547899098
377.124192558 252.527580064
469.636511597 339.784073464
481.390533822 334.078608057
128.083338152 385.662760023
255.918609113 418.464527382
144.125282768 418.739349876
107.275730078 360.51633198
292.557304737 188.615203927
381.096784776 221.798542775
401.255288925 162.117782262
440.21416419 699.963566898
419.394116469 526.214548139
457.903731031 677.394166255
129.579246485 351.277201694
458.131310043 282.693226503
419.165996019 690.815881882
509.715999143 386.373422959
358.659235147 491.665682413
466.217389247 364.871471567
457.548365771 697.842088013
441.950322402 176.82475344
396.620735844 194.778780268
309.505277593 189.769321304
422.849175051 202.497733308
491.047951212 362.867920541
199.289031804 385.791649779
338.917165079 488.454519007
358.770255962 183.962896738
394.819514646 232.646228265
357.622859848 133.059631085
438.779057518 223.760935294
431.026232093 277.232586869
375.052756763 186.088677524
494.571613196 353.133009605
239.426151988 403.026541299
407.619414691 668.041789912
374.518322264 139.409150031
180.497931082 361.809721179
478.954435558 387.290370592
519.28653428 345.1274548
531.44224285 381.027056072
490.070190032 204.759586205
299.074693926 161.954269277
355.272815315 659.264778411
342.306688006 211.818555626
455.845537666 495.668701518
357.053418998 115.529742277
451.252014568 197.841233248
160.092131484 384.798362691
509.923687425 373.030375254
479.058763299 273.320034329
