180.518100953 599.209501651
172.804264257 708.650218659
205.965607973 586.393483887
170.434590519 355.400659331
220.922972648 705.269765418
164.35972052 613.248406121
232.41344357 679.657994359
131.514489136 638.338517885
121.406468383 391.737699926
216.026754583 610.465931235
242.019268417 712.633227004
224.29218281 653.168039031
152.526139481 635.829808425
99.5759185379 291.93112016
174.107861749 100.255574162
137.816144023 732.970879082
182.823023087 329.306654113
143.265853249 711.339187282
254.460861369 693.270398528
257.625054922 596.198936628
189.772755938 557.01693876
243.603476838 610.086295725
242.296920667 645.154058329
148.585947543 281.323633187
183.396574846 584.117387541
116.031960445 265.24696456
131.607759457 138.356653408
176.286138356 187.452372625
195.48638944 739.186301171
120.678011602 303.782946538
147.453247127 243.104279086
147.970050302 681.97580091
141.890441805 624.51441882
189.055521555 632.113549517
131.477367244 584.727075686
255.595741782 632.977599308
190.596761576 226.522821891
215.113256478 711.71394565
154.684602074 152.267593227
111.169645569 331.236649992
154.625101897 759.07630144
131.746189767 281.436837276
211.165117254 756.768367919
142.315682417 365.051290721
181.160933032 378.646838807
174.896340743 718.819092638
159.797861289 184.558195995
175.204614644 141.379869469
164.029889792 131.654384543
167.72431423 340.459722945
169.939917959 302.747217437
197.921705708 705.687249234
163.745074849 720.592003325
183.22616777 666.715353803
156.954596255 667.380982767
169.81405236 384.832169396
206.941778971 714.625630217
137.338386834 340.450385536
163.473095912 101.461079849
591.900865765 608.008605698
165.437052663 741.734527449
210.178038362 668.627695274
196.904263637 119.650179711
152.738292957 99.6693173517
676.089288832 550.710808802
132.99664171 709.204123936
193.666582364 754.741429502
187.115997372 711.687667725
579.52665728 584.659221083
126.465139458 371.884721641
144.295552458 394.971133289
163.892992515 398.677761133
139.485740383 570.934898203
171.102296209 568.895687615
162.35362999 366.410708066
185.790185276 731.69499456
184.85861276 438.1055095
125.143835264 206.844637599
115.794985515 663.67215975
107.09922441 237.255661352
150.387624405 117.802734805
138.42886996 230.276987885
217.027492362 632.824208047
234.903848942 584.714543147
236.981076482 727.568062878
120.665684746 687.16736619
157.190753252 327.134972342
157.276382671 595.977110005
198.284757129 694.654539359
570.586351571 606.349146599
168.580781674 703.809249021
184.726796337 417.837609814
153.604711064 727.043660777
113.238587443 600.736119417
209.766875491 734.170528023
114.893869062 637.845196535
141.040897709 166.878502679
175.671475236 730.549261597
211.289600139 726.306898344
195.498381869 358.597372666
