589.123417467 540.301724565
437.774731828 498.325424802
728.06980081 354.35532871
410.310196585 495.065987608
764.313019499 540.080069205
425.708405148 517.101357794
670.004772403 640.502568338
742.989642732 586.969683567
767.634451726 309.80218116
504.202134477 362.138101164
500.981217806 503.239986695
720.585734361 521.707475525
544.615260865 375.630623261
724.063941404 300.414751204
697.205001685 443.418740788
756.228471747 261.624003383
524.219726399 439.401782726
760.553692744 511.39177355
586.031172927 450.892927236
542.70079259 486.295041743
691.780236919 136.802099518
714.54656608 269.208334088
689.15422405 608.405384763
679.484210285 209.677747548
726.547719807 330.036545712
527.736776497 354.088286704
711.388450076 116.064478246
584.368638102 498.79296904
792.084492003 496.513800774
667.400102072 608.245877674
471.091569903 494.237828139
502.300648769 413.623043693
716.503377228 152.663956407
482.111846721 401.589608141
648.190591609 569.310471224
623.089395137 578.611565553
653.562511998 100.583704279
585.210870347 563.849608626
680.583790196 657.243691233
783.028033241 297.405340418
285.481015674 543.356141901
761.116633557 188.857859758
767.274330438 223.460876506
693.412102478 526.659852206
718.811375231 189.699209872
517.154744753 324.479885547
736.930293507 242.442444964
648.715880423 484.003351174
752.395973371 316.792830959
768.222987658 572.887798267
678.773153633 99.9487828922
683.80131929 627.793277701
785.166196849 526.691424458
677.266740172 178.469396377
615.555526412 482.565732641
789.657298338 545.497019235
664.225368024 149.704090447
577.855620105 396.51942056
712.550046956 229.697678761
461.477949398 464.956158524
241.34257764 621.988094606
506.327734604 469.467350667
678.445622906 533.609516403
748.573971333 173.528018501
684.97561011 416.326459219
623.607831801 542.28893856
700.990920908 101.116092803
640.472125013 497.38193029
612.423022326 427.704833864
655.281543331 545.70280904
758.233969822 484.524005356
693.163369858 151.768321852
777.50055879 283.744086151
464.989471126 388.401611797
487.001087855 426.07399053
553.629700738 461.78463451
755.503019248 208.574080253
769.021174854 273.586685061
694.227741448 638.678049821
689.934797599 123.011457043
653.441233841 517.862935582
468.160221394 520.075572631
482.301262113 439.229767583
757.7034247 289.528262205
673.692012171 116.56987704
782.567731161 511.972649252
729.190179336 374.540068965
548.815727152 513.630210015
742.13898502 285.729116084
738.287355943 209.302355907
711.84604185 350.360262965
513.626719769 524.798912443
746.003841804 554.900553425
565.769405389 410.861081628
662.810965299 416.930317414
695.683058609 363.455104794
737.078189626 100.849088462
630.92868084 449.684518222
436.479812525 462.901346967
659.217395935 122.733475309
