308.969097015 511.703482045
475.425521991 176.568822665
274.259117152 222.378506489
385.323544827 124.843402755
449.976098024 102.941770418
398.988237109 175.241392343
652.244932661 30.2522933421
540.526972052 33.6397173211
322.208285526 145.011476961
113.494206524 15.2546784173
301.428518766 146.038789794
171.009512115 77.970509659
466.368291665 129.863484046
99.9348065928 87.0852418337
139.394825584 19.3646993142
289.096411432 69.406303746
284.023453116 87.3513257428
266.736658069 62.4825806176
568.061927243 224.84491267
289.735022396 452.219727255
619.942554852 45.582088037
119.965353442 87.0269614267
682.989250698 21.6021441842
187.646856616 55.6611801094
254.698006894 233.384625873
100.354846358 25.7151595313
669.750511741 2.6171336073
290.343848438 475.469612983
574.414900335 63.9342860254
576.323788906 27.6995492607
565.03728519 81.3446707762
346.415127354 137.073944541
668.556332101 39.3063837773
278.648449844 152.642764866
346.10580697 410.97669105
315.488783363 534.104735643
321.865316431 41.9333263869
278.063817403 529.938574522
693.931242669 37.4443334412
543.08038307 105.484797044
314.272688055 285.85051084
694.688566239 86.5344508435
416.21754877 94.2477389793
346.949697922 163.894659394
481.575118381 90.1271084281
326.196817756 313.019221633
246.61894473 73.8851881335
641.028500343 97.5770234827
148.82557564 92.0524257627
315.454253448 186.273587711
438.860101942 67.6093077527
699.638181449 1.72959902261
609.268272104 72.6560503027
301.992699232 51.0658411449
382.725867389 142.359378251
386.917019067 86.8544822068
124.182818461 64.3660199781
432.027268945 190.034636049
280.149917513 109.439487636
495.597589294 61.3490052595
143.846447044 60.4720159664
336.85106473 479.762676599
583.466800217 108.260888657
643.132342809 63.382294773
125.548713435 36.4939428045
306.706768652 488.558769691
504.767445927 34.8430917562
372.766033077 483.060131643
504.434194194 97.5840652475
331.312793942 507.447256259
259.104076345 94.6518860414
365.635619077 79.3415332036
699.759743798 49.5266102366
102.311139048 40.841106977
418.891209274 129.877296146
351.744927646 197.572824557
238.005115246 44.6969175074
664.737758668 62.3417496782
701.457613778 16.3740002892
460.402988022 68.5995482225
649.964189015 183.167522703
344.280126442 99.3924523758
534.23586846 52.2457275967
332.060094654 64.8775068635
400.635200488 57.5116767791
313.913049625 66.5801975057
159.454940187 43.7875021968
268.904688003 490.604200397
99.1617844306 57.2368837314
342.437484093 32.6353878006
283.772356869 298.453860923
286.71811501 512.440459449
251.34023713 115.312244323
522.326315477 66.3782557653
309.04720634 217.758861177
281.547386404 317.550218162
679.269739944 66.7117224269
300.889866284 91.169549826
286.422512641 205.885328845
270.824079072 31.9113329055
