100.013821937 369.400047364
684.370850779 338.732112424
654.923814234 292.973052509
115.464968058 348.324113651
696.379564723 314.725782771
109.135636978 395.706733357
163.665486338 210.886139319
625.113581851 311.456193902
76.7931075651 354.645594395
104.389504335 232.171319143
676.048584477 290.295310945
115.885071065 389.245828445
95.1991222615 545.478507788
69.1213972274 149.80726752
39.3311613085 111.749417159
104.359808716 656.036227346
62.9106642243 173.820971478
60.8868356313 510.511956586
102.100942483 198.076376929
51.1716264446 203.54005208
38.5452913959 165.221207883
74.8597827067 210.17492897
49.5832830015 559.562907536
296.707455381 267.104105375
460.673997663 177.629575478
106.174669055 361.835580951
29.5378011378 284.049704557
307.511878986 293.036308057
15.2575623568 216.327965046
272.183362047 300.3371102
251.900715258 272.40612603
98.634264542 396.017754021
134.199804915 393.126912484
87.7086354571 334.739588883
131.541969339 299.421389177
143.366795414 384.76090791
73.2425769254 296.872406282
109.324867222 428.33159305
50.8470413695 278.215147253
219.996038589 276.982869734
79.763672632 688.906036342
330.855326973 300.669761946
73.7283280084 242.081855184
152.435155064 348.973813263
472.258130351 220.342026157
673.338425997 316.329975908
15.4470474892 234.778806939
36.3678971411 242.335602609
9.51678240575 124.200794321
132.830322567 371.377923396
293.703176538 316.383218492
136.324639219 415.525319838
77.0537666033 665.125426777
96.8157352483 499.773097408
149.947181876 429.653163318
313.224543198 315.409090285
652.906307482 326.179553415
165.601290072 355.570908493
27.3102267286 128.470882345
613.667076293 298.587058493
112.038872119 260.891308071
102.589050201 355.953529141
143.909581291 269.079388676
18.5758286899 158.652766003
102.507254761 689.410528934
100.252506538 424.782786404
121.508209231 235.791786597
80.2531453851 721.652828317
79.0496746267 454.308086331
201.400706328 259.863130779
71.062100099 343.994023028
111.527244747 449.201962022
80.5578939527 493.206189072
122.189791858 431.00456258
61.6494387513 332.626132871
100.812300417 712.07319199
97.5399460992 326.38643789
225.191372437 299.949325139
71.639777589 533.41314901
241.859570609 310.643149509
44.2193012011 134.581686277
87.6545611214 279.517399755
100.606482878 469.589371915
498.197685386 168.189704576
158.034632536 407.763741295
72.2083734061 553.853013848
161.197404114 386.905458423
61.7711719014 586.611809592
637.535359098 308.6528524
45.3403849383 540.48887245
66.6683244712 481.94730183
134.342963921 349.887776993
124.526801672 410.448739151
82.9069579275 378.719645227
25.5586047332 197.439099608
62.77069997 704.071867797
16.8588082375 140.472799464
49.1993729475 235.187631291
10.4262689948 183.127073789
477.868058171 165.054922423
