381.356030988 660.039258481
292.055041972 302.919666547
146.614338327 86.5780556885
254.842888057 318.907796086
362.870600714 140.069391617
250.191808785 360.680206736
570.62796893 107.238605316
383.793773922 177.477816546
370.316020427 364.30418795
263.096836125 146.166759471
344.932237855 547.237390309
278.404274672 159.237017262
349.088854395 177.220061576
98.6863781654 58.871757675
293.611828038 133.049625935
369.369255035 111.430596846
264.192659239 402.944296194
353.063632744 126.325395166
327.307073337 319.032417976
367.533127448 539.552787367
458.12561093 145.676308989
126.346839548 71.4392876488
600.486617256 78.6148215651
306.710427553 82.7570072909
113.788159335 79.7848374767
266.063989267 109.681474532
472.429383546 150.945327875
365.512985243 577.426023688
427.780832944 146.767535712
568.339587856 72.9377913469
284.394374412 340.370848568
284.496725541 376.417897307
454.859831658 187.61699881
322.292900189 152.682302927
399.85055508 667.199244223
384.51561555 690.70539921
393.524167556 81.831207056
356.738659041 683.347630576
590.428809837 136.866285124
405.158982846 328.283921108
111.138333127 103.595680853
450.45953405 226.092009821
419.48095971 118.907675525
315.640522504 383.115541038
434.100207776 114.426817654
131.801330248 100.986117286
323.220069393 104.749912525
439.527464203 487.96414193
165.128485225 80.1844296053
341.35854003 136.35947066
438.843475756 83.1008062196
596.521749605 96.4554481123
414.029193265 174.886510417
379.231892904 95.6622642063
318.139223714 356.581686983
396.097982214 135.753303387
147.60731885 54.3833497022
355.020646523 299.815075007
336.692208931 118.87669987
308.82549585 238.687370189
238.430156741 130.882512425
406.870183144 496.836010452
421.343165956 517.592432026
416.523764662 235.148635212
291.046989708 100.518688879
381.482052789 621.869044187
465.164063738 103.725941149
401.049331314 542.502915308
345.401738514 339.013835958
398.548405824 638.201246513
309.258994414 122.291884412
410.399033832 107.542092676
533.060459603 331.416300306
235.398169351 98.0106143183
314.817950788 184.289390787
384.494786752 517.596252355
347.950258368 107.450810941
385.152040537 303.033607567
606.816952628 112.296265298
444.46784083 97.9050817371
395.420922673 593.849113342
229.364399703 384.994682513
309.964739764 266.573536923
383.291117981 111.552460828
414.235586498 92.7869655481
383.854313017 126.260599243
280.078771613 65.8784513994
344.403733725 622.220362066
116.490431706 40.1525166246
391.784028094 105.187085378
86.2938872609 84.9923653818
359.554856568 648.698690159
295.222067537 155.771164739
337.887720497 252.619103816
325.162390667 141.690802081
98.1650419781 88.3910090927
491.174756977 166.953852883
297.55461172 411.750458563
272.969109613 178.155680962
352.427557535 91.7387082228
