389.924275622 548.914625501
530.055143655 630.303627021
321.126997118 684.584178317
468.217513822 695.304780404
368.371517862 282.393316186
409.235043488 636.230114214
104.053240118 554.802352919
439.72164792 545.379883984
350.07446829 323.615410589
375.474360606 684.805471571
364.792181415 572.725272748
416.360253271 212.153784056
363.406223456 624.81140306
330.912332023 593.563111911
334.586725016 612.154260085
408.880599836 697.770879965
342.648566509 641.019705032
346.906915413 291.705207502
529.948125408 670.321696593
353.844291687 574.530027643
302.518129801 666.410363287
507.650301863 160.802200066
339.513091093 623.833982972
114.510662531 598.447018769
381.460586304 199.312165478
385.071618269 617.383002835
305.556259064 607.93623247
387.22690654 314.844092382
330.174401827 349.851904976
323.320556228 701.630282666
117.240420957 541.690737539
390.311057935 569.398048964
440.671616337 612.361611898
376.089071439 549.370747377
428.04310871 683.189938259
485.046714553 698.085793649
358.604572364 705.88753868
413.924116538 557.744599815
378.044212311 559.949520848
421.084854282 162.381012126
342.344176478 669.413100935
359.459231679 538.308719859
368.561763618 310.158279531
338.674853816 244.112118764
375.452617527 258.492857786
396.653057012 572.39400841
424.730689182 649.752016827
433.863434234 696.540738983
403.30815302 593.974686156
356.101057551 685.996482251
379.759357565 236.252834756
422.003590383 666.505435091
395.463033322 680.218839168
328.566445231 631.654203491
344.159325368 569.918302104
416.526306982 327.662517104
380.352671976 643.285669466
462.98304604 662.977124649
312.95626429 371.783171699
365.552127307 586.296925892
402.452663941 606.13999406
458.337601219 562.828375822
398.277810147 651.189276632
331.085275085 401.996091992
128.772670203 566.93935838
383.374558079 626.561617611
100.878960805 592.628049759
382.534706948 662.778061765
528.137255014 648.582363708
325.187015204 296.088561768
328.911591688 333.368846673
313.537943861 638.936148096
306.905819242 344.629693948
457.023387884 688.83200865
468.333976921 622.163782728
348.261787059 554.713381492
518.031325654 661.588788748
111.226048908 577.450559367
422.478188623 190.003119655
442.932075084 217.231799365
424.024200492 237.769688855
354.930523574 584.074851462
511.140407071 639.903249983
132.670114874 608.122186991
389.752501018 525.707691083
345.078527501 648.869030622
408.988686153 249.117899212
404.9498424 663.776226409
311.249219604 590.042631763
401.464103566 581.520586653
359.767643706 598.909090283
444.634513422 670.926459078
383.586290778 599.288472081
454.28695718 164.333697607
514.839018435 611.214538625
455.319673479 190.806625606
355.389727645 371.419704695
451.355297304 575.139256202
301.769466399 621.055136283
461.409129251 638.956668263
