244.096428389 537.933841464
442.651797752 123.401869949
211.418529791 192.052872397
337.019474145 76.4272792984
411.090518936 60.0901860897
362.37705443 123.154356924
652.88190591 35.5176122306
528.2545735 16.5050185128
268.308824649 100.749018156
114.950489548 33.0295131395
243.688872357 107.23004704
162.00558015 53.8270983574
440.059991774 81.2305424486
101.116633719 63.9592771577
140.547299628 39.1101466578
230.693947617 36.7698078471
226.030709721 55.015270285
207.100800838 33.2530101798
567.535275736 226.419780354
225.871662899 480.774357215
617.436596591 27.9363251952
122.471355439 67.6450758649
690.405713658 35.7199541547
168.185300383 31.7738925622
195.879574944 206.422868067
100.577391393 33.9151048313
675.587754554 47.0925003609
226.459288091 504.009052574
565.397539119 34.5783391262
562.999909885 18.2160420687
559.251152975 55.4071729735
296.526271959 89.9455730192
656.855222908 55.6988307221
220.758338929 114.744814323
343.906811025 416.778830141
250.006213196 558.715502038
262.023661847 12.6004062819
213.837741768 557.705049297
695.622766022 57.0893499974
533.122033303 73.6602889349
245.203788966 274.90731843
702.02026055 94.071238206
364.872622781 56.3418351033
293.769588476 118.533530425
448.640783341 52.7819287799
257.852255863 297.996551279
185.791172353 47.5166632597
645.178068348 83.8579631021
143.983555097 70.4099170155
257.589579635 147.151897787
395.020595896 36.9812826158
701.344377979 47.1932878128
604.983649275 55.6799557157
241.728348286 24.4626150279
334.8659362 93.1520336688
329.047170928 56.084370391
126.103441008 51.0129329845
400.730687977 137.595926176
222.036640986 77.7195975557
471.567787693 30.6429998334
145.765795253 53.2886908009
272.197027941 505.209232131
576.567605198 81.0365877308
640.451283492 60.5502658232
127.432303994 26.3083696582
241.02548085 512.658551282
490.614670778 18.4894636978
307.351322535 507.809389596
479.945965969 65.5625792177
267.053432741 535.162949019
198.507675079 67.7706937184
309.521348689 43.0900218063
704.81257543 73.6858821407
94.5866193286 48.731619352
372.281574971 83.276832768
296.489866856 154.798575869
178.492086161 17.9831786621
669.971593995 74.4559293023
718.473654841 55.3320523119
428.474307628 37.8910110419
652.207541899 182.33267909
285.198860474 65.6212113275
521.468305931 32.3303514907
272.75138108 34.9020519254
344.898475515 33.2998630281
251.434456691 43.101308183
151.580583604 27.7203005131
203.517748618 515.486647873
108.607883488 57.9347825704
285.350670248 16.1818757712
215.989504488 281.327307256
221.064572846 536.607182858
191.408214323 87.8414474487
500.951222064 47.5289555404
249.842829218 180.467529877
214.384199247 300.842278182
686.840239287 83.4861770176
238.711803894 66.4469056025
223.527802526 175.188260792
209.697863278 14.9609693557
