496.278628022 577.146671811
525.188233007 521.297178886
496.946901 539.011614892
610.419236703 414.582739852
563.483642862 687.405448792
460.551623611 654.032287308
542.901240235 602.358826584
499.749012142 393.1053807
510.445468697 437.452387524
569.787787479 406.339347535
586.525854094 680.832123111
630.34806419 624.377241494
519.312934712 663.887714845
539.184885984 101.160399107
547.138509486 401.625726024
519.417361528 684.805305959
587.932283051 426.439210243
480.741479439 694.670949951
568.08177236 587.544154836
657.53828346 439.394361799
540.761714643 441.864745837
604.443293818 475.665171912
627.379741991 481.100620012
523.9305861 371.316803294
519.208196976 454.087434055
548.700341935 210.583112769
572.707680395 167.858182093
593.971326038 377.823504521
555.730874961 666.621453704
533.759293735 120.14655251
569.432222919 233.382525083
473.990558777 677.513504175
519.962684131 405.89256379
470.707735056 565.800170759
544.681687969 273.363872891
649.611675613 464.402268064
568.514341249 431.649162681
521.239692958 615.027623766
551.204071928 419.39675978
539.532366986 183.715869944
529.156195179 701.38570792
578.069845577 271.947512226
572.922353076 699.18095507
563.585432958 254.703615309
644.724247998 400.061760481
548.672908397 562.990446371
572.096748435 471.260128561
399.1327759 321.763832705
537.602271767 384.670084532
478.770746897 470.974808542
515.946256942 468.836773967
565.804753307 531.817453242
490.20122438 644.237165398
487.415562755 612.119502079
495.891672354 703.806965309
491.210557174 493.718257022
518.671969336 636.110697965
561.371049498 134.849768377
554.099909575 361.998323144
589.4322026 612.896988962
550.090951139 696.537314393
614.968971682 579.832723653
526.605627409 493.685447756
597.483842686 133.122799719
626.701459961 665.050830576
547.68245253 672.199380702
563.622411233 709.339593853
547.211283384 651.844146635
577.293445872 556.789768652
544.300047031 230.200723433
540.308465276 248.170041415
478.038974212 530.713874079
549.729030396 147.585753929
521.951649066 589.529011246
460.514155583 499.929532959
547.016380842 713.9052432
580.850623284 380.559677197
587.566586121 100.950484248
484.158498385 446.989521102
562.703511052 100.153815663
589.432828289 205.768628715
574.246581629 119.96720716
591.27224255 452.091201082
638.493916782 438.698130628
603.553149193 700.226261881
480.158469599 421.904635192
545.67638921 482.325604298
539.404896767 688.241568013
565.213479317 505.896255764
595.396729989 645.759608475
528.242816005 548.864701207
614.059580981 451.453217393
565.055646255 628.671322138
144.336125468 270.072649303
584.23955464 654.543747871
509.72949302 414.793214285
604.913069091 244.277306382
499.809137382 668.885775185
554.196140667 630.763864893
623.264959004 389.549981746
