390.90941403 227.595055275
447.362092448 307.045991062
262.578923053 699.539756518
374.024639091 361.971139581
227.396691587 183.650366834
133.239017274 245.439599146
446.1861869 93.8033870899
380.754322008 278.703168697
356.019967719 197.290558702
328.83184091 653.369572106
241.785198041 235.47490312
316.525728566 150.299674362
102.376874046 243.887397657
220.396805249 248.058045089
108.205256097 271.030316392
339.816337864 526.404663617
299.141162093 630.993884215
194.203397954 179.542305112
444.251425551 349.866225978
257.003491065 235.962884269
276.183261835 687.616443856
504.694012137 178.461116945
151.653078829 295.075064417
444.546445151 134.139960433
232.483917233 145.731444425
132.880162567 283.128911404
120.546073925 233.368454897
393.691840468 189.379209146
315.233931123 198.086812294
284.541713684 699.9458397
490.351940497 73.4943419585
318.320669516 245.044740609
345.46085255 310.106311629
232.287773764 220.81717206
335.578797541 485.453894646
372.443112224 380.779504936
316.124633014 699.748822084
381.150626259 255.371440877
345.532074027 237.426121142
307.710444529 123.585886271
300.434307392 686.705547862
174.436883747 203.584726279
371.53011679 184.539253228
201.080100021 165.470151823
174.758808377 162.484109444
335.092452865 266.976553642
166.86778833 270.358402029
341.506360465 442.719514058
163.939801172 243.133338579
313.630206481 677.706639603
240.108544843 158.32664991
329.909950072 388.432340892
308.127734291 555.328189318
280.929218654 599.094136633
187.808041977 232.474545426
430.347773906 250.217999701
287.723934147 531.050212337
355.375969425 336.230299262
278.377267991 204.789933653
283.824296331 259.941640178
292.661514445 494.219931199
389.349377975 300.338694367
314.412412852 495.507534831
404.959223328 254.248284276
485.607213726 90.0351790189
300.508645561 518.576249187
236.033620305 198.356895568
256.621933484 557.087826674
437.269594138 336.222598387
212.319908281 172.141866725
332.821626081 196.937795122
268.58680545 660.494891996
249.893996983 192.202819031
345.47664209 386.836462172
363.005953086 313.031191979
206.91868067 221.41370576
418.148127814 332.003161342
457.303604901 94.9312608978
288.872190701 150.330800314
355.882572275 162.458946401
312.59887758 173.586784581
318.445473864 286.387476698
404.80467857 316.797684114
195.10887018 206.191565782
357.316757837 232.6287398
289.386768366 659.526594028
262.353440339 162.995447172
324.540901541 504.645675702
240.152274018 268.796407789
343.970846513 291.534363385
146.204483499 240.213810271
334.660773122 368.405970251
140.925458628 266.394619513
325.050711604 134.444404648
418.36882344 297.757328946
326.675143396 159.163979557
310.421988002 223.488160011
383.701387672 329.02764156
255.097706406 625.005866285
346.74882932 357.01293048
