152.950233015 322.332335986
578.288986389 119.94229862
577.573299469 83.1649389891
111.105816394 308.215619753
564.30952249 249.181162309
451.797093667 136.671120904
635.808783777 105.870333614
680.024309678 60.8722367246
145.381999807 282.613684607
560.258656135 326.499386342
578.431569896 97.7291848898
102.111933876 331.267528027
689.309381275 96.3515724041
120.402906023 331.030436112
505.327060038 75.1458230525
683.724791837 120.485202274
105.008024248 350.412338355
653.025374412 107.867433012
459.895489425 126.717331202
595.733523536 128.002011449
139.861520578 336.965765957
531.206170478 358.770287965
505.506876394 675.70472804
393.591333444 103.477390519
683.249633915 37.1934902836
168.300966312 338.407825269
437.097269563 89.9750656147
580.222212172 108.424443936
444.0340294 84.8648398634
506.203042701 116.194030075
439.331233696 102.919843187
421.808029795 127.678217091
362.83346156 142.476589085
519.119817701 331.223271231
701.488755682 54.614196232
484.380966032 690.073787448
598.812365777 100.391052801
474.083720509 663.381706504
456.191443907 94.9168725895
443.663177714 116.729074469
517.427278378 634.838194297
552.673246424 120.473979683
616.855312391 107.700154474
130.659809955 312.640012452
537.901367117 318.751180057
473.587707469 120.842221359
527.27390588 102.347013603
540.027389238 84.4849571049
456.420823778 73.9407901048
177.649178422 322.427349928
550.379728584 287.723163398
407.788682604 113.650155611
513.25129374 657.525568868
676.355302707 146.135231564
489.463498443 606.723341406
669.210122188 76.8584043017
556.89859127 97.5478574329
688.539242367 78.6615187378
482.124386909 67.5828027208
494.684915486 104.467671108
675.107249925 86.4943623675
184.602070534 303.537571713
524.162811523 295.342650774
414.962062422 82.389364725
128.36710816 270.358207739
104.842113597 299.193250596
117.683328922 294.360769049
524.98535933 676.922918403
610.907959936 161.284581188
376.197789262 131.983250068
162.74632562 307.757099748
467.920038617 106.474943028
661.966404485 91.9907350512
366.493449937 113.013979989
167.910573126 288.89106068
708.170482675 79.6815405112
632.436533421 155.194852352
662.753115933 125.452067548
506.028362879 609.123687227
545.020916674 106.821570544
467.789110152 135.708422501
544.78553794 131.300159567
487.512313254 647.840241481
634.206092206 122.146828614
541.847861507 344.392175141
473.126249215 589.238657143
681.258514895 104.868888191
496.722131106 699.916267218
653.202446311 93.3888952071
659.024510317 156.266186749
648.860345181 143.332172748
634.534436764 123.700734846
121.66800368 350.270166508
146.832418881 312.562579364
509.330057908 88.852581925
510.962309384 699.447712627
434.813439939 65.5345409988
451.00033341 113.377608157
470.90528933 94.777415374
413.609974713 105.187382838
