150.090462378 364.369639098
129.355745328 477.829130816
110.018651362 356.646789572
117.776037399 347.756118935
64.9953128718 634.415575034
57.268912213 259.685167872
105.587654729 209.958065872
70.7421853458 184.829175158
170.811432497 352.929413761
75.8389644209 700.798694252
153.29344108 445.230013448
111.727007099 426.627670443
145.449464199 414.134793212
88.7512999742 660.708040121
508.804620481 506.931853992
63.1681527396 686.124542536
89.7340503738 693.932914225
174.893893241 422.733547747
79.7954064112 406.594984995
101.235110175 381.372408014
92.3530548419 489.593007941
168.760954339 402.804178831
528.876835032 528.691616833
484.808445202 542.438757904
57.5965750929 524.293384368
30.2743263688 656.293158941
21.9287949803 149.128910282
36.9904870443 119.870658703
549.855971044 522.226580918
83.8402597549 470.218247906
508.333931277 547.758408413
102.018948497 288.497141232
81.7907017192 372.230553265
71.4849670422 398.080395629
127.286282518 398.383002042
71.1143269065 360.411828111
111.769197925 506.31071978
497.191251829 573.698051885
57.7182884745 302.745098321
64.0967433108 552.963518228
29.8319462511 219.654023626
120.640993013 418.944410145
534.902738759 575.835227961
28.1750897883 509.285437562
93.7639898772 362.264725666
75.0827918744 253.215052084
73.1711689607 157.436580988
458.897070139 149.904685178
123.165414882 496.554774461
14.3110233385 195.394757809
90.2441740946 435.955158229
33.0330765905 700.043490886
83.3931923513 345.962374262
123.297259721 365.705767842
563.063748889 589.272175061
97.6015679301 452.495476754
72.7568149341 675.04403651
109.20774962 394.408009243
559.463151606 554.665451902
114.453783336 466.575032049
23.0097740503 131.684657058
138.129829026 432.703085145
47.4873185254 196.229675325
48.7974598953 486.734542646
98.9801479384 343.494801307
69.7432523 511.345780025
581.365061483 549.385771473
28.5943367939 491.222956952
118.816808374 394.352999971
130.958393792 382.600770195
136.649344585 327.907245839
46.8315310671 699.802820981
36.2811810092 99.3508925417
46.021943437 659.932793288
95.0310725876 326.649252965
21.5871660945 679.658457155
93.291950099 401.667083792
22.856720129 116.458724448
24.5706550437 177.222508179
61.949337935 220.325200334
43.9660433526 139.396703926
158.259367508 470.706881046
15.0168873001 98.7041518052
11.873169012 164.847681442
155.24421004 394.46687021
61.7829707011 340.139221778
41.9190590018 540.955275223
83.212190817 534.678440905
73.7736489868 589.65851388
14.8278216113 131.893933656
585.498325929 582.396883162
61.8743815796 379.527047669
52.8830207207 98.9806607544
137.657009581 462.489597971
123.303136859 448.766154743
61.9054688857 114.560186638
52.6732829232 576.8307374
46.374066636 164.640566376
26.179141025 104.102772998
30.5083369949 468.828347863
