681.065697254 526.208389523
595.281770611 596.38643119
702.076711601 540.76549848
709.6875559 526.500512366
621.895130714 612.053863954
653.998273059 535.492588034
680.844113905 606.074009142
255.251222579 516.861508242
648.818016976 435.329746884
670.080134928 570.013111443
667.619314873 607.696059678
570.477123267 564.025318367
283.466566033 516.029595401
626.313700128 320.310508553
584.422822268 99.9945937182
553.519241565 676.50214895
727.327377321 561.036401313
568.46067632 585.105414188
698.725268998 600.266412841
690.083182203 574.331059265
716.51654226 562.250019092
686.132852695 562.326791817
623.284342028 573.358046833
591.847975281 181.167455526
707.891236859 549.969177959
554.788279569 297.364982938
551.809019393 237.631292371
613.179563148 169.739086316
667.961941611 650.193570994
589.221671537 263.668114412
590.561548778 144.730674336
537.955006816 544.425801195
208.002008007 469.790367713
594.761140292 512.414810821
643.984193132 513.445368666
658.657608389 576.205697323
720.112187472 506.923410892
541.661143684 611.925548313
572.178908669 134.600090574
581.288464279 301.274374752
575.889169692 688.308460757
606.786369946 242.173826365
641.925863913 672.25341967
690.231424977 400.327955971
706.297432362 579.857292671
571.54399205 643.897607818
586.538177005 113.475314024
605.061192111 125.416613517
566.694136736 105.44201213
748.419024525 447.774036479
763.823117804 428.447697577
613.273036725 583.119597305
577.105076174 659.826859887
275.67206994 533.68764205
214.810169408 496.587147263
613.981568068 279.357737074
589.709261476 611.589104958
609.391835681 297.007808981
553.029814152 116.323483816
564.219290646 625.847465266
605.300213202 673.280329084
558.463591133 565.072850789
616.239882941 149.20535472
552.209080291 265.353539197
606.182884797 627.973819731
520.526699785 576.841662854
627.169063923 685.177568916
565.681447333 596.18615325
528.70939185 614.195546136
596.73483251 321.424604214
669.457399581 410.132124362
711.761191821 431.45700576
701.287670814 498.042608464
737.273305136 427.447433435
711.843587918 410.41334809
605.783353837 644.326606673
695.613966302 433.009211136
575.580350704 277.34634672
171.008969828 489.017056368
581.832471813 238.382094043
555.670874646 150.398897101
575.391541247 169.612089073
617.273058582 547.064107727
717.072126799 587.713334866
652.113052191 605.789517343
190.141187173 499.082897545
760.239595657 408.943139594
685.790906053 538.499963173
595.246589974 565.570794669
507.135089096 626.122698932
544.33729476 568.294962081
742.988626228 392.60353161
548.545169032 651.727122
610.336762241 493.650586591
654.419050268 641.959001891
190.425942244 469.45894464
572.748688831 197.519980064
628.107093009 657.551858915
635.98214611 635.790158046
733.285027909 580.101633703
