172.592428412 354.698328728
440.873191981 433.787870151
147.601320733 393.622721543
296.538634816 503.104814356
199.995767437 385.849913219
93.2491341675 353.438880061
107.942789393 421.202335809
274.372669832 393.014888729
100.392168235 469.960147485
167.92453635 301.223120056
123.625398504 376.102589279
179.885123245 402.753086378
331.117580159 471.587618867
614.343209016 364.92574093
102.516470444 446.760691357
699.214029729 343.565319352
637.137577186 318.110264693
160.681905467 428.603737321
149.262684361 447.30887622
133.472654626 311.936705482
659.494477699 383.124364487
642.623141221 358.068298999
195.923209677 325.324181572
361.409868852 421.313181966
274.167231816 352.377277052
293.71184352 387.406372163
125.26818861 350.79760897
256.46581155 444.876093006
389.509250097 497.213470741
138.63783834 386.938558671
72.3656783751 386.673587358
297.553536603 482.21049031
252.842319332 340.64622484
224.103060957 321.264048089
158.845604689 364.06009708
145.418321332 336.351346225
239.474522656 392.081758908
89.7344971758 407.698578959
233.641837701 352.227602946
110.939654912 348.26149876
208.839432612 350.07440467
164.49094081 405.701414853
244.298027924 317.926418328
668.188755035 349.152005934
698.917079861 370.905430849
288.077980118 425.944634929
362.143200409 482.360583126
521.888099904 304.691901711
388.255942456 468.015261973
423.303721062 425.105697925
220.550220225 452.98159518
196.312637271 351.011325961
167.747559956 383.934279566
121.380056333 336.460240677
99.8679599896 374.532668751
169.311459753 341.001488279
612.680242885 341.089537134
108.433363329 402.840167284
176.330402373 327.471146121
447.185983376 413.670866156
442.711738614 385.824950621
135.428370171 374.943199203
664.137965932 333.225380405
187.279554762 455.472733498
290.111332402 373.060313031
214.483034832 309.264531635
127.487191204 410.780191578
591.485734687 347.989771974
338.525985834 413.978588797
215.129479173 422.008763176
224.915392922 342.96225497
678.555654893 324.441937099
259.759772182 307.538561812
392.748263436 399.390911836
93.1092311833 436.931022212
275.136365285 325.237638245
101.75268563 413.862157063
683.519564085 368.125050869
376.285343248 450.192475726
186.533087945 381.358124942
198.729590044 413.787474621
112.329822069 374.674206255
303.493788078 533.725797284
143.716302988 362.011795774
642.503784867 340.722860914
133.026969288 442.972596918
340.448763489 456.207226927
419.506345843 408.840746054
212.637343043 374.757170398
324.784533225 503.639902479
260.494955852 362.893313001
360.036807306 509.11594908
258.384965952 492.687688924
591.915587864 394.019076177
132.077659933 432.928500805
263.613432193 395.886991935
118.745766749 467.157064058
223.299634611 401.832648284
85.5579566152 380.436720951
240.531856131 377.7589551
