645.473354516 508.17009628
666.684462111 460.305500771
408.490073736 469.202936616
496.378232507 435.823453161
570.964089394 428.914602026
615.610874404 449.732966446
649.97050872 373.724703929
615.627392366 368.657299665
426.539812384 431.801462137
110.042255409 359.585858371
387.628297213 431.700987711
174.76418623 424.581996091
623.21211634 440.532397298
100.792976979 435.531018337
145.19281657 362.739716971
282.869197394 411.108905546
276.691280086 428.395591873
245.722953046 405.125927799
684.473436464 465.325435276
622.136241185 475.288771722
643.156196967 385.747941172
119.211308517 435.777006505
667.684748993 367.795302426
187.195086796 381.244460785
380.036074412 469.98712807
107.178870291 372.579324771
657.094102488 344.960931515
624.498212042 481.70847253
636.412801208 402.046096125
631.342611368 360.215644893
635.037476278 419.348874995
457.147262656 431.93100975
661.497711187 383.597647064
366.692397063 439.87156459
627.227444487 468.083214157
652.769255433 524.456905129
340.089382997 374.658932609
616.459816533 500.136187416
677.516609657 381.006655723
645.696670943 435.680186355
603.909461626 462.748676501
697.929658677 425.456160963
523.888226338 415.937552164
485.287986181 454.911472347
600.330477146 418.318745799
635.965686807 465.351271935
218.756007205 414.385094015
678.631374816 436.387721114
150.261224121 440.935652175
454.672741914 459.654941032
498.102645394 400.43263968
679.428122633 349.047804967
645.404883319 412.780847966
303.7944088 390.586908378
541.91611282 438.75736745
472.397282537 405.006617564
117.31853856 413.263548378
642.933481952 453.922442781
284.203424686 450.046969636
596.379651197 390.224833248
140.167377087 407.19188842
661.767814444 486.44516253
655.008189426 444.195505552
652.871476853 404.601261032
121.550573304 384.807082372
642.885548889 487.417479995
594.487233524 366.279052722
695.519276589 491.475706796
626.038916024 423.771412667
669.059478943 501.969191597
256.173364151 435.266744956
427.770049007 399.116022318
693.646187063 391.34850816
99.9772543977 390.096255276
596.454565551 431.017296575
580.599370567 455.774683457
222.005197829 375.206816876
665.179926747 403.652629372
687.92545058 359.607106413
550.518410491 402.655634331
696.728604125 443.592901734
406.59808591 414.896123906
616.458195874 387.050139567
364.191621208 394.656987859
455.671728116 385.821256929
329.684599239 403.35516297
157.48032544 389.371466249
591.956382517 488.550535756
100.023534062 402.330154527
358.771952537 351.130218498
561.497264971 468.467492702
627.236014425 494.526893195
245.096179145 451.164583109
607.194290435 402.221825716
524.098434214 455.529261874
520.117288793 473.295378362
678.150863586 407.394216459
319.675466361 431.946663701
428.988111267 456.280513523
265.064149168 371.254499471
