695.832186207 406.784130673
564.651830533 326.442931863
686.648052328 381.374380166
687.248362655 344.337398031
510.384865624 334.571455895
700.42585059 287.436657805
743.309414621 256.353491782
719.267709771 252.771513832
704.455900189 355.186654826
680.667786024 496.061949892
713.621070654 454.401778767
323.582160928 269.554466674
703.72145856 422.329505223
696.636918985 458.665204787
721.904488941 363.183263737
549.878106551 420.224830883
695.406583371 488.458552725
691.598455833 557.066510902
228.145866138 307.292968392
350.985756397 248.578958567
465.844848064 314.241857782
702.741144695 530.341173787
728.304131413 399.548568855
695.603362377 371.949281645
247.146664026 348.653729389
496.957541708 362.273246937
723.160863953 184.365621798
742.798940472 152.842394003
725.830069521 290.453444284
311.314759713 295.199635476
707.524373922 398.697652362
680.933405115 284.164824981
551.704448465 277.411774216
255.050642011 289.292464603
696.199814643 506.819349193
319.23356578 227.504579472
541.895504772 318.270655894
714.317596688 419.123607945
663.486042918 284.62558593
430.994758002 321.985015662
686.229894149 269.398814899
521.782237987 278.426104592
723.853349964 427.889310769
184.958722213 353.745854148
648.968541876 324.616145328
708.688685232 293.061644584
744.412933627 178.19683461
743.212367227 129.564567746
577.228327347 341.426408477
690.758055433 246.544041558
260.169075839 307.903268146
524.681260863 394.00299387
645.418928496 293.85388099
700.944267754 322.591157199
726.64305881 378.022136768
363.840496752 281.235178292
679.297279507 455.992978213
615.062517015 312.552388936
727.632433709 316.532066922
493.400657768 285.966490685
710.976642412 159.665094715
691.346235189 428.868933851
711.524464507 233.020154685
220.847039033 326.195403087
668.945629914 346.5822574
283.687487385 322.411852904
739.986879854 288.814989058
200.72590985 332.274806616
676.361585004 393.542866213
710.494649681 434.51587204
688.63566575 303.437844105
365.72509634 487.266090577
725.697226588 92.18992429
541.904228028 359.854132004
673.553701533 301.878746758
553.709857376 382.215825039
322.114150448 246.83686135
706.850728105 115.950935487
688.340643131 224.655888498
703.942769688 264.784481199
738.69579393 199.349424571
704.950976943 474.536844927
696.944517876 99.5584885916
698.45260321 194.480020523
719.33690476 473.4737314
664.658096199 306.901761611
207.859449022 361.729587252
500.98051056 308.217963653
584.228660081 368.400536229
695.008725239 135.990651096
718.269445905 336.030533443
284.577702372 258.661227327
740.682350586 104.852010311
678.657391574 416.814103371
470.375553512 268.492009393
712.87110801 126.578698556
453.500180144 349.492582531
723.17917802 213.048094586
718.671217254 111.53739316
185.672323255 308.153273754
