384.669769336 694.821222575
545.07723738 661.889637304
145.601886954 689.274559463
215.521143246 616.216299425
265.340796398 589.379521839
304.978405495 610.55949691
560.707597855 636.692975018
435.781664235 567.888613845
178.600301966 667.223586136
99.8977651673 544.672438713
147.734815696 667.135480713
94.3392652954 637.408390027
322.296879629 604.514786549
100.3036952 707.031002871
120.138748098 544.177575076
131.505294544 598.94096456
123.131589376 627.765464876
120.656247951 589.565873662
669.0233229 676.334658798
338.036285887 638.283889735
460.282031373 592.289088179
99.5991919417 665.846588401
626.305836296 638.130635557
108.31043628 579.109693926
133.925066563 749.781474946
100.581752289 568.873679479
649.521191033 632.642739395
318.578076559 652.608296638
459.517448242 616.87163085
469.413774136 578.949378419
353.801742551 529.372507231
196.402693787 646.516018083
606.71855095 647.976246211
137.459909811 653.691323962
341.252841713 588.161457468
402.018173516 680.653400027
161.764017087 576.110412715
288.276977985 659.687442978
665.136934826 656.165789152
415.880938792 611.084571291
288.158326894 635.237389438
693.577100447 692.23861743
234.341493144 569.924160208
206.630373386 701.579763939
303.390960222 580.467025832
366.178705298 566.678465741
115.392460144 610.28699377
637.829448188 685.250811315
121.739119169 732.480140839
177.479994979 696.656707229
228.82544699 556.762743173
678.654263171 644.683119353
387.937326325 581.060339516
142.428020209 593.531896565
237.309373045 604.982667462
208.182632118 590.512769055
84.772370505 642.016348196
395.336770152 611.362294214
125.827471191 712.347803067
389.126476311 554.236538783
101.354475782 633.73016696
437.177151241 634.949333551
438.574809944 608.250135374
579.971917641 657.548239982
92.4132018827 593.533556358
406.594196032 699.727483238
417.452506289 544.921130057
600.570182994 676.434834988
339.860489543 565.883303988
560.329599793 686.549922673
117.94019037 657.931214416
186.299424944 606.216512139
689.19740475 665.719668938
85.620461668 617.030521395
287.20934024 613.570934391
262.52671223 630.255325225
127.149873146 573.259867986
634.672209016 671.978305439
698.407563138 657.153165239
268.226335273 556.107064666
702.055718713 678.528808574
171.817180458 645.026215438
444.528256292 590.212549653
164.205745461 617.819743562
197.316050761 567.119313125
142.930339258 637.392275889
102.37032239 612.267740421
262.598822443 681.511095935
72.2518889734 646.950006239
293.986228199 523.861410309
242.899494038 648.84087342
361.919012238 621.770385659
111.695040063 675.278394207
415.058923811 571.375979577
219.136004445 642.04374367
219.891415334 682.985593788
664.815602441 709.682564836
122.823136793 695.381675879
156.915839844 729.688497476
147.681384899 559.688795225
