336.573281003 234.593271711
263.099670837 301.4584962
335.641125642 191.859259815
484.119742241 486.941731755
382.295585305 667.724038071
378.088550415 612.695909756
301.562235099 168.400419478
482.187828447 320.257498658
478.238726739 363.199695617
194.131829785 289.11711216
615.691374182 493.921607314
431.84639804 646.739313431
147.176433569 338.088539261
610.62145302 444.760230541
537.461009002 430.535831325
293.945144316 515.567524062
249.39602168 355.799121323
177.763342117 317.324230918
443.1375691 464.728819036
310.400026637 140.681537592
378.337842438 308.186862993
436.96364869 405.06982918
240.41340282 295.136148651
544.561419341 394.611161919
519.548158617 329.978381528
404.937268459 269.965711624
137.02583298 312.01386687
262.647507325 146.12767228
241.090539473 326.805918364
504.63894089 369.034138867
333.551970467 262.829455277
368.902901786 689.966248514
282.242990955 140.699343365
415.563663563 607.075446797
399.95114857 219.986234934
330.830718047 102.267374391
273.676076539 186.218504642
200.733439468 322.915675531
391.423306629 187.651845286
534.872055065 372.79559849
394.01580249 642.619920371
219.06639947 303.201344774
580.847244261 488.585409311
287.388490416 100.833413946
410.571379142 359.485516112
380.073328534 687.025097078
364.654238101 440.495941905
225.719900271 425.249761591
577.847168929 415.897502752
272.905460178 119.750326598
328.861706192 139.815898019
344.655915723 285.395365163
439.914113336 507.885366466
408.981168107 628.346380534
371.401817111 630.390376864
436.561935136 486.70646038
417.27237488 308.864091479
347.05235618 127.636508944
583.151913442 454.302954894
401.998032161 699.607260762
299.541598141 207.116495572
422.258023711 671.663036924
219.739844003 340.220860506
160.885475328 311.378320092
374.166271393 703.383994802
556.675510767 468.749595121
240.734155732 413.277450077
442.360382271 443.466843503
394.079597905 685.429372809
631.728192693 476.984183052
427.781257312 243.986284148
508.699488745 292.239435872
361.115301358 198.478970962
488.109711448 428.999382424
455.923197467 500.978370683
177.011189642 357.699952019
380.406197812 221.386744162
299.016953704 105.169044221
451.400560341 299.518332947
337.328870771 168.254438184
324.673711456 215.506271432
447.455836314 337.570949556
501.435267871 456.52913071
384.06026345 595.839449418
392.566101356 662.515997117
580.332146541 438.001224068
458.911702736 481.230694508
517.803495675 481.063156952
452.539383651 364.194029718
603.398427646 478.777445714
353.768259589 251.278755305
502.218221588 403.649672308
341.354410876 697.15084123
467.590849337 268.800296158
262.93052493 336.912733802
489.106747058 350.936558921
352.620064312 227.309092135
344.443317415 673.044005857
465.254929871 402.163967038
367.868847388 272.823277026
