477.355871956 532.551240998
409.6946453 687.957352205
517.194178148 586.268052343
513.671558835 545.202334322
436.883386003 696.647860121
451.452157156 562.824780874
621.944079283 782.630192761
244.097513826 722.414195062
441.968859472 458.606083322
624.820886209 760.170753485
478.211015124 680.038023808
391.403388653 666.6099289
270.096806655 692.237559765
547.327760621 329.690481903
375.167411806 88.0029302445
347.035747511 708.468146139
699.654508454 754.721479642
387.870301949 679.548999876
647.156873803 786.132687376
661.762884721 771.041609665
681.385791523 758.96162572
643.461827322 757.019115136
437.608896192 659.294138855
382.776956404 163.312779227
668.920582114 743.343263425
346.560541662 272.446756489
343.781543653 209.32419205
404.512204575 147.488576181
506.427272187 753.681256085
380.644021104 239.616311741
381.483890589 127.004294382
366.59453684 645.901183984
204.165563038 679.325457089
395.444811271 528.808713491
440.495891902 526.088028983
473.388352697 652.787349866
517.93975315 506.093829439
346.47272542 683.941766728
363.159954935 116.303200308
372.445525952 280.147149286
369.513276077 723.023546769
399.073265972 213.658728277
482.718161023 777.351514027
482.170984213 417.446360741
669.448428679 779.147018591
370.699336553 698.526542523
377.074923011 101.077952389
395.58473909 111.488805636
356.927976879 100.140448332
551.983745907 473.438243324
574.404022311 450.898362182
426.732292226 670.624790046
375.576800705 707.733005513
264.989942177 726.170825208
212.760008772 706.206600624
405.679608302 254.078513335
402.215526018 695.036468177
400.543553956 276.811482165
343.563538504 103.663252416
366.78836719 689.731806963
437.535198863 768.614111922
381.259799264 664.769193561
407.373645051 128.934903028
343.915569482 239.398660211
414.59968315 703.601440977
332.477938074 655.981611466
461.636194489 790.39847315
386.057187502 698.650609709
332.018057641 678.523327394
388.680358801 303.753533439
461.277011242 424.724903433
502.867633046 446.119139293
499.694491829 498.225240858
532.714539413 454.059399945
503.814029536 428.14466
409.348218596 712.076786524
487.513640919 453.985151269
367.554598697 249.479099965
171.206376735 698.578078636
373.899443835 209.893157533
346.424691718 134.973134208
368.469755184 135.708088988
435.527283689 639.593606477
688.306812694 784.586488496
460.203464786 678.093052914
173.330407346 707.805744605
560.271672179 430.421999936
491.114096441 574.310030916
415.535908757 668.545331525
307.742535606 687.862349527
367.470826665 672.678987487
538.477985373 412.603398177
346.389814564 697.60419123
412.643953554 498.733243248
490.381668248 749.133817812
179.084099283 678.211012063
364.576024171 171.005713621
462.570158516 765.23139178
469.109614699 744.229875904
701.203321349 774.984822712
