419.592358544 708.217583917
559.864624979 731.960046171
152.467448465 766.673658173
231.577306903 694.53517595
293.704346683 664.072926965
336.635815872 683.666363459
577.868028785 713.024877934
496.930864569 619.359575616
193.654209694 745.162510727
99.9153857717 624.629684782
156.029088958 746.671888309
93.8034221688 717.343796951
362.580091482 673.209321142
100.602648642 778.711565996
120.844096436 623.857046197
137.532279111 678.677983174
125.377883685 707.694670558
123.57748614 669.475465557
672.605123692 755.544180931
373.35006437 709.921683843
518.916524455 646.423625732
99.7354728803 745.731271161
637.520852631 717.215264768
111.227870724 659.010916403
136.628443343 788.233281021
99.4520126442 648.745562662
656.909067637 710.427734624
349.744766183 724.81868843
516.915954243 672.392285801
529.138665509 632.087138184
407.278011013 588.827576761
215.392076828 722.808056418
617.318161466 725.022415197
143.892547849 733.301032561
389.651678042 651.801843084
449.214920892 694.616562832
172.830816395 655.265528936
317.543391933 733.23991087
669.989468936 734.586465428
474.135591764 665.815999451
318.48339449 708.944039085
699.485574008 771.838008823
258.867635441 645.989795244
224.509147443 772.123813342
339.86102105 651.606458538
421.784529196 624.18604363
114.24291342 690.244601656
647.746098593 764.034062087
119.853190726 796.558617281
194.351471836 773.222345043
250.750638335 633.680265807
685.975939398 720.501263885
444.441075729 637.641644323
153.543844539 672.721136382
259.251306221 681.791403075
229.965151051 667.337356943
84.0046734629 720.97236024
451.277495012 668.474441464
127.766586909 785.893448761
448.498885969 607.661118655
101.989971388 713.529674264
495.590794793 689.504599246
495.983966186 663.72912116
596.008937629 731.971621438
93.2020007181 673.517449714
442.662615011 707.29542142
478.82921671 595.333598695
613.369021167 754.166269319
388.452430725 628.828080622
577.19855595 756.588329228
119.823379327 736.346280276
202.744496594 684.468139777
690.828343473 744.559169833
85.2151281938 697.020271529
319.384011736 686.694096574
284.143691136 707.26467554
130.823698233 653.153083462
645.760349471 749.886457234
702.132070315 733.068595758
290.412403555 632.029187193
704.338212935 758.345705962
183.602361331 723.852520674
499.189148269 648.371879461
173.107229057 697.221340139
218.908467315 643.938676819
148.191116611 716.709760895
100.600787342 692.187852908
293.251089702 751.254591333
68.9149836077 725.891904755
297.609780888 553.949402559
262.750825061 725.642746516
406.639836246 687.441918863
113.296984133 755.236636777
472.926748531 626.458134783
239.75410777 719.121921358
243.634048455 756.06105291
673.690543487 787.146053295
129.462760246 773.047373198
161.118794349 791.729718874
147.774834418 639.623350147
