360.632335963 673.430685112
317.533301333 424.575699465
352.931245249 654.796520058
354.098235488 631.446644145
366.042653132 268.394222469
418.79978759 675.654848833
626.159855537 706.731009861
593.151102549 709.695102544
419.826838381 713.293908838
303.705084631 701.912886658
368.023993387 711.829167666
122.146747692 793.865400354
367.801744169 698.858118624
330.917718928 683.778896587
522.974074762 737.375937635
311.616940192 683.395049206
330.55569503 710.590449567
631.979725919 488.719909482
308.189736184 457.032688884
266.987785108 716.986505883
388.368434429 130.938785852
630.934379845 469.451549253
547.126748634 742.372629677
329.327026614 639.803148554
150.091333548 739.998220116
298.243429422 576.404191015
388.552199104 496.575112302
410.129621169 521.718386186
526.327430076 718.684928918
100.14082347 797.895710983
380.738687968 667.991781872
352.581058356 560.599269891
417.186212862 133.100733859
319.801677686 518.973792407
326.318311961 721.795212569
238.805172137 726.205341475
390.940069988 249.233262053
406.97401795 705.428860912
336.114858982 400.179993975
384.446840074 232.511683969
382.329176903 645.427454925
412.654755392 110.745499444
532.146728978 758.922195033
182.201162954 686.778311686
327.815906313 598.820028761
447.795161716 711.692920039
585.568434709 671.003930441
375.670092149 424.853184533
353.212146566 501.051201791
387.027941485 533.985224871
210.915766922 708.502503953
252.213087652 709.255758325
332.173676129 365.8594194
409.344192083 686.622216418
564.694232099 727.756769357
260.708082775 735.721401133
296.238495538 684.581286563
345.705194949 455.327005218
598.77874976 734.117814123
398.4021435 98.2516322618
353.547135445 332.815551034
324.282894733 693.056997704
385.444045512 615.588690027
222.673527566 679.45004052
293.349223975 661.497522475
101.030872436 786.246636098
621.53658567 724.201215404
116.108653207 736.701043043
348.674449623 666.828220048
391.01733084 698.417977177
366.192867821 608.942773818
355.353565933 713.259987555
385.254836484 304.314064103
294.438050701 604.356626269
366.812414897 532.714699115
324.198747112 650.323140064
131.552354882 780.590836375
368.704851489 301.937539598
360.066784606 384.293268038
467.567838945 697.717127419
616.428634183 692.643447407
331.574374861 701.276031365
400.953210959 266.771131653
377.258867968 488.303689048
355.471892349 691.976418762
336.907996262 564.693885036
100.058844192 768.490403475
402.294818131 150.64278265
315.564724646 666.672576292
355.588085169 295.590645966
501.954267023 719.799546675
110.446086918 760.113177401
418.498808696 313.910867683
334.048960317 670.957626912
395.411219874 112.452798844
398.09906764 280.045475832
311.506077474 392.351037329
415.58474119 446.545825464
376.655376071 347.696893329
316.526253441 490.178537649
