268.418992654 558.278138423
290.231329542 537.56349793
457.229310726 602.486095517
260.491382791 451.052127878
211.770646897 655.895946892
138.576306257 631.753412943
231.427377728 586.488202392
60.328079027 117.313524409
76.813899276 189.622198953
147.585908869 281.424885319
191.7187382 668.75011282
244.017877427 627.110864778
171.25055074 633.707861722
154.782001108 115.204633202
115.237984529 183.032166571
149.576117072 668.904250034
203.195531969 402.42102093
128.45043548 700.33414275
267.282594217 595.579784177
547.167897509 585.947313567
153.978694093 306.796351426
318.026152645 506.176483967
444.322174657 582.787909274
76.8286547242 91.5986723991
96.7465322211 227.808090848
147.955577353 196.003214924
174.961657625 260.04467715
143.73176746 239.711833714
206.538607084 634.062687708
120.930946136 96.2408389544
250.433708952 418.181426888
123.642222304 681.018399534
78.9801177952 152.963332601
310.388739651 576.49534529
120.804311874 138.671718582
573.495893394 602.883748637
124.442806621 270.622302656
172.747445594 543.082701983
113.875892901 248.968589804
116.140002867 106.618627446
150.347212016 684.968203783
529.253113684 569.014125381
180.248547891 684.721446918
126.286210499 160.915164691
381.763401732 500.088381414
290.092038025 591.265108132
182.255368619 430.228937112
139.412340014 441.913663383
77.5585486325 104.409686906
101.758697605 292.355049486
124.039574222 314.220035596
512.330953068 610.82676394
154.007833682 616.329991123
146.303399092 546.758597966
140.255639106 706.161498105
152.706290175 403.678692243
160.94961103 572.892560911
168.826468884 216.447636558
85.2847905687 116.230346834
304.846963889 628.956666675
193.006353328 696.402966132
344.649265274 632.861194747
184.231295844 467.103992512
529.013377744 535.472197968
236.244849719 656.756348238
167.161684032 658.318845379
171.131960319 710.650402527
169.25072183 607.386283852
325.870801577 616.489576473
117.483162261 118.087177219
97.9476208267 142.45345937
207.705551443 508.150150295
135.249419537 136.28342382
201.32398911 546.311379158
172.449610553 503.989136727
156.046062904 702.833852538
122.419508086 220.74629027
555.500995395 530.518203355
48.0858763634 160.437020673
471.83132321 213.824655821
572.719651443 575.299286429
440.50551811 291.765985871
141.080034988 354.918668796
220.715579278 442.879432137
181.665263673 709.858815532
35.7029043669 121.310672881
211.599376499 475.186370133
158.963270631 691.046987466
355.177730735 541.646443365
187.883577821 602.312252637
426.203292232 609.317182376
234.14657724 482.963886239
266.593078035 633.53742345
71.1455401541 279.204137037
208.585075708 620.23949754
53.8880892159 137.549467369
594.755175849 597.457024299
137.803703147 654.503741123
187.735498542 584.863791432
169.796771266 297.206311366
