733.078882549 253.393032759
697.115209711 507.834822396
678.207405934 699.365700076
719.517159391 545.653183937
353.023213649 342.546915346
169.784796166 278.564030731
599.310569495 455.61745315
711.89247575 324.751402151
714.108394645 227.230228332
771.604698743 684.084159044
666.204858885 385.413437749
685.69963486 193.709194725
141.40321281 295.433538615
637.221684705 393.619899443
146.329433587 317.604267653
765.629125486 667.476993991
739.901390211 675.514205114
309.606368114 301.932314346
563.590378177 498.518812957
696.760720533 380.13003247
705.86098178 700.161528268
724.2509973 497.719033585
222.183101609 365.191114257
606.001676633 478.681426109
333.85341208 281.496220474
188.882993354 340.381588322
151.117990441 272.831794123
754.271906459 352.190820064
652.483175308 230.991584398
726.450890929 698.451473074
721.074171991 448.808074175
646.275081199 300.104849271
725.564072817 398.106808681
650.251682611 358.527815404
776.016296223 640.908814979
717.341258504 584.41547613
785.637628177 710.757516195
736.817263992 347.710778095
669.33013781 261.849775251
668.494106773 175.70696307
764.009392179 700.449979896
284.930015212 320.223199235
734.181185553 221.177183387
310.118291416 256.960924334
288.105733953 276.617917868
686.837318714 316.373244481
210.814450173 325.80735788
386.57715145 442.404887793
184.419605758 290.481946143
788.65494306 697.513060716
635.155396115 329.186527803
642.567046751 583.052891323
798.424473558 681.97714855
719.732587166 672.713686879
305.332611085 363.325404371
667.05449573 498.195491224
693.577970933 651.69975527
720.399663696 418.942120123
688.309315438 357.681764104
703.638056863 368.135523641
685.052812687 623.42952408
712.000844875 346.712005072
755.514228212 646.931850815
742.570605271 363.363144097
688.925119677 471.802202183
722.26338326 648.589275264
670.054704763 341.621127983
649.072696677 636.450274098
546.843049461 473.637979531
343.34307462 305.038566726
691.895054823 229.974060521
691.903174661 679.215418957
680.734703105 343.884184731
690.371529209 578.856552381
711.8487958 368.963397158
336.963455246 358.084917507
726.180947094 353.357925067
653.600671093 458.550006451
655.278912627 193.806712361
726.129589737 201.216096042
676.008483678 213.765904417
701.566101823 383.458344485
719.865545744 377.463943279
319.185884185 327.544255757
719.298401707 252.048121933
750.046838053 698.898439138
661.038840167 325.914801712
788.754679295 657.159525832
685.351758468 385.510976404
701.496585946 347.682454361
163.20585381 252.976578762
666.471900916 554.062865021
169.320439093 304.994388012
713.351437627 164.483875831
585.684006934 479.414359109
710.108696273 196.596551315
649.2527628 266.158021893
745.425098435 384.148929062
676.168991264 667.415267418
693.048429418 536.039671438
