148.772514372 374.282409298
124.947314864 486.804972885
112.674566361 366.287646148
119.233647034 357.649317313
56.9840739329 635.434640422
55.1249795984 264.217880948
100.722075618 212.109045623
67.5677072086 188.353379622
167.56220755 362.386820236
67.2614497332 700.642653996
151.38197989 455.04562938
108.473134749 436.083478961
143.920904162 424.017277931
80.500779495 660.964274415
506.814479038 516.731820167
53.4572823543 684.915744552
81.723854992 693.896032771
173.594516588 432.648769395
82.6543165385 416.177606394
103.241099065 391.169142601
85.7256460085 497.081495917
167.504038476 412.724872481
527.813150017 538.634884615
482.543389531 552.17885661
50.424893685 528.117434004
21.6977677165 656.889418149
26.911565793 150.204425923
39.5629325743 119.745363849
548.519711242 532.136899265
78.8596986003 478.889695916
506.812665121 557.642018547
99.5702248979 295.710163153
86.0165784995 381.293773743
74.940957791 407.464218301
128.861147842 408.258213393
75.2798411649 369.502949657
105.019386192 513.689069295
496.412145004 583.667655315
61.3101609445 312.077753472
57.9080186151 555.970804867
28.5639903721 222.904467809
119.151829519 428.832908114
534.045870357 585.798449154
22.2953090769 511.568847372
98.8427614717 370.879020709
73.3086141694 257.484347367
71.0882239235 158.34954146
459.748716866 149.884506097
119.447048103 505.837756121
18.7520618337 198.111673811
88.3215102113 445.768585948
23.0522953285 699.423809194
87.3694336043 355.1378582
128.913342111 373.979800631
562.806923678 599.268876557
95.3229719148 462.232416736
64.8638863443 675.666443387
112.301052759 403.917555798
558.919071181 564.650639757
110.565584644 475.788170001
27.0934471251 132.061298527
136.295437838 442.533395871
45.0936373215 198.703094573
43.5987254479 491.105389908
104.401208895 351.897901812
62.2791108887 517.419906164
580.51489827 559.349567061
21.8663430189 495.524073248
122.521857166 403.641305168
133.461721287 392.282368795
135.208205644 337.802856914
37.7483424893 699.879490053
39.4264646766 98.3922234866
37.2580154768 660.224409489
98.628192102 335.979886984
12.54584799 679.394652913
96.9722052183 410.96524072
29.7859060872 115.90543961
24.6962937145 179.70877151
59.8145782077 225.182536458
46.1004485412 139.477296625
156.658444389 480.577901519
21.1659990925 97.9853009955
13.9217057234 166.484708736
155.33656211 404.466443756
66.8293230691 348.772548354
35.5811909334 544.672626822
76.55909253 540.473190847
68.5072263165 591.912632829
22.0792981151 131.417629761
585.3073386 592.395059188
66.1704168032 388.557223822
55.9220059107 98.6919260087
135.050757988 472.143998658
120.732254516 458.430034087
65.3020640751 114.901593355
48.4872673904 578.02299559
48.886267442 166.288497141
35.4806770659 107.774479315
26.717463772 472.727908269
