114.401791235 345.825581164
154.167189623 715.673919669
143.97221547 285.978463063
199.032748614 722.800684656
90.5887449172 770.231353802
89.71542886 739.998320162
183.5141009 162.646209757
306.061217267 627.893662658
338.746836676 724.021038119
121.862898226 704.291657221
741.736564382 682.265665217
153.827139918 781.594665553
82.5856654347 730.871055297
742.860568454 639.393609411
686.878465121 657.287404993
186.090245936 687.148634752
161.12747599 757.061033049
125.741176589 727.038367353
157.944774939 693.740548308
172.83836651 141.546677734
149.972621331 473.835883318
214.378867602 711.201786245
151.340880935 710.088893321
685.390793893 634.308131927
380.510076463 697.683499176
290.492737207 340.578302332
93.1428860301 713.286425222
164.848071879 159.543963346
151.136801149 735.006774087
366.795748335 722.535304263
114.897589363 439.791314555
86.6558762967 760.244740162
155.642400526 143.645112863
139.55718293 756.212815624
158.52671295 360.706487263
186.751501117 102.766290518
169.454525698 181.906191908
144.456469865 722.713552658
161.105355505 325.004329699
389.44745715 714.432649208
112.238973132 768.31986316
143.566880858 704.075804903
717.451747772 680.51713851
154.582178825 110.826446243
212.19636219 687.620387319
77.306377468 781.982407224
199.514643774 697.206565284
127.09348697 744.356708644
703.476950425 639.900306539
172.772710708 124.242592625
195.128297144 122.393804549
126.863116224 463.895267385
160.65115173 737.493089572
141.481382971 776.029254276
104.244361849 749.02388933
166.779157186 709.143302986
322.937654806 458.493089616
208.163469992 100.119978765
712.97549782 654.694286694
128.338774908 790.415518694
190.042532701 200.071995949
143.88068688 783.188672108
144.12019238 744.72003923
117.620252155 711.113549283
92.8417373464 780.148892096
694.89640955 665.307400761
155.717847512 764.896036664
174.750355837 692.028295663
113.677499229 783.567962032
753.688879389 650.695486233
352.263396792 283.354037031
453.517586911 371.31946539
139.501379344 314.320675507
413.732563185 716.432895445
178.455746068 730.935322944
114.882076392 729.049137024
147.916383568 346.221977335
171.858618172 101.247971183
299.559749593 597.416632325
206.608360655 143.775555059
120.90962415 322.214554708
230.377674464 683.780945568
487.54778465 688.743904755
128.994539467 757.258446967
126.825963441 775.397219909
721.587057113 631.583106276
181.092781945 705.027026348
516.8754962 678.162853516
242.087716855 704.512305043
730.27632911 657.102328456
136.682851174 420.999949329
377.82186625 737.197893698
73.3646185435 765.44774283
432.237356107 360.040963854
165.878183822 725.782821935
353.490404505 701.862506104
135.00047951 373.871366038
79.8338788761 740.717737048
349.245712789 738.316671153
151.551270427 453.475415574
