410.813709066 540.268575586
442.05328683 541.30777638
450.531912552 486.016693194
478.203766488 424.618582142
536.924958531 665.933743244
413.451300537 611.800004014
543.084171395 625.005061093
182.881102299 610.915761872
411.166215715 476.429511927
468.72607081 499.330677666
557.511543048 675.598406473
522.507335456 585.081007416
347.905120509 633.091675889
412.311436875 352.511746655
493.424231876 106.565305004
438.951163009 670.138770266
494.796975492 388.272854635
443.911103916 619.61979422
565.304469824 647.464804927
540.95966106 521.807784077
423.586727299 489.066420023
516.078600507 514.005987825
522.925028748 538.138680761
463.810007562 328.45782736
402.387539384 491.633651821
432.434416587 309.916407023
451.179780078 130.758468555
495.233716012 175.794843256
507.880957343 677.457360462
427.15035803 387.01743928
462.83995118 291.058601892
411.320677307 648.907584894
209.439088634 600.872506042
437.790880667 514.42030615
180.218267666 585.190281045
551.273302358 562.918807077
480.736978926 261.073291266
521.204841762 623.438452286
474.074191633 153.753756365
412.998048685 424.824172209
465.537192332 698.748512307
444.652756512 342.193249406
523.344894052 700.802796672
441.419390667 448.661243277
487.213462359 447.266371004
451.981895923 562.573855545
478.965987742 182.983533007
494.911914599 142.306629987
483.868335822 130.882657615
476.609079942 405.344515709
481.708831945 362.321395924
491.421261932 582.374648673
457.298370715 595.782240302
422.700537494 505.036543188
435.319832495 641.807732303
467.54245067 452.971765886
507.830507259 609.236892598
442.217722829 419.490159629
483.238293078 100.172017929
660.750453808 694.445062162
474.653789488 669.024149172
493.246992918 547.99604884
516.609381905 114.514441691
472.461847908 100.176266644
691.486063078 546.089060849
324.302650511 653.29344123
505.685511746 700.326694282
495.217387065 635.404888351
648.268914838 678.553749981
420.566650463 454.135269652
434.819356004 472.187128659
460.742024171 464.029591389
202.463768731 572.631933422
414.655672588 562.410795071
467.581211125 434.405461642
498.5393779 685.507321006
474.461234889 483.991488029
438.124921089 234.994525037
164.543181043 622.363462378
425.206334473 268.482621217
470.170571444 113.585147081
456.463809852 264.53485522
478.74819658 515.653356036
507.200683341 496.242806019
552.078143172 694.91992156
194.046072486 621.696102887
469.738009982 385.192886066
321.809382202 630.332384156
467.492330994 530.210630206
639.117817908 690.14550179
441.835551612 575.690674121
477.593739913 469.875423735
464.073949241 661.430177899
161.390331832 584.744445834
519.523245224 663.021907868
146.264669038 602.41357065
460.381078885 167.609415018
478.023371027 628.030376745
519.269460001 647.672471435
507.167709115 418.188408992
