198.633489579 643.436756353
237.365739289 634.395613932
205.481698058 627.506527789
423.059724985 633.053310257
255.252556332 706.774019418
161.440863586 662.048546717
239.758687539 665.752318941
226.65846599 393.370281315
238.488112157 466.546435839
298.081412198 481.831799149
277.806582234 702.662788876
326.360895951 672.001196406
212.442567647 696.15547609
229.741892489 101.468560368
266.212300534 402.131506395
214.110567721 705.51269603
384.665127463 625.588779009
172.588929315 707.324876806
266.674497215 658.328585638
474.535739272 646.165904212
253.763570822 448.607445433
381.11071879 653.937336942
413.43060064 661.471668949
248.045248095 371.945620005
243.058133218 498.438081558
241.717156907 169.810750952
264.073154731 148.790450897
396.137527964 533.827722658
247.405746509 696.595172313
224.206701763 125.863475726
263.414640764 187.815768553
173.489282844 692.967494707
244.33602239 417.962006799
178.218102799 631.727491251
237.32108505 238.990430062
454.594401702 663.417354237
277.610642048 437.585518291
219.180509633 681.216904845
266.011999374 417.373664965
230.42398915 167.817679169
220.636310422 721.692493663
271.633463589 229.94867096
264.506555598 721.756054971
256.908389681 212.815236636
464.315105286 617.304175263
250.35327333 646.20982163
276.382166321 485.22913697
399.752428837 328.363215051
261.94243473 391.500753481
208.494361631 583.745816116
235.525636283 549.72254261
271.461009098 626.239874652
184.354016966 677.952976307
186.753081792 655.311750473
187.317048163 722.544023304
214.633264673 608.252547573
212.457710522 679.190449431
251.528946003 139.857258871
276.015969336 362.393816588
284.749168938 667.100362208
241.236547002 718.134582153
315.202141324 650.817973474
238.241673067 577.560984337
287.904706656 124.370688943
317.969716165 684.540711861
240.64808748 706.865549991
255.65025965 731.962611714
240.148962502 689.379700486
279.436988965 641.06507334
237.827047406 189.51577173
233.945803589 209.377446704
192.753168637 611.600986101
240.156256155 147.551443449
220.136920753 655.478125238
183.518754833 596.716711667
238.59756685 736.56972766
372.470540915 526.248685818
278.143452325 100.724413014
220.897759839 495.799737582
253.117844654 100.767025918
282.361228446 165.694453389
264.754806642 120.030252554
365.442345171 633.414039459
441.980131117 639.596646123
294.537801043 713.281820474
220.420426157 471.702993664
258.388265514 515.951425467
230.065949615 696.837431664
268.940950756 582.458202128
288.351346604 681.880246601
238.444229561 657.168425705
398.936283954 634.853453043
258.942420684 676.141653049
147.846877672 277.52450306
276.900513869 688.704086291
238.164861319 440.235416596
297.201371709 208.536269311
192.370642884 704.538737473
247.368561666 673.147308892
420.68096174 538.240944744
