258.742794359 684.504516036
636.896822756 173.522065225
361.930138455 234.397963899
401.604331957 183.726451678
554.768994427 135.768780031
517.525599957 155.957191861
648.465482173 90.1750872475
605.348284757 203.338011667
315.446232721 203.605889634
441.469396265 128.93632243
290.422505378 194.367000734
130.360830232 197.730227203
534.415162648 157.81533788
323.557955377 241.095171478
485.141791216 118.652432796
358.433649129 126.015377157
259.89860732 133.835549805
417.058104443 150.83388899
683.037082958 184.916112123
518.155889862 184.175889875
637.428116128 241.982582043
145.754561887 204.467345914
667.045867468 102.798260042
468.831866447 127.563362234
176.13050891 647.903295712
391.354231432 142.835452184
689.724235489 138.256685121
505.216186643 211.313408728
653.18950007 262.382169828
625.849768501 81.1956835381
610.210703858 253.550347779
311.872628843 168.454705324
663.414320433 63.8212532887
281.828850303 152.665349967
559.400632594 147.889982952
260.733338648 666.290473023
496.539706086 141.364091751
474.153699169 206.780649294
676.440902462 139.020112783
612.544524285 271.348988072
488.446483718 174.882407187
683.046306786 206.686464559
553.949712137 107.940741292
424.186943703 269.303913311
576.3163587 217.33791867
581.440449013 280.361457288
171.610806387 167.070730604
650.14258123 196.458772037
366.015427949 293.587066134
390.131693205 254.448209691
579.262088064 158.834522637
694.604815193 90.958535526
561.059065387 172.360817477
431.611541387 168.288372135
500.854388279 161.826245843
538.763206786 124.377639266
116.62605093 192.966576852
541.397186129 205.877615819
363.563553942 264.006349383
603.231851281 152.615118577
156.630291181 176.324524211
604.345249554 291.790982562
632.594096242 276.853391415
655.035996188 120.473090905
140.435831718 153.655464659
267.301747883 698.274122254
613.544253655 96.0815827829
649.340425203 147.815888549
581.414003607 246.590580171
640.764973372 212.979296569
246.396657408 154.311100486
464.720885845 140.108693797
700.826285872 138.343980513
99.3917824696 171.967894549
455.735326151 172.063338959
428.194020983 194.382589818
492.331526779 123.010090612
667.94218449 150.891270029
700.513393603 157.612719334
590.862708354 112.06016335
690.382122247 163.261649304
338.973097982 168.753720455
621.795919714 128.506877102
363.415899276 151.727010197
511.21851837 137.104867839
331.567811404 136.984278513
122.687525933 162.031710942
445.621090774 228.893079446
100.130738443 191.770034706
587.493137638 84.6050048197
396.166509495 208.191608425
528.774115544 167.349166333
262.538395776 166.404884923
549.089766823 245.231494522
364.36162679 184.3544782
407.602861436 234.470521673
670.42867465 229.477684496
337.786215945 226.003687848
382.750374478 276.595307683
513.806526657 117.880628947
