407.40777756 202.954106922
392.225690492 347.421446551
436.918773478 211.428100523
471.873431941 158.868782621
431.644505368 346.791010665
352.160356411 218.928006304
428.921860494 313.313527199
132.540081689 108.750479312
333.896584814 167.837841062
375.864444736 236.241246003
449.265107864 347.135581034
361.547262491 274.717066844
156.816921548 110.461297714
382.109676839 119.625387686
461.590551145 97.5150232467
385.30262783 650.036681528
506.326483668 157.402761806
354.330977216 332.897009825
445.845798971 322.995539052
444.856940858 211.48418546
469.387181378 187.836597095
397.799773771 228.465127522
389.080166411 258.785138988
452.875456739 138.070434775
444.096301413 193.70734393
340.66783916 135.335906655
391.89512199 98.588892728
487.899938758 129.077430609
433.710022676 633.592557545
410.372392314 125.029741131
454.282593307 124.133311456
315.306821857 275.455767621
111.553521698 99.1555963734
309.859631327 226.135040544
354.622166708 199.743686253
414.439412947 244.30031204
497.261335897 133.063520596
418.077782862 394.763231025
438.38739399 102.377522136
365.854007313 137.766241795
390.457582224 684.899400974
432.812978822 126.097156444
438.727523528 657.427793931
392.096645002 136.874105862
478.501670006 172.934435409
414.077407002 559.730934624
454.876540238 111.305335446
472.541315478 95.9345108452
435.002754532 88.5052469374
454.989263418 153.288143722
461.943787782 140.527775992
402.734489165 329.580781176
402.453713317 611.144237431
143.256590247 131.963485593
107.39506765 124.32400439
427.800155203 149.815292711
418.462348678 371.658986051
402.940079985 137.086707798
416.412412393 76.7239421025
560.538240711 497.719154313
409.154989955 660.991735127
331.645853435 285.527046638
481.292076992 108.746967056
375.986719513 87.6453462638
653.945473871 525.874358605
320.926429792 311.320063623
412.946333961 681.789905526
378.453937639 369.195432692
547.629408337 478.427262262
362.280901195 156.247465966
377.89676207 165.789755917
399.730998164 165.369265137
409.326137967 184.248891185
429.002445278 184.06155069
407.841046585 146.113029404
414.85407577 585.794303542
357.328134141 184.376538845
373.67171769 105.475627577
89.7441785608 121.80010221
403.22917526 113.926732951
414.679839359 93.5267615774
425.138281276 112.889732247
340.649965283 249.893717756
465.352376087 210.701292188
434.369950297 375.309861287
102.317034561 139.271196005
441.012583464 146.640051771
385.49952423 208.550797864
376.105981143 301.568553701
535.286678667 496.875866889
336.546514551 307.795832582
420.121067695 169.551356761
386.34532131 588.430433625
317.467615269 197.172781109
434.547373494 611.843470508
99.6345967861 107.003266089
405.922129795 104.149680395
407.773068007 634.492200616
429.809165274 585.428844402
495.942691304 192.029487579
