257.69244238 684.030347067
633.099822016 153.886631265
345.041926039 223.724049415
386.638682285 170.460602518
538.529208232 124.108240491
499.923403814 146.478210215
645.879849262 70.34297622
599.809383957 184.134754847
300.607359471 190.210340678
426.097072971 116.145349855
275.769057826 180.758596496
129.866810763 177.737102528
519.218371747 144.813314877
306.814508134 230.156446284
468.366120349 107.763658191
345.248993596 110.979200629
247.136082742 118.442022813
403.131007079 136.501980137
683.985442101 164.948654106
500.962279273 173.973039534
632.829202556 222.520275992
144.428852517 184.511765618
667.097336247 82.7990358841
451.413799122 117.734283877
174.616370376 648.13589779
377.599781318 128.316710993
689.021330166 118.271245755
489.440595213 199.046254145
645.836397926 243.782995464
619.906630882 62.5593678074
601.237265407 235.676460132
297.3498225 154.709561133
662.645869751 45.9610701306
268.068292193 138.153228768
544.675280589 134.403836448
259.925893885 665.602060654
478.412856005 132.927885995
457.417043019 195.848224974
676.029273463 119.039517258
603.702395361 253.411683872
470.086423861 166.951247
685.232420074 186.811722876
539.765032292 93.8838457239
408.126851175 257.38552928
564.547917258 201.167341599
571.620900475 262.938011633
171.05313689 147.084394281
650.915922468 176.47383789
348.503543973 283.926641376
373.190259793 243.823486429
569.214986703 141.544763219
693.957201154 72.5759436915
547.842419007 157.361688968
417.048494306 154.591811739
481.329793462 157.493204088
522.845167333 112.273693566
114.881056805 173.046821633
525.676792175 193.513982578
346.10124022 254.292823549
596.028404092 133.96493041
155.66041344 156.351493917
595.214832561 274.005977084
624.649282793 258.557016757
651.640443173 100.763444217
138.805198632 133.722960232
267.820244558 697.374576298
607.488697861 77.1520893976
647.578373442 127.894077721
570.846880756 229.625210626
637.356359549 193.273925241
232.831738278 139.618300072
446.638349705 131.565091579
700.697547902 118.344546278
99.8906787341 151.974362936
438.994251978 161.144601047
411.079800681 184.055370921
475.750807941 111.826253461
668.288612588 130.89526044
701.188802236 137.641495222
580.027318446 95.2768043098
692.323580137 143.35767069
324.195580507 155.278458697
616.987823376 109.096635206
350.659455738 136.324648079
494.224392684 126.572792199
318.352129085 121.981541609
121.257913533 142.085849344
428.44482168 218.649455223
100.582585131 171.775867279
576.991577427 67.6681681725
379.230103724 197.56007581
511.415114137 157.418947293
248.284656409 152.375497819
537.630561769 228.845374102
348.482113453 172.195492809
390.724937562 223.740533891
668.054111197 209.621256527
320.654544748 215.684354815
364.960584751 267.477939967
497.134554103 106.864913558
