265.197896357 480.913760912
656.62669101 543.205919411
244.161337759 498.236970621
631.628293102 505.932687651
398.367451449 526.782599722
100.440044935 511.572795753
166.04913456 557.588552144
658.593224944 149.945870137
553.028771147 568.826996644
240.36313474 445.423753526
171.864345833 513.579049954
331.588345876 521.516084334
661.064509006 277.885422404
659.828933046 558.296148903
573.071109207 550.759847113
698.817066334 544.54138355
684.922800348 525.49667895
612.208496001 528.182360885
607.237777222 558.442095429
173.654214631 488.139416293
683.849184334 579.66411643
672.380853525 553.016750281
343.395236359 477.851084001
679.81366162 296.133938493
678.955280075 126.09360698
681.341142384 176.08834064
149.937164664 466.21164729
640.217556706 285.457186345
639.513260821 554.763636159
208.806743092 497.632334791
99.8451523637 541.599491771
651.033771633 302.88866832
673.562951918 115.746715204
435.661122626 476.674407661
235.873080713 470.022976504
210.845712909 459.876615175
610.686338076 506.595549786
104.175640373 548.017529231
456.977088572 498.615986433
120.109741877 461.008147497
367.309218455 499.424564783
290.123012464 502.419167217
679.381400038 100.368556148
686.7000589 536.534408651
702.360436289 559.108756634
726.554966751 142.807311181
654.930541829 513.65843987
644.009901036 572.259206878
604.833862978 383.618485894
620.740431072 370.165984462
629.649853098 541.851383048
304.424189243 476.53998378
323.685846212 492.073451691
129.996950612 487.025290378
109.672597322 488.935782867
265.709727703 453.614609961
678.067384462 494.38315664
158.576605882 528.268999021
289.574192087 451.727718388
658.689303688 520.231454101
644.27425212 356.780286046
117.497723493 513.921398455
708.64558933 517.745329516
623.785847982 547.970875055
724.600754506 116.761228607
408.200888232 481.125516441
210.114948252 522.29359846
669.676502338 522.977893182
709.462216598 133.953572185
617.524673383 530.557751045
424.251840622 497.793011853
714.381009674 525.617112459
699.131571803 113.675841064
675.964046435 317.087897421
557.491382509 526.185484573
711.932310484 98.306648839
136.927853355 548.284352069
688.505209746 557.542237648
626.268167033 353.007531322
429.54303973 515.078206648
544.454651183 511.780076392
127.831513267 525.689510344
640.408660505 512.06604514
143.143156712 503.309697031
697.813279857 516.397660592
597.811762758 531.150435778
702.256139703 154.511999663
659.533795266 335.397423492
571.925787319 497.274906336
611.951725452 345.403389952
679.468092965 139.138249906
642.714333029 323.223071414
622.09945014 315.087386599
662.759516168 571.306438523
186.580257187 535.554653244
645.603453636 170.441437917
590.425033489 553.895329234
589.121592222 509.742077518
92.9135887338 522.096624913
599.235107034 484.807499937
