203.997825544 499.567883585
180.42125031 433.319616594
553.662159566 44.2180992815
695.744986457 58.1508240362
237.330178104 338.74960307
69.6029433204 251.917879297
367.045606135 55.5227124207
127.62508408 148.619582368
328.488182307 338.521375828
269.807673173 170.252475211
203.794563951 616.383535563
119.502966609 197.671496966
269.967981859 363.861149522
454.972958596 126.401642454
259.491034467 333.64705017
343.68166775 197.526577708
118.367518221 251.925466986
261.553455674 95.023454792
78.2808763185 146.346160318
531.844977739 247.82246862
100.863715745 125.794922762
586.557135913 37.63218993
408.104814578 84.3182697351
264.010375823 607.216768514
190.38283442 168.713254501
331.106526228 42.0857528366
611.522889928 48.1549909029
105.310477342 138.839336214
698.089730833 22.1480379387
310.287677393 170.379005112
78.5610383643 117.3272105
653.002983745 54.3962287008
462.823560504 237.108834807
217.080958525 605.844320639
572.547250571 86.4442730384
449.832905066 101.518704326
120.267695302 177.796814341
331.83056009 366.720771252
156.80607911 564.062611146
701.247346674 38.7020869409
425.039866999 59.5206435137
95.0473757191 173.16524097
334.004330722 79.5089412863
215.038367244 182.112126755
118.342067583 125.828354563
167.881698006 699.600149528
330.519893078 397.597091902
572.717901754 58.3981113299
438.452949771 300.765425313
674.950594628 41.2213711363
294.306619564 79.8962917523
298.796470143 65.7284090451
317.721356136 124.800929445
291.714549906 387.205237542
291.241689351 439.70288516
294.244584818 348.718185081
172.59013337 598.566729181
159.251432157 502.21485189
233.414955052 626.749959792
106.603552884 111.768389603
536.935774063 81.6998057543
344.77401843 160.807685105
642.994910182 20.4116668102
160.80616572 452.375239688
154.474001334 169.389973655
350.657486469 131.028921672
179.442346122 472.673093402
271.895764338 50.6689021962
293.980892673 45.6055245337
81.6120215374 218.745681749
354.361875671 348.396987268
92.2405055089 233.288799441
164.102224276 185.380195887
359.370121365 83.8383374537
260.224183421 79.9015378293
553.487060584 109.093709027
208.21196145 400.288931548
673.731928908 14.1543823568
191.88416196 199.950115703
80.2417338539 99.189562385
101.217683335 157.854707049
124.581390398 212.855032299
283.930301116 109.80025492
80.0766684912 278.109849075
262.016901769 400.945886636
677.356355454 83.8229869625
158.874731895 208.910405893
318.70665812 65.5846220395
418.161582944 130.351557361
292.354437768 141.400528429
554.566008932 71.2313231325
260.24052664 66.494025726
237.422392506 597.811802752
283.569999554 93.6033555828
259.020120639 38.3699297307
81.4941351319 255.221643877
106.217099206 100.266954976
185.65534262 582.243776523
201.434311594 361.419310234
237.327940367 371.994180802
