113.105225987 446.586786339
109.252480157 567.622956837
133.743892946 443.264810302
98.7924793569 246.770246269
141.444640602 567.116359717
99.5129262348 457.451093075
145.959781641 537.490701339
75.0544127257 479.143544146
11.3351881606 274.395946787
116.013855063 474.645961116
162.525504766 575.313919982
127.985739594 515.701765826
92.6051105315 477.418287475
14.6794472474 176.960565962
76.1121390629 101.072831441
23.7067921106 705.289069857
129.37292687 223.614706291
95.371628589 569.774345169
166.388851138 554.054371058
160.699920031 470.913057047
159.536289241 404.338860986
134.628790397 482.581454858
139.069390299 512.957612798
74.0488098048 189.630879061
139.643613508 429.218100379
13.6126375238 169.239599456
11.0915762978 113.719277511
105.839961909 148.83656596
70.1885104776 683.718541811
35.989140376 196.357198961
73.2624135403 165.876879018
100.172681418 519.335506647
80.7925836907 466.52035904
104.39502165 484.976071328
87.5001094219 421.286888739
149.155945239 503.059849474
118.868074412 170.107588636
126.796432849 617.017780977
54.0398715179 130.034050142
10.5539857003 212.557965207
35.1004935993 722.653848154
51.807439472 185.270340225
76.9444601632 702.50523323
31.18939373 251.82118406
105.311424147 264.955990221
59.9130985072 626.051012324
73.2071942697 145.247921674
85.76988915 120.197347301
55.6055263063 108.82545532
84.9271085577 233.960653907
91.4103505855 201.706636019
124.649586061 564.690514648
41.1945789798 663.565954043
111.163651886 513.064685529
98.9397476036 507.760995563
68.5482709758 272.027256753
128.691128681 593.921852939
36.5624295449 228.82288272
37.525697386 94.4286184749
577.918207767 550.784522168
45.0913850608 710.620575164
122.406883745 524.258904407
98.3560655105 115.150440176
0.516809106453 101.625415648
671.855890626 540.265973526
88.10248491 551.769727995
57.2544063408 723.183184413
98.5112802447 600.195423955
562.939493798 531.966202551
15.391280757 253.90955274
24.7841185705 285.204036403
46.272914479 291.82504086
104.431303494 410.103217765
124.73490362 411.418145058
50.2558932159 257.429738598
58.2200338266 655.57744416
71.6291515125 330.032655189
8.52548172218 138.34895698
70.3811263117 501.252530238
22.1061288458 158.609602874
30.6127714154 111.327265886
43.9239504096 157.319739802
124.522382797 491.545225518
163.012011123 446.332203965
152.941533086 608.246296934
83.8517822991 522.35503145
68.8955389271 224.163632344
97.4004731511 437.1681166
126.401500603 546.672912725
554.708727883 553.773173942
104.995947525 552.69769865
74.470024297 302.696465807
35.77149904 639.506582835
72.9102175208 436.368130768
76.5557192374 668.666756933
61.506297424 479.576177494
24.9704644081 134.979817056
44.3461717731 693.337614614
81.9697981271 647.751717312
125.115545594 257.182110956
