356.317277679 495.66473139
494.873239798 219.915956851
319.682200425 243.273743119
411.297932526 167.535555647
464.880032747 150.663631305
430.851345117 213.759201518
645.209106569 77.456322484
548.939629099 78.3124567246
357.900832659 180.006443833
113.196719002 60.0389005451
337.516832846 180.619996095
173.785353572 125.277438934
479.650780705 178.048236923
101.054876359 135.928697947
137.800000191 64.7363531914
309.503448408 114.796129464
304.833809842 132.723107634
282.168617333 109.775661629
568.05613006 228.358752146
337.71326928 438.294350287
618.044151192 90.1142659793
120.654926473 136.155195106
678.007954242 70.0276128972
195.360784434 91.5247055081
299.667997384 251.312322109
99.9686712383 72.9910796739
659.192319501 48.4553335918
338.456603827 461.966442962
577.925934269 110.72601323
582.379410489 68.1185024973
568.027378569 129.01548975
377.314813005 176.334557778
663.255016939 86.5330379268
317.23698457 184.402820266
363.793098188 405.47828396
362.03601182 515.88911163
347.835272401 82.024237358
325.14483048 513.121336957
690.053596265 83.2086690333
547.617604163 155.114874131
361.861833194 296.435330459
692.068305274 132.61453973
438.598164951 138.94950294
382.98019155 198.537983217
496.475582804 137.544113398
374.047685177 327.491588267
265.078699932 119.98535195
636.551234801 145.922555129
149.409392055 141.306128681
356.119957033 215.334772443
458.298718842 111.096386352
693.807069364 50.7270015557
608.652566441 118.765004136
323.234496464 96.0151545459
415.106674633 180.448042918
412.507999841 128.905785261
121.50571826 113.604334291
454.66834431 229.855646011
302.250717657 154.078787118
506.334377097 106.142152685
143.84708268 107.474164529
383.079738976 461.206443251
590.530866242 156.365325237
637.667293911 108.753983558
122.832753193 85.0554762827
354.591605016 474.195842975
514.973354371 78.6213767216
418.70535469 465.408422616
515.728076791 146.263599811
378.808118464 491.901516938
282.556912353 138.667410485
385.771184961 124.170601129
700.601273228 93.5576190933
100.828695088 90.3770863117
445.419221487 172.257453245
390.958856326 228.562775749
258.291811049 81.8061234533
659.177770411 107.735260444
701.184286496 61.5123299661
476.287140924 114.331427204
649.409570064 190.413621975
370.985821006 141.633917675
543.271521945 97.4358115376
355.968655142 106.905685649
423.212447584 98.9896685107
333.087056693 109.85247971
163.303422915 89.9039273923
316.4135233 475.054095444
100.850604606 102.853848094
369.162403902 69.356924735
329.998448299 314.476634645
334.585708119 498.061385807
276.733422258 158.238154888
531.525287083 112.855068912
352.708031353 242.016932198
326.906049763 333.094290014
677.660274235 111.628936971
323.571065063 135.271098355
331.677231166 227.10919123
291.970319951 76.1972606779
