280.293171191 293.922808358
245.846335792 711.896650394
347.896011311 659.576680336
311.51464411 759.847109072
264.633214791 557.187012608
422.64071941 685.746053427
238.810803305 400.156319484
303.429029494 121.768785942
264.498082626 174.645678358
364.5976297 685.36310909
404.4267187 651.327414976
277.51033547 260.295675972
455.660385632 713.141105468
365.481598905 629.182020226
266.045327552 678.70363472
274.667095424 748.024467084
333.66163745 650.851521693
256.663621647 115.758103138
352.062311354 692.659500636
269.224513952 375.183222648
324.49214348 677.442270133
259.660831308 99.8476929885
351.550972192 633.773495803
244.981356508 479.802631097
267.352315082 349.214373202
479.206739569 708.124879053
234.304418244 683.057063761
274.840903732 217.080726553
239.1138255 156.182291611
199.738169676 731.495992579
253.745065982 363.063927281
293.923111114 361.611050913
413.106813416 687.537727695
424.64659186 661.773885421
233.013264036 739.065879032
331.277581748 749.527841382
348.546419566 675.016032028
297.028504108 187.039110337
423.389142056 633.114619984
261.339171355 261.681515659
161.060927027 719.769883344
273.113578363 412.564320718
249.740674745 597.952025071
284.555436042 477.104468622
280.18132353 521.013057268
311.624608977 345.143638714
170.306522462 747.007394424
259.724141491 740.788380547
480.624957785 684.934261253
371.611552491 666.767445949
290.31590296 391.01273892
308.677440947 716.79950627
296.222244079 741.188380129
316.867147065 663.717409849
267.939026645 238.105465288
300.546248939 100.013989516
382.860982422 645.763401945
355.748228976 706.973927964
235.01551069 237.950766114
442.600009823 679.883508188
502.21271999 715.274120968
309.94590228 159.690585459
399.550794193 704.786435156
269.268186653 309.860993615
262.002493684 455.925047199
480.069289334 726.500450431
235.519897054 440.870048567
392.095280579 686.015570139
332.323714722 686.752022708
242.01669423 122.707420887
247.507724106 195.115395785
277.116938429 699.267089957
251.97601963 322.005651474
355.174159091 725.753226517
290.045114478 679.549061768
248.358453375 283.387086159
332.547419492 705.853519433
261.377477436 426.009166697
281.999359313 156.906245951
282.681336748 116.5222214
294.093435865 139.145307153
263.580811864 394.489614765
142.733931372 733.791668242
229.451944606 584.443904756
263.11035494 584.378357277
401.635813257 667.298064674
286.879038579 335.941608571
286.385519937 715.058363967
291.275157322 659.383511306
305.80903962 314.434243863
253.364381105 524.949660659
326.193009629 726.411025384
464.502805155 683.958657852
272.285107818 140.601618337
561.257174478 420.96936598
289.624455726 97.7927124598
243.868367193 567.307985917
308.383541064 244.409345111
186.810779842 700.93971382
314.589229054 687.631500776
