417.274496827 501.89605992
378.816616293 725.768313989
153.3132791 695.044577792
225.839405326 606.847484492
249.610281246 716.277439585
225.306161446 574.851543096
131.796169222 203.208744983
705.946925678 758.455183792
483.550105129 409.042624421
344.734007834 748.624861541
483.345718753 752.141671991
279.85919547 644.442738155
352.978050338 499.201050513
348.523072429 723.35641553
125.926548311 101.280897049
268.945484571 727.210545473
367.345810128 756.006250667
467.248912224 731.717589803
116.043428379 707.033930953
121.572508272 683.315532774
280.431609191 670.056150352
443.511919731 714.511579393
137.334088607 122.008942261
124.615435363 161.413298182
310.778752081 439.771968332
258.907578583 579.399099177
178.852833624 586.622371114
427.589234233 451.068492388
159.360539236 101.786689878
306.84776374 424.838100822
136.825858356 140.916998741
711.550238197 782.953082858
124.046110941 631.600081574
105.909962926 697.695327552
357.948077435 465.288909234
108.431034976 650.257368532
400.384077069 755.745269311
166.313237647 210.625883877
181.256682884 664.117122104
273.218487446 601.388858918
201.083535714 596.858877564
335.485080108 539.579630721
149.169451532 169.388549881
209.350107849 705.389125452
146.44260158 680.306679189
696.155774506 792.60469514
448.774302098 377.93082083
129.862969227 184.103375969
468.736471772 786.914624202
178.712975086 632.445304779
320.944719632 466.02653768
242.122249095 711.805383745
154.641245509 634.51429816
180.617364467 698.306048412
171.9199802 176.661207015
300.915416319 655.546455446
430.938924515 773.426740748
146.915716972 717.551243895
155.967165583 128.210195405
267.43161836 689.159703431
410.294278826 439.209796575
414.716564275 718.723895397
400.299284322 481.341452303
286.580917156 453.563111063
178.608694208 733.832649729
290.230882791 569.245428427
186.640721657 131.006215578
208.570935159 730.453184743
160.848790209 660.774713882
431.081299029 686.509304975
460.209746922 437.761178332
249.52816074 729.160927818
409.197506053 373.981667741
242.725112969 694.223296507
214.190696109 644.059069006
262.974109628 634.779139681
133.192395072 738.552799013
241.282602772 505.130551602
673.583799249 743.523073071
700.417362559 746.431386575
695.79016268 775.636853254
460.17725087 775.09342525
403.69695606 410.456552318
193.269882871 564.141202495
385.154781808 522.601770402
139.439162567 647.082267628
285.991394817 501.849898869
278.331434791 699.751715272
256.268688681 681.729469938
225.305169423 546.911884934
169.078140062 150.223603059
124.427340051 670.44999845
451.272598392 416.937372648
456.367715224 759.805078918
439.174998088 746.748065671
687.384169406 731.055352265
284.721758036 538.713390513
676.988246697 769.33889525
433.078271953 399.755713347
207.370068508 679.761400821
