106.758885078 503.456239943
86.3464781209 445.239823775
516.150832898 71.6011210893
700.009784995 120.147097846
137.688535544 331.048178682
19.8687112101 188.194219657
297.186186921 125.910460474
54.1590712276 95.3307118168
229.508457489 326.63354656
194.732290283 166.759939619
112.487880929 657.027481443
49.1774767631 129.890220677
170.400504949 355.041209363
406.751450827 210.150620596
159.714291346 328.741337505
273.091873373 166.954230253
66.4428631359 190.436436423
181.108557178 151.228445972
6.67415618854 106.185380238
544.240348388 251.366451852
19.1000721391 82.7482002975
554.334625501 70.9447830959
372.061678175 176.125250383
170.224001375 641.792914271
108.531829498 111.37043631
262.797192158 114.459997764
609.471283712 100.356414619
25.0952975793 92.9947981778
699.727201656 82.2116168782
232.493759909 151.459952032
7.07241130834 88.2933928651
657.814468745 122.023789145
467.225147819 235.75791017
124.440411041 643.169608315
532.87290219 107.530923006
400.924340573 188.543125464
55.6757448512 108.298822665
232.874647204 352.685882754
78.1154948488 612.011196692
699.693133227 105.854170501
404.05927788 119.374243666
18.0738464567 123.935758821
255.321704923 139.945057778
131.866287614 143.030250474
60.7634161693 76.5101399385
150.371058744 701.282145312
235.627672675 376.497733106
540.825426588 92.3337197306
439.25439999 296.612995011
675.983155534 111.412948591
212.533071781 137.019948073
219.170925956 125.220899837
227.232616844 131.98044976
192.681254621 373.557046445
267.106794719 435.299318905
194.833139229 338.205347059
83.7932016911 644.091585391
65.8197252983 506.390791747
141.059413667 664.943003369
33.4709877878 75.9803340691
493.426934134 107.490594848
266.262572875 153.809036093
646.071975698 95.9211855763
67.4809982022 470.367120847
77.5994373371 107.682809576
267.132017264 136.915745677
83.5870996736 486.156507085
199.42464631 118.656306857
221.021370728 113.469243338
21.0179198759 145.777678878
255.193030674 339.363972854
38.3161262827 157.526918629
87.1140486495 122.044806161
287.569021146 151.462133555
180.105258521 139.208359052
513.642265471 125.463710503
114.356348078 380.685456916
675.368934351 83.9072867845
108.573688824 145.251779625
9.62735624981 69.8955826004
29.3853629785 106.124679081
62.0423397427 142.638808564
193.098803812 145.039860554
48.1100770507 216.015307919
162.509929394 391.496130974
685.722847179 151.188670435
81.3336969419 147.584004992
243.92076531 130.687658038
375.575309789 219.751776206
217.551331219 164.476378749
509.20684526 101.195981367
181.265214896 127.085667059
144.337422916 634.191675758
205.894766916 155.982495281
187.030498256 106.978141245
45.1489777937 186.852576829
48.1113892164 61.4499676594
96.0199228026 626.37667688
102.742613956 349.546350821
137.90821173 362.081884693
