398.771121535 311.102305198
310.512130647 613.216413812
429.38831748 571.585823264
370.446106868 656.05654644
360.519314477 580.665402934
538.595986148 655.434627534
343.045091305 459.517845805
423.394140222 122.478934671
384.343649935 177.996427038
464.722104092 619.317807347
500.16983088 579.154700824
396.93951638 270.638701602
564.353406001 666.842469558
448.909046543 543.170353491
346.067435122 595.4673697
332.060374186 643.565834841
412.995271812 561.241863727
376.360855815 118.506905316
437.863883368 609.108134125
380.120025896 420.911954238
404.561526255 588.664324674
379.51869179 100.523458966
432.622960957 545.40644842
345.607724551 542.706077106
382.842920424 380.888951331
587.283039441 657.52656236
296.84805148 604.784124759
394.552286317 222.141102755
359.00274936 155.206128654
208.624327661 612.764924959
365.382998005 406.839315192
407.533682872 400.115291652
525.660195903 645.987595018
533.186556389 610.9690958
266.815016748 626.852264856
406.532427747 656.431958406
433.243370849 590.378724734
416.921760853 190.018104715
522.155604248 565.204634152
380.278690772 276.407060819
169.075719839 601.047382365
380.218630584 466.373217953
335.921307276 601.102891685
383.4484463 539.604996843
383.225880644 558.632007452
427.798072562 375.063159957
179.648681994 628.073150684
307.140142114 631.21299356
588.657064785 633.269406648
463.730047313 590.094295966
399.048503329 441.684546726
379.035029249 621.009556636
359.783736773 640.33311782
392.046895903 571.077857808
387.693642211 242.866950405
420.461123084 101.305356896
469.611008122 562.915697023
443.700495957 625.580051127
354.49267547 245.575620114
553.312870208 633.758859082
609.834749525 667.685725694
429.896898909 159.196113289
508.152791024 654.413572714
386.42505841 335.492928549
364.11262201 518.319839721
585.921728464 678.001005908
335.504181663 506.860182186
497.525519476 628.885048425
417.597294752 602.560760086
361.889648363 118.37451095
367.289385178 201.028458737
348.896610242 606.677291642
367.983691005 351.57515423
439.927729364 641.194072711
375.619465511 597.586967924
365.471372891 309.130765714
417.192263605 621.207624772
364.410874287 487.168394451
401.887041468 159.148139735
402.542112661 120.499108996
413.989549387 136.479779353
372.299787325 445.224355792
153.060718623 619.38256561
296.780754122 581.041297523
342.226291918 574.636339503
500.988629439 600.189631614
403.688865957 363.123125438
352.717679987 616.078233764
377.587358833 583.639654265
423.178272789 338.812239819
346.605655194 560.625781289
400.298226195 633.067506479
577.435370585 644.075507319
392.183167287 140.711609011
569.588278615 409.840407105
409.376661896 100.461876232
331.271623365 581.927969762
427.664089165 255.771538959
187.965214213 581.588913353
393.152827398 599.690081075
