444.252823488 662.495601027
309.004051581 552.321178869
577.384605332 659.610369811
545.277571951 218.986120004
126.999599412 679.646907276
101.955689705 750.62261434
118.567291943 739.23293087
457.794732265 647.762305371
287.571955363 684.927382023
288.476709097 667.182314548
311.14267332 767.684730296
425.028240302 676.691709675
208.307563511 712.402090746
330.806884446 744.883369934
171.835253879 675.676695994
154.43428628 763.640503111
468.87713512 679.996240699
260.374380248 660.280449202
382.743434768 630.190055984
325.554914104 520.013582122
338.76653333 605.406769935
617.764341059 646.337340632
555.066870017 117.519817488
384.060355629 682.972504481
597.802921002 640.942312083
111.237891822 784.330634145
579.878593741 607.593200666
295.955963614 599.621021585
658.424058256 604.257170387
288.434914964 491.792690277
345.275260017 630.909586584
383.417897918 704.255833341
314.870425716 700.605451784
374.320138868 701.920068395
679.838652484 655.140122318
366.948414565 672.377210568
418.908073571 657.515577514
287.09699851 386.114800587
360.165736237 679.190796805
699.605462146 648.635398712
328.038466758 331.023740438
403.293720917 618.784681389
266.918416217 615.387796606
242.200597148 740.091329106
557.344426451 632.64648249
353.528690868 755.035457418
361.066923572 693.1594979
648.515289224 640.879592764
380.570322557 721.325717168
699.540839038 676.812555197
310.323814036 372.025572363
316.973288107 469.436244232
320.776813038 415.202107488
130.707410859 724.919843318
526.087468353 208.523575895
245.88325977 690.21936901
357.659522439 704.146951227
337.00064564 588.440097269
359.931970485 729.593230843
340.652484432 542.7185136
622.977264029 683.770163992
271.763604949 762.188933094
686.190288103 634.474797135
356.832900749 353.956264828
583.107673735 633.343345343
130.00428079 778.794690275
318.307483041 578.829322151
348.244001258 395.546464992
314.982764844 614.940219457
372.442691231 646.617895069
331.112427575 719.649007494
253.463101183 723.593760913
358.514811076 571.406507133
302.815038114 734.180283516
299.153791839 345.757929344
559.007029652 137.911466218
91.1503842789 728.664605399
614.155451289 610.774801937
382.504349037 594.919508502
276.797542967 707.885096589
372.81789647 620.99985769
447.379904379 696.631334764
335.67073611 370.441444761
217.466868685 686.556138108
94.4429405134 719.222658434
672.102019859 687.869771999
334.228061166 683.138172634
300.372356468 543.384499061
327.087601891 713.097033019
297.204088627 446.937004574
661.776632661 666.920349763
325.087584812 352.3897558
316.565997564 748.164280156
342.906510591 736.675555275
170.134226768 788.098961068
221.07836019 754.801971263
436.928407414 644.049311422
341.157582832 729.893448051
151.756308918 706.014597797
111.138622967 709.623231525
