452.181869267 207.914645209
256.835160018 139.23449963
642.129495597 206.955720051
549.776541384 228.712717325
94.1873807352 225.657399338
156.423879343 325.363175534
156.122295896 301.849531425
466.806365268 195.280247189
160.796184114 254.453283262
150.051105411 240.041917902
110.388259471 698.092993184
421.343861713 221.721882045
137.997671014 267.972140107
120.680805361 682.528073425
109.988148382 228.245785381
122.140248971 413.878714204
469.382992586 225.408278337
132.788785004 230.437483753
321.066855736 196.102331146
241.87902282 126.726817514
275.180122325 179.6498476
672.551330054 192.348881568
557.600000542 121.892769831
149.799311663 528.560583264
659.643595101 189.471410812
81.3379010636 466.461610953
657.123364842 159.660506843
255.375847798 171.575306039
691.292477679 146.418358675
174.117740238 176.89819517
285.069441401 198.914661218
149.833312431 654.142235508
213.517728224 331.000639237
132.013482275 549.216217239
697.838833511 197.359381696
156.454088752 465.841951624
426.758969473 206.143610158
120.81594701 146.771981368
126.569110073 505.955992965
704.763969827 190.102815645
154.968491035 115.653062635
335.206570718 189.437154801
224.003867247 193.413872433
175.550126771 346.852537782
623.84055588 183.884595458
129.836188422 698.732675091
92.4764268758 606.550975707
684.876930839 185.163302866
141.031421674 685.024864426
703.663245575 217.549124378
145.491217151 147.264865752
200.661841826 164.465331893
168.054965443 157.008601704
119.78099141 273.474460952
524.578827865 216.854112708
134.321704016 253.801377491
111.763735337 641.621182455
284.667421772 168.295036439
129.183667905 660.242735108
277.105019801 134.377131911
667.670592316 228.175604342
101.02877949 480.334043701
695.583962895 175.624242279
196.290892334 135.041103956
645.12110655 182.625246341
100.161494605 448.919018615
252.74507563 160.240568506
188.335718711 152.514394844
258.000890122 189.02970982
294.688468681 217.943686413
115.839522997 476.54445369
179.480586908 309.603405787
288.813431062 154.302231651
128.773730473 446.733544121
114.766740509 126.050362061
562.91011268 153.597672181
87.8603986035 272.441879933
672.633758993 156.728790082
306.5372386 169.578898178
158.656663888 286.618857529
309.173418677 190.254189041
442.88127613 243.631091769
156.365185712 137.239143662
119.33345045 245.579537602
96.3066356425 265.652686261
688.736560269 230.14368935
218.039608227 310.237393795
213.656806027 172.592678085
154.895281061 426.271148151
139.608893136 168.3779789
682.171687843 209.513239506
140.35010469 127.767335543
111.816130774 667.572028215
96.9605095527 625.775601166
57.1440188416 475.739722462
146.387186888 386.008550217
442.986207591 193.225499014
106.103640938 532.832211058
105.247804564 255.183764061
96.5587055651 254.184319825
