674.836371348 157.892635386
667.373927729 200.015797367
632.328852118 385.276267295
347.94922255 229.897128054
558.349282892 535.276731485
179.537951538 273.292560277
582.513224967 144.482630102
735.944730788 80.2308523305
712.516376713 71.329467161
655.976349657 302.919775273
681.884488857 200.959595023
660.774280896 183.173572076
286.213032549 223.652200173
645.512147572 189.510836709
594.686546759 104.943286708
560.990316755 573.575961202
650.866920891 272.228484992
724.020355796 54.6319773598
581.271267784 385.68906253
607.732512047 363.462685267
653.880201795 213.031230485
721.2608367 37.910829086
539.83996749 131.774264788
569.751838366 117.146863893
140.366515333 263.409404812
313.023762293 219.633673791
142.585991736 312.767258805
684.069675184 109.363210037
676.091329028 45.4509483311
286.140214214 179.999479279
611.492231683 124.996794266
693.268597651 198.302805247
594.654518962 315.145434877
590.517428385 374.940473801
159.718537506 260.460301731
572.523425492 323.508602826
656.432879118 232.932381381
103.298527119 265.203992354
633.156582885 266.707832609
655.336978921 146.798666245
168.048988137 296.635351525
625.300870137 198.345045023
648.730248104 109.16654319
642.441637457 334.378164678
618.937415704 349.219677886
685.624880011 219.010805425
568.80484738 171.434054005
553.061580602 144.139056133
491.018345918 634.457408248
620.573144767 269.724444634
115.184058942 270.26838925
442.910400457 474.777261974
597.741589235 268.589462108
628.968574891 306.034281055
682.119305934 83.1730325687
704.125684411 81.1356435486
665.104445886 255.376805408
602.198612389 391.955937784
668.903160337 70.7853024668
586.241147595 448.863929423
299.071541453 196.880569783
706.616239031 88.8159406619
340.449153743 158.933535923
93.4144755623 267.878093418
615.211029878 410.45503872
340.97719439 193.0163651
694.745925432 34.6833153664
593.297656136 421.647645022
615.865897814 283.212447159
714.664340768 19.5410196781
698.596757455 55.5564239108
542.521267737 555.166507718
632.627610579 151.524316453
576.504498204 432.797145762
632.058395119 216.504969416
674.772334845 113.921294446
579.402680213 403.262948551
95.9591617357 297.697935689
724.056781028 66.5033935989
733.211995165 54.1281188129
684.642526937 161.376782138
667.170163616 217.757189987
269.324491253 195.815800314
111.938360993 303.800691784
669.631512867 88.6024626269
604.441810074 304.6592651
107.018184281 284.753882774
570.954607097 550.20023958
608.685004337 435.158005994
129.607827129 283.22686818
676.033529965 65.5761739227
596.128462397 330.899905059
312.204888336 170.491187793
691.505258742 131.462473826
700.041519392 99.7149465452
739.224753442 31.2145787301
148.437213568 277.07963715
694.643551942 111.228135215
321.267243815 137.193260119
630.486081982 238.296686886
