263.522556856 680.387483888
605.801073213 59.0115875642
213.970806857 176.314262389
262.913810155 114.558666643
423.336945664 64.3595322356
371.573261516 102.277861923
619.614739938 21.3953134738
551.358260117 83.0295537544
178.840784958 124.468313407
295.866683186 83.7901464862
157.447021714 111.297369488
105.230627523 57.4440984708
398.023216779 92.9908811569
175.549844613 185.393573449
336.793387816 70.5024322855
219.893771055 75.6938875065
136.881708517 42.5149440675
277.875737761 102.32394243
695.889318224 52.6291872675
370.405990191 127.490699715
583.037954244 93.3032189726
108.56617217 74.4925982535
667.421066774 20.210135025
319.396629115 90.6054495571
163.31011585 646.550446752
252.854318227 90.0568592812
685.23371625 11.851358421
359.366652962 149.455197117
602.059728541 117.997672251
581.648543799 29.5700915221
543.229841275 108.438623054
176.525095107 101.619149513
643.890868278 28.7996258292
148.243215793 78.4630407602
424.261468059 80.3462175912
273.722326646 660.33120511
346.181786755 102.277157324
324.548517728 154.567585844
676.35243584 31.412098632
536.424554789 130.706437304
335.748576576 131.900433928
696.586142948 69.68218137
415.117962915 49.5977807704
278.002507586 208.222762615
476.588964686 95.5092662036
506.757278657 142.02611333
117.809326045 27.1856508646
655.037491564 66.5733994644
218.623421971 233.761024905
242.093252879 196.263109199
490.184866479 71.4278774562
699.000163583 22.6271348741
432.771001172 91.0802647616
288.855831311 108.355698709
349.419526126 115.694511728
393.893653139 74.6271956281
89.5504446242 63.3820854836
412.718398189 115.441792255
214.935574558 206.341719473
527.192576485 64.8624451382
113.003427045 46.4768604568
538.566097471 146.123564153
564.198756591 132.430218302
628.112935905 37.1945648733
107.517679019 10.1148193962
283.121043709 689.66605499
539.919729455 37.2528374336
638.665578265 53.1201902198
497.164392086 110.841850564
619.779454919 75.7027916406
118.643766027 66.2780448122
314.101519421 105.46198166
698.863719676 36.9725288135
82.0033367067 29.4469429614
306.923700833 124.105742982
278.631094846 143.941644228
345.24105454 83.632328582
668.882984499 47.8281507875
714.70426307 35.039444619
502.437740087 53.0556250107
699.015346154 50.1949121044
201.929506207 102.779530304
566.035164951 55.7616862649
227.911342699 99.7963682283
367.364947785 89.2781802965
193.694020211 88.4438945295
92.1172171204 23.9537822881
294.445745271 181.044127227
72.4201293174 65.1876883572
512.555173797 34.2235704499
247.837149849 153.205437052
386.79197879 105.277638153
129.173232811 93.7207416016
452.514263372 118.071115486
223.530373753 120.676777001
258.438378996 181.273215703
658.12847042 88.8319631936
190.446800461 165.832924879
233.649772204 220.218727594
369.410902965 67.6012246078
