265.044147036 610.723433248
403.698258619 243.946954838
384.012302083 211.635099747
139.068089193 616.384740383
434.816748111 271.087653591
180.785742646 283.307420882
608.59267371 162.400180781
651.911265296 182.087562182
253.100304845 573.134648791
259.639739429 302.053941751
416.242931624 218.895052557
107.906614421 641.001435643
673.090740007 248.594234097
158.020677388 637.902510536
201.254328953 119.004798857
651.212861042 274.252988608
120.901269223 659.697867094
620.576781722 196.514249885
181.754630761 259.988294107
550.568742614 171.102548987
181.496529455 635.065723392
228.938460171 339.049379621
196.359540344 681.813101524
90.7646738113 164.408977745
656.55555825 147.849631865
289.756664489 622.747133722
136.231137332 149.641881526
511.11567926 152.405924921
139.494442325 125.336458105
212.933469721 206.039414567
141.62143565 180.123272042
139.010684404 251.411885197
67.1240135235 214.872523263
215.854690853 313.922484508
665.714560443 205.744320528
174.904130936 695.660797118
563.830898081 189.426951409
165.517026637 676.446921932
154.592903639 153.43106413
161.402479199 241.221685148
212.63251186 654.01101678
358.556754324 249.310971375
576.160234051 169.263160142
179.090770451 616.096560819
235.180741414 301.546004678
196.308997269 253.854057827
234.109942001 178.136860828
264.170150344 157.439256934
153.237625078 111.950372422
307.700323814 603.585814664
251.489623645 274.704431628
115.292350017 211.895759339
205.742906439 669.285723584
647.472861078 248.146627177
186.503789016 641.592489809
635.744945952 154.302358169
338.040123972 219.916022178
663.809078161 234.365258536
179.049136731 103.123160736
193.723074827 169.745643775
635.840545101 217.014674786
320.893051981 581.844697936
221.346011846 284.749498991
109.484332063 119.293611252
218.053474947 566.583303374
121.098584541 608.328382902
161.608205434 599.715155346
216.73869919 682.541831623
579.839272341 222.576148898
83.9803792091 224.736858431
288.661397066 590.447432397
181.135771611 218.303847364
627.555348986 178.406972412
71.0747286774 197.527008109
300.2627502 568.584479912
682.528934539 265.731368458
580.409182801 193.037176081
613.7100258 224.472108428
210.03858861 645.475783949
292.569684265 221.077891463
197.739266803 279.932653015
318.228657522 253.04020626
180.926220445 660.903257575
583.20128226 147.771821845
239.243609643 327.24508928
216.402210111 636.562635485
626.375295268 240.818847941
187.260035954 703.025295482
614.291942723 133.275746378
595.978601789 215.50431257
593.440245724 202.706931211
589.826401706 182.901620579
135.914306991 659.19667701
240.352341474 607.022280663
208.144823318 149.99010859
201.431967424 702.042883537
132.067781253 99.1431187025
154.181498498 196.689234281
168.46407741 142.66629293
110.979162127 163.98659822
