519.506759699 399.002318611
536.420139267 437.293837393
734.674638643 583.104758345
402.359267231 531.423118023
683.475364897 614.823745036
262.558993124 581.726773114
466.92323368 437.195748052
574.082268835 187.239080853
549.17037088 198.186421117
748.338693507 546.497672875
574.4187986 446.396356086
521.853336461 429.343630136
321.019674825 539.654444867
510.678274189 444.291402005
484.764435102 401.617545594
699.561450357 651.189864666
698.290058555 520.289564038
549.965266882 135.955720587
564.130592284 536.874980665
647.000238672 548.3188274
537.569346844 455.716369624
556.503697744 109.290241486
455.908289683 439.241113882
459.71000891 416.406088881
226.941259062 570.64430411
357.963750861 534.193581052
205.48372714 625.121722571
531.791416525 331.559917145
519.850164865 136.318311864
317.158670064 496.492447817
491.075563656 416.703109883
619.422549402 450.762214319
507.376882694 530.744355958
592.680664253 532.699113092
247.639139751 567.678850298
474.483002872 530.484037226
546.298452323 469.460608793
164.846005244 575.805141295
608.865468806 497.743854528
512.894083026 410.456685561
240.855895131 606.99147108
492.916345587 460.393048605
509.254847589 381.913094502
709.748573444 562.024748332
682.772082515 549.111358197
644.697486728 485.975652127
467.174974462 466.339177292
456.458544691 446.597648966
505.654351213 614.075063036
563.818935107 482.860937175
187.988512437 579.772201089
439.143006092 496.757616106
487.1553593 489.219305748
726.008772071 543.913819314
538.08158202 258.829451525
557.880677383 227.327830518
728.430234178 515.209797851
605.787632922 558.453230755
522.560344532 190.375279254
597.317792631 601.321090537
341.492405564 512.905755009
567.295769133 271.119801687
396.703115941 471.068217439
140.033164169 579.54646266
673.38400316 584.195080995
386.234593077 509.172417028
533.055719675 113.81039592
620.67716847 582.062464944
535.920564011 498.116317962
546.561710043 98.8814859163
544.769154983 175.855397822
687.788651385 633.514280758
502.511542363 430.793613656
590.256969094 578.043859242
518.128351713 459.356645065
523.079693455 353.363011264
576.369844313 558.947688021
137.896140385 611.169354457
579.801273583 149.347413343
565.852454476 123.644437764
551.654445561 402.851828889
607.547270603 469.665332686
313.402759305 510.390187913
171.012528268 616.764920469
535.225477037 295.140429358
582.275000309 505.699948179
160.089889828 596.167810524
720.47904308 621.024535363
704.578670329 592.805898143
198.265479096 594.003987547
543.497735956 155.6050171
542.752855004 529.735592709
363.334850403 485.56921425
547.236987289 373.125296589
570.905162295 299.144326886
583.760818812 103.347730631
225.681218489 587.389367249
555.884714499 322.83525988
389.760630112 448.28233488
521.339931911 474.095074927
