662.003364784 280.253849771
406.445692048 367.285231401
667.899256078 448.184402069
626.317737887 587.634193464
555.648985313 394.565720028
747.270125464 641.145018023
530.154438503 320.10417653
693.175440009 118.525765491
653.735464769 168.849601335
722.112810768 553.630235449
743.931225632 501.89320904
664.994017913 241.765277012
737.346493656 679.355509225
681.177725486 408.707168244
485.428611357 366.936024518
521.557190983 453.90106606
643.1931573 421.136435974
646.157898858 120.956719473
692.717731409 537.189435569
623.048686095 350.801521948
645.663289129 470.298728851
649.099901171 99.6237474159
656.717026279 396.838674376
514.447276344 342.958156662
630.536536157 322.572782024
771.832800902 664.991947178
375.953031869 350.197188537
663.274573655 201.082194057
628.381168243 146.167123453
140.141336442 351.760850281
586.000662775 314.499608145
662.445732015 358.27496039
753.960654178 597.389762339
768.437545697 548.443892861
364.30404242 383.050069353
665.895976643 599.804905248
682.592228621 496.262486883
686.395371123 177.101677515
768.353856972 510.872751023
647.079573963 255.685092573
108.05123794 338.508938065
617.870600745 376.206855101
445.306812602 358.347234436
611.334850265 396.80796016
594.617944432 391.156113743
685.617473205 336.290605758
123.950186926 364.096559082
392.682321826 383.365539771
783.279626909 617.404598825
718.625085953 513.87289135
646.129803029 371.867871655
633.313706781 550.450388865
593.23320169 545.02086596
623.439167393 433.107630783
656.108413018 222.504780097
690.184016088 99.8108193054
701.846186307 427.830788779
701.349647841 561.179053914
619.062513458 212.050065506
774.375767623 600.194564769
756.687329696 687.921657381
699.555333048 153.143075759
730.816476792 619.112601409
643.644489169 297.425470705
572.060180268 360.599448512
743.501635535 704.790359646
479.924217419 310.952620633
742.739754224 575.90279867
672.117429227 526.040400673
631.737224305 114.517404867
634.969920696 175.119007063
532.510048918 410.534412302
621.69633515 302.116100516
699.291723192 582.487588848
612.19867767 470.040054291
621.979999737 277.073942395
676.59126514 563.139609018
559.437636295 332.703531134
671.480342826 154.047138358
672.336196601 114.721707562
683.478148368 133.586460005
596.615670444 338.587061278
101.104571967 359.901730391
371.930261712 323.910958807
453.965333153 332.029026106
748.47173248 530.100045785
661.046714021 321.933015661
559.251928013 445.247538911
593.453568106 422.207291086
682.024146912 300.065122904
436.030150969 306.344727961
659.014062091 573.406105261
758.854933884 647.097995754
661.99996961 138.55032794
706.718670547 352.408732495
679.036949529 99.5111903739
409.283186996 326.015534631
695.99313425 234.590736359
123.154981818 319.771199123
644.548615794 506.689339398
