524.120577617 165.521533284
627.205047521 230.649059777
548.187171927 365.232766332
612.198124879 194.416418178
573.575094513 359.813146056
116.134463236 112.409708551
137.614987594 177.422768046
442.444855698 171.67077728
578.804324732 336.232244294
622.162580263 108.697920266
163.04521875 147.363012134
550.308920215 320.544149188
577.521842401 91.3019872561
639.139772573 216.042774259
581.889888211 181.444939511
650.980276353 169.622924725
629.273145216 194.908689219
608.500508193 269.998334305
604.29373816 340.071775051
560.466782864 133.273982007
674.098161627 204.902192712
639.048649341 182.023180802
262.501149277 185.371612649
587.915913391 82.3465184677
400.165673744 170.496144475
557.252740494 104.543667464
610.03646202 74.7328465347
538.296415236 129.270821206
640.972393046 269.148160173
178.566867932 172.459082504
98.8166837292 124.686636069
564.212943394 118.598669374
378.218833567 134.367014009
604.682963292 120.221966008
528.78314109 238.460649081
202.077016526 157.927770829
623.306179281 91.677810567
101.315579024 154.552315174
295.076291601 194.375407806
605.570658644 60.3554579626
562.707134261 171.44952182
538.520189166 280.070031854
410.069086846 137.763398078
653.070209505 112.804489785
656.233433078 189.242659628
558.63714777 87.4617219769
620.932659699 155.605957771
659.484669674 246.45069604
321.468617967 143.961157689
488.973656033 175.962589442
611.62631177 246.540285253
225.911098841 172.199485631
553.050719844 245.518860527
592.753893303 93.8752390337
569.050058122 136.496594246
506.150858476 170.882499438
632.246554105 122.852243094
285.001442789 161.652441408
592.168401505 107.997765618
619.699516994 206.638594504
519.318667172 129.000306646
132.044068532 121.331970039
654.455046513 130.729106929
626.210618759 303.845689999
526.38362279 89.0497376786
547.800636136 145.189267891
527.284293045 322.999410935
631.386673498 244.271135408
517.568221461 99.1242283488
602.778646953 210.390746426
573.004362379 244.762048346
651.206956213 149.491689777
448.403056248 137.903455257
575.255494384 104.372283395
595.907055329 146.445435601
497.035623617 101.954296176
504.438961375 313.013104434
655.256754543 203.942598838
401.962035775 193.506730574
570.804141065 278.972462458
564.097796814 217.130191205
123.231275275 143.989498014
615.216611131 169.350025172
244.236295311 140.264486681
631.430686011 137.715921751
596.190375782 296.38637309
538.089161295 102.589903131
550.220281848 119.670445762
608.377228328 129.610100526
277.594842577 128.030152984
423.841220305 154.644581333
468.476091801 162.977050208
361.87936972 170.726565331
652.07350239 220.125228277
524.375115951 344.518636364
487.738906096 137.494915455
584.265518116 311.839911822
594.630153954 221.745280405
96.4104457736 89.7023657836
616.135507146 76.4545214278
