633.548567393 355.749769159
135.448639117 280.148006985
200.794867862 383.529613366
154.514119389 296.545624256
272.6752315 601.849112823
204.944537639 559.042735668
58.0221083824 313.627952466
542.741300746 388.205126156
297.905320843 337.279747394
318.425682081 429.362228144
113.619727308 249.361654855
183.737061247 192.711889162
224.332244113 623.788077807
57.01182881 245.783077068
234.703517738 689.545076286
328.318015785 390.847967663
232.994668627 337.517049301
249.904232058 562.868161427
277.311300334 565.812769305
413.53424316 361.955476297
223.881537174 390.452014759
190.126824609 306.135451389
256.007412468 702.10458097
96.5642402681 325.57612827
83.4760972361 357.483208804
254.324544075 688.338292863
181.043865185 564.250491931
540.345086193 435.936960802
78.389081473 193.185681235
234.681221528 377.333787534
407.598093213 407.821652512
126.54891859 232.151137839
452.248623735 470.877694907
90.3119548709 240.089893516
363.057685885 422.701386636
127.884480891 304.588321093
380.493907619 469.410811183
542.948965433 415.43369016
168.971840199 233.517647123
138.947544283 194.216608604
295.558698035 491.591895348
247.479302815 621.460486031
614.322848732 337.580736322
84.5664964975 343.445723959
223.830724595 545.006213078
233.822069913 255.947234802
255.982487575 670.540890705
99.5030910481 386.528626478
222.411968951 585.378431907
373.291012393 451.054709807
80.5158458622 225.870821612
98.187017315 352.916586167
415.662366298 462.897879913
197.589089305 354.526485302
275.793813537 699.45539407
85.7706909331 278.716882149
154.244548571 345.173296785
441.360239394 420.563356009
456.277540371 355.032164489
472.34710184 411.42594261
111.399864456 328.46803841
510.786896737 402.487087572
287.976169562 395.308339329
545.074082836 475.698035523
109.286091137 280.264881831
135.26774175 331.2779307
201.495266267 270.906921853
116.688698334 380.638980934
260.654412168 541.324745899
238.448351491 521.24154092
197.453825796 228.325955453
131.819873758 360.53545696
235.266460006 301.425071361
83.6245697441 316.211225207
480.056715042 448.166383987
274.779397276 678.262710015
514.857710002 427.62534123
62.3394554272 278.63960562
95.343507459 195.069934722
312.233180597 310.20656462
158.45091976 199.846863922
454.856233047 388.724480756
511.89060303 465.205437783
257.12923199 639.635847894
609.456263593 359.990065525
266.940704553 360.010134866
142.505290244 238.486911344
397.50509605 445.466246532
396.971121724 385.596207665
492.541273583 383.355249078
168.967279947 529.606242173
67.610040308 322.9537715
235.010039044 657.949162788
392.067043247 283.716589902
98.0031755098 374.465078209
233.03040265 223.678244223
106.3268153 211.088192441
527.570005924 490.677120928
111.564927012 367.558855524
96.0620970328 302.406693343
