473.043133459 468.60370384
549.008025616 325.884045776
420.261155823 308.083865987
475.88413181 268.609833263
504.874656103 263.777733456
501.143752748 310.890771376
631.499295274 196.642375005
565.431204768 197.049663057
442.735784568 264.381660512
112.003108355 179.742652883
422.222844757 264.932677028
182.368774778 244.925648295
532.169617114 285.667726121
99.9987090607 255.805417983
143.689305162 182.820050408
314.241426924 234.140304186
308.698187718 251.498544838
283.295548793 229.212294714
587.008219964 318.298062563
455.956700708 419.086783269
612.941679049 209.819767293
123.156838111 255.998229689
666.011403568 189.184456712
208.452336465 202.817096176
404.52825284 306.34493632
103.129697405 192.718643683
642.222730996 166.993982273
456.125151388 439.9736167
585.911293916 230.314603921
595.735328076 185.141642074
582.002359885 248.102910255
456.823832107 266.19351301
650.513011872 205.825772134
401.171925389 269.44901218
464.794793373 397.400203288
479.000676205 490.757958523
373.868288502 198.249883083
441.581421392 484.820747251
678.230577381 202.517833206
570.58164795 272.764863612
468.124706727 346.754089984
677.594609689 251.241893157
488.315919934 248.129381353
461.405214684 288.517277838
532.834497233 251.822213183
485.685060626 367.626868675
258.451079143 239.139905618
633.014416206 265.833102915
155.33298036 261.09079944
444.680402394 296.01084158
492.952732515 225.886761885
686.315204528 170.190347949
604.865712986 238.605094902
339.25281729 214.485366725
484.626443273 278.155578242
468.051038365 235.220291981
124.554622106 233.508964102
517.683626332 324.973197968
312.761803167 272.443062059
531.174212455 223.505654963
144.500051753 227.388734179
496.807964721 426.592924361
596.684694148 276.133970773
626.120703577 227.995687594
123.059613471 204.984284495
471.619668038 448.137124377
539.436147885 196.014908177
532.83691598 431.583988415
550.765129152 261.003712489
494.958137412 463.003524105
285.080030407 257.841726409
445.366608756 228.158683227
696.161923038 213.061380131
100.638760024 210.264301109
508.461740022 274.175312568
477.791746674 311.254504865
256.604231821 198.701236893
647.317772181 227.109630947
703.394897304 181.34097733
510.97044783 229.151575059
647.193171155 280.102852037
432.431555597 244.406071309
565.29389571 215.358336831
396.455005705 219.54223691
461.28028068 212.759786157
359.308770201 226.307707514
166.66090358 209.805744219
432.361661011 444.321185376
100.294851849 222.52532714
394.017315606 179.818337547
440.318175114 352.827724474
451.228989056 470.758897996
282.704321589 275.529192331
553.293209017 230.84027069
454.099138977 305.822354593
420.469918593 362.393173224
667.016472569 231.035204682
340.990946086 253.32293897
427.190415926 299.158424278
299.960389249 194.72030978
