207.508709522 333.883571542
174.127088655 440.644107794
229.886825597 329.586881548
235.530489943 185.784841697
216.176421258 442.951712399
139.65084021 325.135085797
211.71417969 409.753532036
91.8082945407 336.965820018
102.750659024 207.592343463
161.915619582 341.829543813
237.144765116 450.222384608
149.214862063 374.533060075
101.474921892 335.259949534
144.169107751 139.406427105
223.537307579 91.5630907595
146.332996217 651.053644918
269.676761753 171.063129726
140.922009772 433.718281406
232.828355211 425.392687439
251.263716369 352.494862704
255.617512071 289.481100055
196.832106311 358.036886911
186.01418824 382.101448581
216.267363417 149.95538786
241.745154028 319.692959647
101.277660852 144.195363162
152.267536719 101.332885623
252.900791187 120.051717525
195.370089026 621.3066691
173.053237658 146.355108928
216.822585874 127.495760984
112.141773794 373.270084715
90.1124599866 327.92978218
112.305117446 341.655863854
138.427772449 301.984848753
215.62599669 377.09842557
261.280744125 134.767627396
203.091040171 492.300568269
199.214031987 105.869314498
127.451519101 157.597075764
151.613004454 683.438592594
194.845242971 141.923152828
200.386999676 642.802640753
156.356772256 178.829899119
241.889445571 204.375489831
176.269802159 545.961227762
217.512112923 111.428367753
234.760891013 104.00530732
197.461155572 90.7596079189
221.222698135 174.422365418
229.183957852 145.502376475
190.46660494 435.392767538
163.850079417 597.838148841
107.556797543 366.451781973
93.9603131169 360.550831695
194.562517721 199.635737828
203.537727275 469.303324696
166.331169339 163.772036048
178.197251947 79.1971521293
561.131515048 515.948974952
170.158259824 656.836740591
118.371226054 377.549536224
246.974814585 105.624991694
137.350790646 94.2538813738
662.915317012 530.493619083
107.911941141 407.597499542
173.64325036 674.005575346
165.116005247 472.30634259
549.299027786 497.949014798
124.152539454 183.953257551
142.16014426 207.826022384
165.855021878 217.219865133
200.381807458 296.677215917
219.825397017 296.493983494
172.012586936 180.208247501
175.98178701 581.500129903
130.612601549 261.519471887
135.556545006 121.519359432
77.0820508554 355.535044535
165.062259688 129.328766749
176.008273467 101.533080669
187.286428292 127.072291456
128.875411045 350.933143613
259.714234342 332.52562447
223.986571078 480.97108132
81.578884778 376.676820463
205.90335599 166.470057949
174.095557427 317.82626773
167.181631077 412.021647142
538.780821448 518.323205931
126.542606199 408.955806821
190.513158962 233.366998281
149.326534389 566.61080278
106.736505813 300.223191319
196.325996922 597.056040057
72.1227712183 339.129610078
167.465172131 115.887536816
168.459124106 627.594958941
192.084135293 568.159783671
268.183283227 215.288791324
