597.266430665 417.983637806
613.249000128 158.162215383
649.113347962 187.589135599
652.250665123 173.4166142
756.473953908 579.703371329
429.366719441 543.916783301
267.993369385 239.010143284
747.743244417 174.047340221
700.956934032 191.961478285
634.846531315 247.439044255
434.679027933 281.233265693
690.188816409 132.685881603
694.70315314 613.578180399
368.154906183 218.003081117
719.402082487 675.686930828
694.694223769 215.651731918
683.630406518 182.690121552
733.70126714 556.314140052
768.311813169 547.33169729
745.759828605 110.724710899
638.601622934 224.35555573
670.218014255 171.880246455
744.832922992 700.896475656
324.616102557 216.371603763
220.723571865 277.3211873
743.87020107 684.286385561
291.680884492 554.736753952
738.105227102 286.58042115
407.859467964 207.68111688
670.608043196 202.029441114
709.31709122 205.653830088
634.952910236 139.854171476
750.184626041 380.819643995
400.741223583 285.561494168
660.21540901 252.528762175
589.116123936 162.194760056
724.844427054 382.470650844
722.013999708 248.41122841
675.542266564 147.454533806
648.824391111 122.335549586
422.056860886 469.474126498
729.835770003 599.692938668
580.555127808 417.826441251
231.728538699 248.449809978
705.151315734 547.54269734
720.903520151 113.41819399
745.675427717 660.81381214
220.699170608 299.020361381
708.798958641 580.111348611
717.899956943 348.385735497
400.338379194 238.527867647
270.305920219 257.368377352
737.596085839 355.135404198
659.090001324 168.698920465
771.84678891 700.242275337
376.756773874 296.403050488
631.209277046 182.586162847
693.03518742 253.914162755
765.174295764 87.0710787676
728.072375844 196.097965348
352.30480546 325.277106638
734.094791856 178.133709166
666.187363956 219.969883195
515.233767243 433.819566193
411.754275784 302.853612411
609.69924345 181.90733898
692.931849698 166.950767865
290.788612849 277.329955342
753.022760261 538.908080679
735.340896784 523.831876046
694.015718023 144.07213027
336.44694818 251.037535869
708.517666328 147.923960135
337.242732124 195.850904548
664.18181216 273.084300871
768.887629318 672.217705463
710.980811361 258.12252832
365.473198679 267.883518127
436.815386037 225.034237162
743.523574225 124.559695293
665.111299952 123.627352501
752.335220645 99.2015135015
759.378407303 332.773696562
750.98730206 625.779553073
563.821684959 424.196369401
684.670789686 193.523011205
652.591832061 140.233115312
732.348237281 312.501392922
707.030658611 170.679513789
768.827240918 116.231840169
228.0866259 506.218131466
296.771202042 229.705530005
729.547675342 641.34395769
731.531276497 92.5613879026
249.453959776 265.396345273
712.292070335 96.6717032028
456.013874541 255.350930998
478.650890737 450.719329422
307.22655411 251.669451567
377.260395099 330.232632372
