155.745926544 156.805311274
547.011006135 261.723157294
503.380646748 17.5793428052
85.7955461275 142.362362528
616.500281999 355.839745917
523.978656521 223.679816589
519.879469568 37.0010515799
691.931404113 194.462716831
129.597502803 120.016922391
707.679967939 410.588310265
637.84812139 122.564691903
86.2207454315 163.386129031
716.58344625 249.996908535
110.670173881 163.829125312
505.658039075 54.3536263756
698.893224465 283.945203018
88.0390276151 182.290056745
618.14871008 255.121912479
547.167397407 210.640282901
573.470806048 286.128461758
137.061097867 171.412718586
672.148525079 449.59627457
675.382108234 674.857263191
456.1653593 94.5747663435
692.967775465 171.061712672
179.97053376 174.784193312
596.26511749 108.829031178
600.918654772 214.635712233
502.689243415 77.9483485743
521.552486686 249.755911448
597.185903988 134.472389647
493.053308083 204.385425984
401.541999656 127.122575043
667.962276167 411.512664238
720.695131946 191.506427828
653.827919631 677.891027709
533.018690949 55.0606181106
643.6950147 655.705786351
610.937935808 106.814646744
591.761266069 165.898102822
687.245901136 634.991562644
528.510342296 273.204060106
648.391132733 167.295575662
102.673978873 148.079588124
687.531892733 398.807503224
595.398394947 186.755874694
621.649445503 174.128865544
576.067246859 96.7884221845
536.839086715 88.5329715588
186.832745117 159.245191914
700.423267199 363.67681174
545.099999117 159.294055444
683.107803573 657.899079201
701.591345015 310.286309124
659.071762566 600.960258906
573.072313773 41.2962570571
625.875814277 100.781782894
708.09557851 217.702962842
497.053287011 36.2874428665
570.359932181 209.375850063
671.998699103 225.219691124
191.879918306 140.553123958
674.484418669 371.597794015
496.472636973 102.794362973
112.365634217 106.27308403
71.6010253484 134.976873283
90.5491409098 127.809638658
694.776530603 675.800633769
600.616234649 327.805964593
435.630259082 112.384500794
158.747761164 143.463356883
611.573559148 151.970831522
556.54524396 53.7389647271
416.274248718 95.1130012509
169.734580162 126.974867799
727.214619219 217.412040947
638.847772477 322.431441203
670.657355189 293.027300112
675.746219108 604.501203474
557.955196575 235.62018376
501.56918585 252.093458431
524.156214861 285.957826854
657.068594968 639.72304915
565.784630408 74.6509734154
684.652013611 434.3720574
627.294181716 580.019070266
589.843312634 60.4160860829
666.621860418 700.210956801
648.887108686 191.878252285
681.89429372 320.707317281
656.912531353 311.896001914
627.313415418 288.233195816
99.4084872342 182.692764532
127.470535477 149.071456338
624.949615973 147.61518966
680.680285712 699.006223267
483.685261847 47.7725406589
599.44910924 162.61872043
615.028666903 130.728808907
572.752071929 133.695722038
