638.017772845 341.202242949
90.4409097893 353.12324944
151.128498222 457.76891626
110.860797534 373.056039554
183.813616007 615.830721938
116.926389377 577.301769046
44.4178111041 399.428147737
554.66077048 477.212880022
267.803605717 372.757979242
288.593317293 499.295658776
53.9693619841 309.254931266
96.7612775667 213.527784399
135.583549092 638.585291287
9.88079009539 311.126014552
144.831286554 693.976614543
293.846414286 467.858093684
179.962916964 409.342602529
161.527795288 578.76054722
188.645682014 580.569196196
415.203373147 451.663213655
169.251508721 461.520634543
127.589832305 363.685245001
166.13472784 705.107466447
91.4114470849 414.663505502
88.0926207424 446.827100501
164.496642072 693.241328323
93.4823598937 584.97234629
553.542463689 524.88936079
12.9301276444 221.732317577
181.9286482 449.910112594
404.220487501 497.616390048
44.9021088243 256.560245045
456.403479792 559.326363163
29.5580740896 294.206290431
357.386502127 512.081829844
96.4492315256 386.511466655
375.961087996 559.154390851
555.313322141 504.474489287
82.8457827577 248.637404743
57.3874659932 215.282474652
279.557692605 527.164618412
158.408289395 634.139906094
620.943664658 321.884552307
78.0199400321 432.417935853
135.019896421 558.899482289
151.270134043 285.193392517
166.18728359 675.564772363
100.729055714 476.406523303
134.48353092 603.693608742
369.792372873 540.871499703
12.6846863068 264.567279
104.487598608 442.55423961
408.703983284 552.55736623
153.337583197 431.916903863
185.932475179 700.085956012
51.9555570341 359.631835952
130.807161292 429.720101257
448.631642042 510.245321845
460.654895225 444.568980399
486.862247576 500.150294164
103.550730732 416.324588038
522.709813457 491.565186683
256.212594791 461.142538888
565.563860963 562.847836935
70.4943990507 355.817874998
118.030304201 417.435466518
129.082692177 314.785984376
125.273736324 470.091251936
171.379813342 552.45480018
150.459590994 539.380934172
110.429805503 251.066488339
127.987624952 450.137429164
168.852875726 335.815077656
80.7195420886 405.183896912
494.11342204 536.99884572
184.918778008 679.298298357
531.088432287 516.011017264
27.5731400581 356.779943551
30.0166994033 219.193045834
287.905989937 339.220066959
73.0360261024 223.376261453
461.454450818 478.340582424
532.618345305 552.738006212
168.268590362 653.77910078
616.947757025 344.833961492
212.16307737 429.670533111
60.4872064246 262.823611243
385.160953789 534.528680077
396.189188331 471.9391649
499.651054594 472.892812858
83.8477498362 555.134348692
61.7867145041 410.670029439
145.26179967 664.045713278
402.808548019 280.130373886
100.732366982 464.304455964
149.541046753 251.150702073
36.1393439116 237.671866286
548.131692303 578.179947908
115.363313342 457.268514802
78.8321300593 387.761974194
