281.451004234 652.347120069
312.342980307 636.712396341
530.373328797 571.586040622
228.668736069 497.883979948
267.033740225 664.280225575
151.987351023 514.438145203
307.667011833 651.341065589
311.203860799 182.400892891
301.633883533 264.709779227
289.813905943 459.268976167
264.719963194 610.991938951
285.125436079 678.105873948
224.465696754 560.870292332
377.891533298 127.895630661
325.192596201 284.076964242
136.174378562 530.803115608
189.776385503 473.496478363
206.572250149 575.89151889
253.945838341 653.181330873
680.930838708 559.374556332
295.184529271 482.351079079
373.14258293 513.042344578
521.051862905 549.183838461
320.654262635 106.180101986
274.299635686 398.413147333
325.657866954 363.929112474
313.799807495 430.519122721
299.970809779 420.882178131
276.954490298 629.397418768
358.106210884 97.6494778754
212.803102868 479.637825666
193.947097258 550.95781554
330.68525204 244.336171289
301.771214513 665.633498998
350.965835051 197.06819066
683.495976637 569.066224551
276.892821915 449.007547249
253.07938574 548.915599387
278.842197203 425.645978417
354.806582284 121.253252792
171.442418781 558.362143231
661.616127367 552.595342785
237.322893871 615.43768287
357.874069373 232.79129589
403.81741136 508.321022556
282.335007309 691.194201995
170.983173977 484.139558254
132.108023948 502.415964918
330.758796078 134.52119148
259.737068756 468.649040626
278.589765915 484.731983125
664.351999419 571.854144198
158.340807445 533.990559161
210.759094315 525.612176035
172.339141182 570.673657785
147.535009531 474.055501122
229.276182922 538.369014371
329.189314266 397.756485378
339.101008194 167.400522962
271.097118661 699.901046986
259.811129245 632.938198531
320.146604387 685.099370697
161.591210826 492.06742644
643.674840669 556.575031336
260.262139613 688.894741505
252.613348209 601.569149614
213.345777161 601.696613492
255.8725327 569.472524072
298.731170663 703.254025654
360.454122559 148.234685938
335.920768269 219.080386694
249.278445098 522.516819877
377.973117717 173.368118582
279.835251292 561.638493842
194.484257374 505.964073113
198.00295085 605.438798577
306.413593535 390.294439834
644.700498602 535.365829915
318.134406292 244.791259556
484.251152194 210.605444784
684.537597317 533.550248471
456.548384533 281.354599496
300.711160157 504.573137362
213.263426182 491.7897218
245.848118885 665.226623613
335.771924881 198.98076495
179.394759795 492.395577866
237.316140139 587.938266143
394.07957133 528.499844216
285.408017078 603.23307919
510.004244868 566.455164314
243.008039909 502.70966767
223.104731041 646.451470613
261.65901724 452.075054521
302.3363624 622.851514205
318.462216788 217.528266076
695.058916158 549.861033118
182.790908373 522.308453732
282.969109701 579.334904552
320.399136144 457.135650937
