345.069309407 650.951487578
432.214585557 568.477199697
161.234456736 625.233164114
385.842298652 511.397046415
431.645736194 505.670931396
399.742298734 554.174433433
627.247028038 591.996680623
492.017724891 558.759770114
331.647850635 535.387209646
169.976908524 552.689615496
311.926359329 531.846910149
206.214334361 574.738513784
433.93034023 544.234161667
101.629985955 606.046356754
212.880478637 545.614677393
344.675716749 404.923017928
331.974471311 469.292286476
319.918097865 429.844353966
543.724416952 623.954154363
319.779510413 600.609854213
602.702145113 583.924905002
125.528957984 609.270134424
668.613868426 593.329397126
282.976754267 471.713170729
128.912660524 641.59264707
191.703631995 527.109241386
653.255887787 604.013572507
321.116809932 618.808537607
526.115370792 582.420315875
517.728972562 563.252044532
501.589127617 601.922651917
362.687939368 523.652850221
634.292291905 612.371351025
256.291356262 586.595167121
428.152923645 609.955112275
359.317296796 668.52548064
381.955083738 366.029074526
324.449115333 658.239503478
678.046440609 615.743288754
474.744244924 614.752826388
154.514032075 661.175010853
699.620376746 653.32772243
417.270411338 474.484049207
348.828304831 563.888702011
455.750349481 525.046150724
184.625772963 669.461222597
281.362680793 508.510518372
625.782800636 640.929798687
163.22887998 608.383566747
292.226491428 573.652879415
446.815852709 453.58756324
688.659662482 605.517524501
561.057253959 607.734123047
362.376006851 382.781178086
374.495459385 553.712119144
405.843076646 454.599024057
139.78949488 588.330920526
411.757427493 576.858196962
274.808342956 548.220404202
458.546426901 555.110487099
175.227562199 582.940974137
356.517918533 611.812113227
526.675410276 627.582589648
600.708417133 615.864952774
226.916473537 507.894814404
347.885701481 625.816273737
478.735271075 557.594856376
386.139549386 633.978717859
450.850790014 600.073256745
370.502965808 641.118811414
248.046355933 551.049983428
405.144778543 426.83819109
700.268331735 632.870290987
149.498853647 545.578763067
412.76088152 525.405527974
345.333082038 587.637596445
325.288848703 390.867852361
654.67800336 632.268565737
701.915307458 613.884076575
455.719148631 489.051104849
674.326802008 680.138674459
375.96924879 475.532137917
496.354127653 583.726991829
388.227368973 416.487809939
426.127868355 409.92399178
370.372330818 425.776989877
277.203359292 446.096168171
310.850074431 623.918574321
121.910630664 586.923825561
402.343538406 391.873341985
111.444179312 665.651621656
331.918685623 638.632516598
222.839205105 595.831802342
468.130012738 592.923028074
273.564946755 602.864900937
140.244415051 685.922504145
674.460690779 642.25972241
339.198326633 504.034837767
208.159212205 622.962788358
356.026547925 362.897699752
