328.787910658 549.684183443
554.481175359 653.111997865
252.726902524 620.291295088
372.543801294 737.666837566
363.136018488 574.894365087
104.486533206 601.345733382
140.53072755 668.294577211
503.93341177 489.118646431
101.304534228 719.807702295
317.823938492 494.074342836
176.631220633 619.912558516
311.159201789 615.449906833
411.782672918 706.120989316
624.581765676 613.452502974
111.393683749 695.906832699
700.790501964 593.275727467
655.190107168 566.935760815
242.302984273 664.209131524
179.241605763 694.820093161
226.294514661 541.887073148
673.460798714 632.340506626
653.109823074 607.225644425
423.174752423 417.282789741
497.382686021 627.647376044
513.816477632 417.341816522
528.032345684 470.868016774
207.060980489 586.357208743
380.386470883 647.739518251
468.158179445 730.83773367
234.90724242 617.439966856
87.7661084391 634.772740269
385.624980428 713.812551238
494.882587201 390.663197753
462.884579983 389.767766489
290.083198226 576.452271919
272.566539773 551.186596356
420.925907572 560.035537566
100.390608333 656.387697152
461.966320262 446.945696611
134.018547438 595.99867828
429.201322732 455.235309551
280.250948452 627.051084087
488.455081343 361.246888368
680.818685155 598.723330326
707.143445606 620.21105229
492.889295726 556.792998203
444.195352325 716.046486373
523.779242467 291.001519724
471.59253258 702.45889874
535.643974666 645.00629134
358.317204104 659.982806901
371.142325441 528.24867876
275.073328665 609.635013955
185.943996139 577.289182782
118.610223092 622.887028876
318.216500347 541.583000734
627.705810839 589.461858058
138.270400892 650.096912512
339.327023035 516.8258556
566.032166206 630.007039006
560.025784293 600.300751096
206.732861441 613.859642904
675.65706254 582.48766736
274.412578646 677.031265395
526.156641393 451.06025854
452.478322899 377.007260566
170.480567931 655.956734373
602.288501315 595.82178197
504.611072716 596.497436428
363.644486863 622.548043194
460.941726229 415.926715233
692.508835161 573.843220865
506.02087701 344.24137395
536.369589072 598.498540275
99.4546004366 686.044218583
517.566628856 375.520494982
114.530983248 662.556607056
695.567237713 617.559073422
476.210455088 677.763109269
333.332781818 583.51453618
346.611652572 614.557346252
147.457954645 621.472936541
382.729231803 761.134945812
247.224246632 589.370031207
650.912685738 590.402827066
143.542846271 692.496364783
442.985614757 683.345967444
542.64012467 624.179281653
385.742635495 554.198236884
407.270404798 736.739424819
492.203865662 448.400824201
439.787631876 741.574792263
364.537982783 714.754560394
605.355977596 638.267195883
161.090129913 680.415142018
481.046124048 517.849226663
129.469177995 716.387085429
387.199509555 590.420097811
101.420150563 628.197964269
452.227906409 503.660645186
