382.255056471 493.33835256
358.47135971 432.74364737
562.597327236 148.557189542
682.717556013 216.571869289
413.913929622 370.833926113
196.810035906 238.76131168
469.63996729 81.7838818658
307.009076819 141.991550601
498.637198948 393.93818054
380.012134354 310.168795901
377.045690656 569.615125987
261.339205076 302.32472477
441.703034791 414.737053223
520.293581661 178.671775647
433.572683803 371.597935895
461.024827642 329.398263884
268.920070225 343.549334926
368.061649566 233.723405937
257.859915975 144.240652196
543.048896216 302.729917178
280.483206578 120.390721017
596.195804288 172.987758991
497.406008372 105.906615501
436.056553943 554.839081689
320.349139947 292.520926485
439.797776633 77.0093317771
609.445401521 187.954648749
284.931674337 133.151517137
690.194531556 179.302991116
420.369079621 312.407342733
258.485603178 116.130532495
642.912761591 208.198538939
498.719235393 293.358474848
391.027481275 560.537515339
613.592570044 258.587061699
528.58910436 130.223606213
230.657594771 235.710258861
501.478450677 425.518874042
329.694340856 523.085790921
700.32391839 193.42963311
499.148824925 80.1816103305
274.113218309 170.343793358
454.196417198 145.971219021
341.149914691 309.661496279
297.925430724 119.945510853
179.704447903 694.847234425
488.280459393 465.438556097
602.083565094 224.72172888
486.357849133 342.019742915
667.411201008 187.34399828
416.194896253 184.774200132
422.331504842 156.598054372
426.791095139 267.56608153
459.42672225 449.68893672
410.290627844 474.309738561
466.742260816 396.82004847
345.271806072 548.707725631
333.490393227 487.219951699
406.144415844 576.72204406
286.297928263 108.664941449
566.356504779 252.237959047
457.617174271 299.774650626
636.803754695 151.248808461
334.401469545 430.32309543
290.958085677 285.290402402
459.100606359 263.084755074
358.926072163 463.348180492
388.310977699 154.887662694
417.43309261 128.328586344
215.716786555 226.386319944
523.68112874 395.299796541
215.174320895 258.857794294
293.444966394 308.706398953
467.314800017 115.352538659
375.919778257 197.771689607
585.265745418 285.180813366
385.804284555 427.542010277
670.799851785 158.275389841
322.708036169 323.05032418
260.047441067 100.508127526
280.1752185 155.604222049
269.325498587 317.413305719
394.083830853 250.497069716
237.491719747 329.914354895
436.277899085 444.31262335
663.551213281 237.050572065
298.653091915 321.724237871
434.094016568 97.4863006866
483.50245715 161.424186716
403.927426921 282.436540651
590.280842381 243.291313824
378.545447653 168.316687372
405.329238377 533.774398955
399.191659848 215.253631463
381.768219444 121.036320934
231.334600305 303.388764493
285.979310304 99.710896591
355.756661084 525.28979214
378.060478921 390.298050266
411.479249596 416.607289822
