139.565249982 214.487803771
566.564479675 205.028006846
554.072421096 39.1007522584
83.9904715886 201.864051767
622.287093264 304.2966369
535.11752508 165.059614882
569.329072801 50.9212217941
695.712580039 135.857799166
115.05009347 177.98123012
656.861071815 378.709639788
583.979586621 99.7398683692
83.52461103 222.99033197
692.327926649 195.251889124
102.846267544 222.763531391
548.586887605 68.6937432956
677.201683648 228.808344454
86.6914077301 242.037859742
627.993677748 202.100369998
546.338702502 151.847864693
586.31109246 228.511348051
122.834353864 228.904960283
627.180977362 411.844157482
615.449391205 677.499520446
463.234850848 65.334156409
691.920051011 111.205342473
158.137369373 230.574026701
541.966331234 93.0950277545
590.681697657 160.530731558
531.809468674 79.6857866116
540.11757116 192.724989558
543.621918901 107.898179025
509.264685509 149.797894945
405.697520627 87.1161178974
618.649168909 377.433904179
709.473827232 132.886148688
594.026475791 682.507224476
563.451836733 64.2854232837
584.017072751 661.678464453
558.625641043 89.42072363
541.382817715 136.834087269
627.350570621 638.118363147
547.523728817 216.346016574
604.561577049 128.753201637
102.609058964 206.912627238
636.226054436 367.72175822
564.117897941 141.297369281
578.441856106 141.58923439
559.384809578 75.7431237531
543.823603928 82.7482301917
166.670578051 215.68936896
649.594210172 334.550743103
514.895233076 114.838705165
623.158697398 659.625818352
679.866503147 255.891279396
599.41589711 607.127105689
597.555680148 29.528143878
576.092593207 85.9894614318
693.660751257 160.052827865
543.98428911 58.3234203946
566.468436267 150.753322141
672.191210035 165.837957064
171.341083942 196.768013632
625.338588976 337.268360309
513.578374166 89.9059913999
98.9742708196 164.645168704
72.7026672395 194.552534816
91.8679626162 187.495426241
634.81619256 677.84550143
617.625192541 270.866891965
436.956261329 77.6930882323
142.138930891 200.947940121
562.998014777 119.24680786
589.701822371 45.4524348306
421.20213541 61.9032339607
149.674422332 183.397950875
707.657903479 161.020171877
643.229280816 263.290261882
660.721520085 233.963374366
615.956954534 609.138866783
571.823343655 177.413292968
519.765911856 194.925541255
540.090887568 228.116356205
597.44173694 646.136218914
581.028084156 65.9474807716
638.960737988 395.651068473
577.597406456 589.192827231
596.139542225 61.36070748
606.666192851 700.34171685
637.835414287 139.306493252
661.695545075 266.009367639
652.540355261 252.301453784
636.666490251 229.456983291
101.823516023 242.094663841
116.707901811 207.551227606
575.521820368 115.284617419
620.828717824 698.525841959
523.732844657 70.6461329358
552.592926778 127.070928187
564.05585788 99.7153933057
522.969133923 101.610567884
