518.588041783 313.635974655
376.703065085 513.777348413
529.85893718 506.770345009
477.885863559 605.297214337
448.117007717 498.912735317
657.878637861 643.729573206
447.281456698 444.444677482
543.295266515 123.108415214
504.21260471 178.656503945
575.409935153 573.803699474
607.827654854 527.326716349
516.439665517 261.95150664
684.040271426 660.545477716
545.662871312 472.643625893
418.964262643 500.757574282
415.018389164 557.729175216
512.622653632 494.844619838
496.236333779 123.214380139
544.39891835 555.758345895
495.490929127 429.178949145
506.716196665 526.121801382
499.413133407 100.291333196
526.771297689 471.440978341
436.895428249 470.891835409
501.173738076 394.81994316
706.408307574 646.245915978
348.037022249 497.190006394
514.40739534 218.046922422
478.850789516 157.095389997
175.900155167 497.396967948
481.152301846 420.374850946
524.648683472 416.84976259
640.950822733 613.478769947
645.01995602 568.723244708
326.102452718 525.203235701
516.74987545 612.536974103
536.880022872 530.74561755
536.802909031 187.834550247
635.595706014 527.434159595
500.158942354 279.308514654
142.308370713 484.339421668
494.172560394 460.869069621
401.621025884 501.057432319
486.01049383 479.126537109
475.956560616 482.80648913
546.672918343 387.721775866
156.892232532 510.371693957
372.733537664 531.249222067
706.846832753 614.517376451
572.099221943 538.908553347
514.386565978 443.470843093
485.565597767 567.173672092
460.389167643 575.626808188
493.164742142 507.121006802
507.606827138 242.595465737
540.386092655 100.143572883
568.864746432 496.004777574
552.317703158 575.845667622
473.342850855 241.820123029
670.849605029 610.268139128
729.543274443 659.992540631
549.789117402 159.327550677
625.576118781 630.34636398
505.462520049 347.043121552
468.27099264 468.723729111
705.888667187 676.951133133
425.902950751 450.301184343
612.536696208 595.513809653
524.355555435 548.834202994
481.869390442 118.632363709
487.183002939 199.801570458
427.969164778 516.529423512
487.361996405 360.943545595
550.541810376 596.846695629
475.922854458 531.815225923
484.671693156 322.416444305
527.289370279 575.330529891
464.5655121 448.807761022
521.805050396 162.394768188
522.49551822 119.286153858
533.800987094 141.637973988
481.541765961 434.770756232
128.816427289 507.217452056
341.274372353 470.003090683
406.48211754 473.939667338
611.48308078 555.307333535
522.549051122 376.266590106
443.766976918 538.082665251
470.95582645 508.579026025
542.589858736 348.389794167
391.555247763 449.4715339
510.648171387 587.957831009
696.614072888 631.470654365
512.094013154 143.517177913
585.750157112 401.572679961
529.253021663 99.4222668563
379.389597721 472.751310303
547.604087008 254.208184671
156.125860436 466.046720872
500.671395351 546.497992643
