349.618054067 428.661701147
344.445311392 455.778714637
392.988726326 639.708886088
407.438956438 697.461107904
328.208128056 364.54134745
111.868957032 717.449329864
415.535336178 230.843951369
425.037476631 143.538964196
336.820826976 753.204019445
375.330504947 477.186444121
318.367605591 765.398571169
298.515740461 427.750888126
357.835126724 395.361058592
376.202323453 593.013872114
361.365524469 378.232305337
325.449061171 646.967598517
256.900448217 708.487580859
385.159571896 499.569926778
377.623176206 195.588550159
350.604347138 703.784392837
386.577118289 148.486393512
378.751149696 624.141159202
403.106715882 293.881807438
322.52371918 729.683534834
317.848065023 403.713112461
383.849186604 232.110770831
384.718303862 654.111044692
411.606365817 160.38454844
396.946146962 663.867237546
353.816415587 568.706630483
372.410325128 157.135394651
428.813246911 693.169214167
348.152701168 686.409068461
309.871676081 680.464995228
374.132939189 718.025157534
408.224242041 590.609041139
145.824806034 699.270454546
358.013186919 748.723139577
285.207665319 763.275478729
410.985622536 685.398479417
404.791392523 263.746733504
410.197470671 209.229619833
371.895947943 332.634309859
335.110116535 444.855984026
427.574114007 118.866745033
203.491714237 757.549568472
327.357250435 708.413383704
399.010091503 679.461885384
352.675130709 724.799244842
389.951392005 682.504958992
400.405232801 529.012548948
355.721912842 324.581710898
363.359580877 642.737928471
368.377441243 443.82215112
344.851020419 420.332289951
370.327124289 415.975029004
300.344474003 739.764702249
292.791816766 695.486736618
356.743064448 485.69525606
413.243463521 127.707834913
374.601632448 693.511827872
373.166632347 675.110124648
414.293259055 653.593188302
334.968607375 420.53217231
295.80265743 385.43234766
347.650310623 614.679200253
346.544387696 408.660512494
346.189523423 289.277914593
373.457287449 275.932769432
125.341067569 696.943421235
386.750901913 743.483000432
155.984651651 724.968373089
315.658407113 429.126266933
379.885348705 301.909303391
392.425554268 479.719603715
417.259800184 724.475089976
361.352813574 530.858710058
423.132937448 668.664484018
285.74924197 727.901337229
387.38230947 121.777956687
424.843351823 180.652191246
315.391566103 464.632074823
380.274926343 522.992693555
252.894244467 747.450944204
361.46464752 463.165342428
392.261195071 708.187725747
328.722618985 486.746931894
389.019639923 256.1222595
397.824886762 555.464692621
370.330514911 553.159000417
417.289217956 707.69042359
336.812144886 321.90508574
345.987600061 500.570678973
379.574248727 572.873746168
363.750497668 255.20616769
243.672934822 719.27348983
420.492874018 98.946576111
296.954148299 706.969160324
359.128213694 668.283809013
349.283842763 382.748100456
