176.855506266 252.222198201
709.0153768 448.437677663
654.846462728 382.859749812
581.933423701 308.75465734
697.332974276 403.142569935
155.019355826 256.439787677
685.274424296 298.914377321
651.613619334 431.71968442
130.611910332 235.74531212
681.731731529 255.834830785
672.114008002 387.246625192
348.583165326 191.996465396
621.029943077 399.926064202
674.434274861 173.935819262
634.995200193 111.997718887
681.470404047 461.813642396
688.682010324 223.70953427
358.136808802 213.784420063
685.022419688 274.520527571
676.433412957 233.051698524
679.4902099 186.896428602
667.45524782 238.882081018
406.072046213 231.410265285
653.535809686 290.025698785
676.938451272 200.761429748
450.124092701 187.010200179
603.758401096 243.583167634
670.905596944 305.873698127
665.135924099 218.508337096
650.065977283 309.166040645
637.868677032 281.053830318
127.508113289 247.564765723
588.781202109 378.573961975
199.686824322 227.022194757
366.799067339 152.692849253
607.38388276 363.663297173
373.739515561 166.691280241
177.423864963 268.928622373
618.545139814 244.777841765
615.864705808 293.246061003
655.945588954 577.939231281
668.917648928 326.149385556
658.24786327 243.616312512
618.189062965 315.093889522
695.614287038 265.105849066
685.664008879 427.767960169
626.72993289 217.990674719
629.939507393 240.761404769
599.006547611 125.647375722
600.16749202 328.458222934
635.709289968 348.018150239
584.485331701 343.749531773
658.749171292 538.660623975
647.636765819 479.854726877
625.113231766 412.405810046
663.881951228 346.281705987
692.421387776 487.422481183
634.800251057 315.810383118
618.067211045 128.43705309
631.122885649 383.231954746
647.809113202 249.88232023
196.855240661 247.433403773
647.306788028 259.354891783
611.464872332 163.621628709
680.390173745 529.72965046
101.201585211 255.679949374
661.249499852 276.355643837
626.774907472 513.083569358
111.41182232 261.671670712
587.255171127 264.404592372
154.214131701 229.820136737
418.11068236 186.631349308
437.141826389 213.355993717
463.142439506 217.181785452
175.53282194 216.733473398
672.568162811 564.9753758
398.842256967 164.032452001
602.705233818 270.966719343
595.550927401 414.715261216
632.518804272 292.635123152
636.733385957 134.976740962
620.100057095 261.492515852
377.838941351 191.233308601
688.935695762 232.606940415
610.154488746 375.688612344
615.77207269 443.903068576
618.013231263 330.57896429
388.061749313 204.846728476
658.031954189 407.894560228
374.447234989 244.604479174
137.149182163 267.177250497
595.123482557 295.895679609
216.532338921 251.084250558
107.059172178 228.967696372
654.56342571 201.017547372
577.136990277 398.388728305
607.015748479 147.593049144
641.453738229 219.214641453
647.665824805 179.898983979
698.548804276 210.718919703
