685.24220525 319.560260363
248.384881575 509.230601839
213.318984144 673.237777518
260.708124515 530.694403811
127.447970791 733.571338016
87.8396219424 718.248513755
184.761610869 580.129662622
620.515541747 696.440760401
275.485693659 358.080052927
311.040035465 623.720244889
211.229942214 422.191608104
216.287518807 294.782520904
61.080266187 741.367352872
184.954950662 429.369421019
60.260531301 763.741252366
315.888983406 597.680479622
275.857380967 595.917019195
120.734887738 718.41685739
146.266584749 729.630266299
459.358138506 665.772080288
237.504819567 671.329533859
277.877300205 507.667482556
88.3819819214 786.665055263
187.813980527 622.262231371
142.866750204 669.07576663
74.4592188374 777.067239503
72.1398097674 725.275181761
643.688820089 732.070437132
181.17976885 321.216343519
258.592651551 654.79772001
421.181612124 720.962329294
178.658253481 363.998204046
526.246081199 746.831322387
192.098464821 405.979237492
384.319956381 730.480140507
251.034393353 546.892628946
390.909907269 772.572473991
625.993739198 720.474841468
201.994624004 346.982507224
200.764053735 286.755836684
305.642811617 650.501177152
98.0243679231 744.581746123
666.81331985 301.609476383
152.987688243 649.305752631
107.666354609 704.446062298
227.835673908 368.036855495
96.8793367991 762.560489584
141.400757948 696.299682229
93.0561819761 734.33128892
381.251116676 759.480746016
169.115049283 378.780209154
184.515389963 656.17475782
418.127063631 768.769943245
253.312216695 631.609292067
115.063487703 774.313263717
216.600410468 511.222774926
230.939553202 634.509405171
483.378330924 717.773545107
503.041080504 670.319678668
543.572741128 720.766281224
223.323640547 609.701925665
585.3164455 712.132000606
305.712052806 588.469209392
669.743104522 747.635214651
241.121481301 498.633779397
258.838461663 594.272635947
227.086606691 397.943521875
179.421054903 691.447152548
146.804543084 716.862414027
135.70422374 707.915299109
224.809483473 333.210397023
223.336569237 655.97585809
254.484202167 403.856925657
228.855890348 578.077251371
576.70746673 747.622547872
129.968680319 758.368336888
609.642864435 729.710423654
211.712467534 481.219346444
184.410687719 290.543483204
288.009232196 338.807582555
208.415011116 321.369536762
501.167009978 704.26486552
626.297453412 756.676933204
118.781644938 743.830938228
664.097819441 322.392011913
288.037620406 621.601623546
202.713079725 373.689107375
407.53615656 749.393307696
430.393211171 692.445192006
541.991019625 698.489063249
86.2860651639 703.947770271
209.597096951 585.395918122
79.6867671415 751.414549036
406.949326693 277.306097413
164.467724147 682.20337722
247.165046077 320.990363498
183.563114399 347.271170459
656.158050424 761.003158255
203.587462335 667.564893001
231.421728744 554.866871678
