615.048333698 616.150866455
511.733834918 398.579100396
165.76731476 324.636450417
479.252709331 398.712483761
516.216797751 319.633462727
481.695837455 421.769955082
624.596919663 339.032422444
552.540239573 342.515053895
583.148321293 470.467076094
319.47579309 368.657069578
582.982194805 535.619396699
350.489268708 378.416994397
523.199915717 341.798107069
111.452556571 297.689681766
355.364106057 356.702605083
576.059974395 152.545520975
497.125567837 459.239456614
557.89536433 168.819015712
549.918201403 407.231986057
606.294539523 524.938628699
596.668321336 340.844004416
149.223781698 310.066968226
652.719019982 312.000481583
365.674497203 302.926308372
137.230557957 317.529286987
317.343528641 337.769357374
607.699833748 348.513308613
603.701005034 553.896799481
573.201731913 336.041079958
618.40431326 300.756994354
511.07859392 417.196540547
516.271410306 436.847652298
596.806128936 380.417469847
435.030451812 356.056893294
633.229076172 621.360784933
617.700212808 643.849599133
602.434644281 104.702326681
589.204683848 632.322547617
640.287016003 368.790027506
605.633120031 439.85610481
132.472519511 342.51103374
605.519916591 394.376768584
562.726088458 251.782480002
543.620474611 457.682643681
577.062323327 291.03307307
158.903533137 339.185092326
426.201471 307.89852282
664.644276486 490.365123099
191.917696609 316.074549328
468.885985577 330.215524095
588.875440544 231.125106786
645.712956015 330.386252814
568.321256205 357.561477892
586.761320863 124.185269659
545.583719855 432.001532929
558.629002526 217.360961972
174.537260796 292.290372058
566.810185654 410.898395521
450.256431848 309.904474574
508.717862723 367.579199425
289.033583736 356.30546198
645.816950828 504.779837217
659.517941958 519.020326112
572.245780467 384.309118521
346.213596789 325.893720632
616.335082571 580.111069394
590.80073585 298.663293668
640.142429024 540.463245442
561.487367425 442.664470856
632.918075111 593.543161185
380.951739324 343.183309999
609.054672342 169.05773202
628.159143203 412.2265197
289.391378231 323.68373189
479.991192885 357.626498321
623.37505808 517.995265127
558.270366016 134.468286424
578.107112814 415.805838968
658.399745711 345.515067035
589.305713693 250.156168215
632.035602577 563.083946608
461.601784708 441.892293265
523.559154771 374.471064692
591.957773312 145.119218908
625.247447805 135.63594957
579.411125304 170.562075514
339.496402391 287.036240948
579.226473177 582.18462857
143.617393042 276.943143207
602.78727474 130.112486497
99.8546349587 323.557765492
592.585085595 599.535462168
379.012309806 372.132749553
542.571731359 375.563925805
451.291116271 335.129697343
115.936861816 326.501101567
621.908296534 367.153656544
528.804794468 475.204531837
333.31440304 400.494272485
565.780030518 108.67416376
