261.07906468 685.874167809
657.866458654 271.218074909
438.778143877 298.23849765
466.422882655 259.72695498
638.984919467 120.765091147
607.22472357 136.996850474
669.371329959 187.35118677
644.092443981 295.308018286
382.313370176 277.575308184
498.90330334 209.450490484
351.085374469 273.352756274
133.760074152 297.618824961
621.851161783 144.73736093
398.724023173 306.76119474
563.580441836 173.666779707
417.116458461 206.860986032
314.08092985 217.185296582
476.82619513 230.972197523
690.662154362 284.500957324
582.29658023 259.243594675
672.505855026 335.09835474
147.827210297 304.402755952
672.104884449 202.58793347
541.526186422 188.158742695
181.292081672 649.607600929
452.128219051 222.12386613
695.424932723 237.487669661
564.402000653 291.570489486
687.261025691 356.382673798
658.885981455 121.935617983
655.478895341 342.641539884
372.238643327 247.708174767
676.033466443 159.989356903
339.415624155 234.143038535
639.831003826 143.19212206
262.088762278 665.079860754
573.738236476 197.988264047
541.512212198 280.277417798
685.251393968 238.457586162
660.731985457 358.916075179
554.892079734 246.501755394
690.441991931 306.25118225
633.81580392 86.0454127391
499.667987673 334.752795129
627.05862103 303.392207936
635.602936326 364.346171842
176.44647566 266.928053298
664.203626754 294.952301255
446.760147541 352.073891983
468.797478317 315.854076704
624.041150778 247.930498006
694.837515905 190.912563668
612.857245251 256.641429696
492.778010847 247.243459632
570.809403554 221.5120667
624.864555049 112.801514553
118.013737462 292.780812692
602.075798972 285.043240822
442.628775792 324.961082494
640.024205546 245.388022344
161.272415543 276.191099215
654.347860896 378.179923316
670.627418398 368.920515536
670.768578699 219.187782955
144.965276674 253.500525485
264.823094054 699.487172366
648.723876357 167.243799585
660.312468887 246.789541338
629.760683463 334.068351684
666.350997316 309.528276662
299.061052638 238.806681618
535.020891678 205.439702595
702.45574441 238.008374431
100.343603768 271.706916562
521.866360893 246.042450926
499.420965167 263.987893714
581.948381286 134.133888894
679.650548078 250.071652703
702.456420761 257.276037559
642.268066576 189.341187076
690.16617246 262.749579229
402.709832554 245.590578617
641.170078905 226.379540751
427.069674229 228.783666845
602.701081298 125.008110785
391.817921836 216.758444982
131.009002895 261.626654146
516.613422167 298.503098892
100.363692604 291.563583007
648.947671422 105.253872511
468.766680023 276.417307975
597.580178868 235.673657221
317.717281178 248.867190504
603.752858464 328.17881002
433.873787059 255.704567226
483.49448404 299.219438528
686.031139571 328.160172585
415.148967708 289.013075205
463.683502375 335.166907232
601.853843087 103.558848014
