623.290188348 404.468957634
481.875050839 344.962007228
675.433805656 260.934267448
455.665744314 341.984041178
658.820910217 463.975240948
475.757180797 366.255782021
593.396926977 501.558196952
639.275650106 534.60017314
676.705616076 245.363426584
516.160214879 203.022487945
549.700284014 352.37979507
689.401644385 429.453733702
563.830471327 228.006625845
633.605576745 229.981857488
691.337439181 302.571958878
673.587717419 167.77127522
548.606850015 281.795957811
672.725011264 406.412432711
648.620797548 308.847555003
601.522311834 338.957165018
720.701101868 80.1626897724
630.334893701 185.543809971
626.5409381 468.378960072
649.825731985 126.743429332
646.25780518 243.584287338
543.036193409 195.130268115
751.484210127 66.3001121472
633.157729168 352.317357275
689.464919739 391.075729562
605.250047437 466.67818699
510.949457499 339.845072484
526.447515837 255.912616718
716.095637028 91.5083367899
503.133807463 243.352052993
641.819321468 437.34197512
624.461106387 439.69234531
685.606868422 70.2660410182
605.069296461 435.107349254
600.676046253 521.18161626
683.638254095 237.018899662
276.761636276 544.033813508
729.793954081 94.3715157661
710.736900422 142.664621589
652.512569651 400.894183611
694.474326418 110.013823095
522.465710444 172.776367684
669.873089932 146.059488043
687.788660547 338.680554753
655.598367198 237.908439135
652.066631338 521.659857881
717.164959479 50.1196692389
608.11935843 489.513946649
662.311702475 443.9608302
663.523634777 115.210889282
660.955065999 338.266756577
665.649941623 488.802975945
673.112231053 94.7286388406
608.977916936 279.59707548
644.271112588 154.898677277
493.663273685 308.673282866
231.147255079 631.224846855
533.917356345 312.829349233
664.593778119 414.257293029
741.710395373 83.2095713907
677.077855436 278.528545941
628.989332977 412.180041303
725.748994535 71.5661059133
664.271569482 353.463466696
649.911217807 286.688683108
648.735417664 417.341501355
676.490491513 372.665509111
697.505077234 99.3541648937
672.758542297 205.145079213
485.070293649 230.325225281
515.725485262 269.165372128
591.003430815 317.782146911
721.149545585 111.437923549
660.560426872 184.453363676
613.47461313 502.957953357
714.827136198 60.7647605648
659.227854174 377.74029082
520.303195894 369.967696461
511.147462659 282.677668352
652.78743254 216.576482607
692.975835117 75.8178776371
687.90977188 404.613653893
683.911330658 268.676858844
592.646109383 362.036860071
632.029816296 206.873716432
682.980840933 129.786022213
648.508220745 250.295964986
560.745509255 374.7847777
632.577220888 484.775934108
590.967871978 267.944620226
657.123787646 277.037977905
635.875281452 259.960578844
731.575330151 50.3042197447
677.829797862 304.836548804
472.267671742 307.727712674
668.260216097 80.7988483942
