441.020542557 641.378967625
471.687548767 624.076952291
546.054033862 472.098321722
277.676233528 346.37620283
426.921663317 668.892231371
133.606293741 355.881503332
467.481289041 646.004416752
468.773861442 157.146574797
460.171113204 244.46203281
445.953302168 430.356325786
417.888324353 565.02435775
445.047723918 678.313135374
331.964680591 442.762614169
536.861414907 110.133819859
482.705853528 258.217608747
112.98544525 373.188701921
191.213686527 313.658657017
302.191143216 454.597183145
413.332227883 640.675288007
599.021220441 422.64898413
450.900568595 452.82846043
489.399852325 477.972338773
532.735354015 444.311137084
479.93771484 101.287774253
427.797137589 363.422918424
476.884350266 346.573531046
471.035378245 411.967520102
455.199490821 393.844988852
436.243907954 615.013921193
517.866690225 92.7786897822
216.492967041 320.315370912
219.070112488 395.327634126
489.877993055 229.745688726
461.39251996 659.43456026
508.157542939 168.138542418
592.808108169 437.95757099
432.444936301 416.043248108
367.282859544 437.28205297
432.066847862 385.86520071
513.693034538 104.002772513
175.420196859 399.358754751
571.200718087 421.51325284
386.921649769 559.369862345
514.903566012 202.351226355
511.603022548 482.397778183
442.267887518 691.375753251
161.09869947 324.688826372
102.058110374 345.418226207
489.36109386 115.355626124
407.245844131 407.457665198
433.151240536 443.761648432
567.194655963 446.469293652
147.734975659 374.711558554
256.411515793 372.765482941
192.626349518 421.363965149
119.287021728 316.810922705
306.342021314 398.260180222
483.664895649 372.259719238
496.043115322 136.55174037
430.831340937 700.243752092
416.917135909 604.527463974
479.992900818 690.590640138
146.71052181 332.98438728
545.980661588 432.529448681
419.569393949 699.251903802
393.611544021 526.366453645
337.080130251 521.862434382
388.026260329 479.513073071
458.637367065 702.710956187
518.399972097 123.332011979
494.164161845 196.398969376
344.749449977 394.726297259
534.839112867 142.360070349
421.221665722 488.016686587
201.890522507 346.197252789
304.907625699 513.079174249
462.124737885 366.704537571
559.115713196 400.963021593
475.527486824 216.605292725
552.357864644 192.947612028
605.419671752 394.699619735
503.656691231 280.049895774
457.224898582 473.068383517
236.955716568 334.009888952
405.434234115 670.973876182
493.087397242 170.708734218
172.581434192 332.756262403
372.865912096 504.941740547
501.744461604 502.133760502
437.197546611 552.953000662
535.750807874 473.000567642
313.698004673 360.968829339
375.594256311 633.771615377
400.012987221 373.588485134
459.692783095 594.327767103
475.780531949 189.11085126
616.199035105 411.401450395
179.835172886 362.51214761
426.978168847 509.819128566
478.43439188 438.822119343
