653.86164454 159.645389985
545.200293855 524.856855736
226.396976066 154.946335716
552.436041994 699.502571273
611.085714633 100.441202166
614.596278754 343.919921792
280.811560019 429.033447942
683.785572727 169.574526396
584.813469296 33.7487967303
565.469843371 391.245373699
588.971564438 146.887806148
632.203199565 88.1802279318
625.148408096 236.701621146
209.715884192 54.3727814529
188.465832796 66.3581985728
525.805976391 685.258962337
213.677648764 99.01451897
573.362133831 18.527736984
560.044773589 619.481559923
562.794934201 69.4968974868
193.224280248 124.843884957
628.427410246 43.9688636675
221.712727005 74.6425949164
304.731219134 459.467497433
607.141727557 70.7259479942
643.410580194 242.067565455
158.593141382 63.0929905602
653.793721896 120.106991904
520.692624873 29.1208612238
437.349745251 550.176381639
303.299360176 413.214195768
649.198056235 187.611490234
617.151104936 367.842130247
609.968837085 137.039467486
539.935403497 679.334200142
564.599203317 699.984138246
545.576142899 401.630486887
670.988679016 190.644718699
629.650281086 163.122864853
592.338897894 53.9538719905
444.443923659 530.901170734
570.602727797 52.9396473558
587.655274148 105.300772747
597.920240768 85.7920194252
620.695806084 108.467506305
655.886788944 203.800249418
509.73363687 623.318937543
535.618395087 697.740891221
669.954727922 247.342739852
559.665752838 368.787178592
611.892118048 88.6688942905
525.364415863 643.754439579
507.035989276 669.50328168
184.275776957 90.6091428847
389.25785478 168.67164294
671.725402474 146.219104643
590.056328501 340.762909155
568.048639784 654.212912499
493.951533414 41.860838927
622.648282566 196.433787789
659.4102586 265.006097537
688.704724181 195.891097
593.195733228 374.529064849
555.769913447 43.8233005224
322.98146457 426.325654277
633.977761206 265.203603282
280.653622203 451.49536488
571.809547317 369.804437651
537.995847986 555.237626503
545.883564153 12.727941179
548.180696449 28.5231384927
161.837889524 99.0693779752
470.276886041 56.1087980774
568.196401146 684.866467154
506.278406226 534.338081213
531.829841087 52.8734194239
541.471585888 588.201262558
304.28894757 434.802779357
615.936006137 71.59945211
646.519833459 78.0160391433
652.059926699 87.3734030948
500.788157824 64.9101875984
515.196738454 570.840712965
327.236072016 448.634544434
623.90093359 124.836980201
221.702332697 119.588028719
639.596946841 102.750899757
494.478117861 643.250661912
174.478987569 46.5338477842
664.611415443 220.276290375
543.518209484 81.3671539622
548.78182201 665.689686961
635.217853128 218.210394341
609.09801976 53.802718736
555.71642356 441.180770386
633.269733702 60.3914464314
572.346591984 82.1439021485
688.025991618 219.706652974
144.147519433 76.7127709347
517.212568881 607.459622513
