364.340439591 251.799563868
302.000809941 148.827227348
353.730591324 226.14356568
375.465821106 153.269500667
289.888848718 126.320945742
433.938318951 107.460157462
508.49705559 81.6336236001
467.206751394 90.4708318912
414.952343416 136.953001432
339.016173906 451.093880106
386.512394957 313.614147663
132.185245175 154.967196969
367.326528794 282.001906448
361.27286193 384.835841964
441.47996767 134.480699249
303.820711051 241.420824297
355.512821641 443.205109925
629.504256861 499.920009601
56.6524734347 67.3693122152
162.10200516 141.541396831
271.640397489 105.327531509
620.28238913 473.297378649
459.721065192 154.785259925
374.544573788 195.669264834
68.7892950798 125.980809085
271.68572764 175.441453368
410.639700822 84.2244181331
426.055624124 77.8855012864
457.978093155 108.621788941
96.264030484 149.604960298
388.129069654 218.519237613
383.294386315 123.701523979
329.668253588 105.848017533
72.2307912033 75.403266865
357.342034338 462.487593998
146.138178708 126.961039085
317.53590611 121.117557069
412.030269998 219.592007663
352.773319044 118.555686639
250.903008512 117.177420177
393.378912412 124.876103611
305.696671043 95.8490361043
446.730648807 218.439084433
34.742771652 108.977872834
316.043060124 190.924193676
430.478774652 124.149101926
470.517018287 57.082087067
425.176199792 53.9320699668
310.081691632 162.040539207
388.820232004 110.208699062
83.4450410434 100.643954832
279.668954858 216.123449346
333.157196855 131.964501914
405.552429992 129.17544448
466.122964746 129.73420896
159.98007903 165.516873348
335.183483052 420.17255205
316.903743832 144.469824928
467.931497588 115.250134108
288.165548436 101.695452197
382.072271043 85.5167446211
343.771616084 313.595961228
415.45406906 103.636807594
57.4062990848 103.455867437
329.412274907 209.331881526
78.9521329353 141.973112073
493.887316322 106.084024136
56.317805149 123.835381971
330.743911421 269.973514709
397.226642326 248.88258391
395.31375156 117.06753117
348.352457307 510.424615618
395.519906011 56.338474988
288.261751421 186.376776883
357.400876637 137.915511602
291.706647466 224.851389446
132.472191334 142.240880475
358.207666151 86.8768560131
382.686943917 104.947644389
440.862332106 96.0177481854
490.579621066 70.759424192
362.742575778 431.294625624
354.800332706 71.5088647735
389.855295756 98.2039775424
377.763541423 427.709821845
327.901825458 166.883765204
49.8623992846 141.97716906
287.645430543 113.756863694
302.489924599 213.030895268
344.362231723 109.559828879
442.026720564 120.298103178
90.0941170874 132.158342866
440.657347347 72.6464815692
336.372330035 290.447739303
266.88801961 87.5954696553
380.168728668 72.9714790327
252.795648287 143.448146176
451.921776032 73.1250891115
395.155689762 76.5862800697
41.2197757907 80.3897263269
