167.810551498 499.347076166
56.0673686271 304.176755637
152.673458773 471.537417124
148.177298178 437.973381625
87.8016321899 190.736993038
288.955248149 446.475666605
499.643138831 448.439240653
456.33695777 456.266558484
287.314854399 485.967542391
68.2216739475 703.81924176
185.444286689 545.071874227
116.248486633 524.637676661
178.959683267 528.747707476
95.1154813969 648.573058239
386.646013427 496.148653094
141.891610309 511.129768229
87.9354474014 699.955980187
624.419258957 497.682540389
49.1461598208 329.959461754
129.133268304 504.662583641
99.0930933353 133.303597728
616.353288318 480.377617209
411.297451164 505.955371298
137.272337858 439.841054289
102.366002222 468.573752639
79.5846899562 389.052790847
151.989125149 356.511345846
204.700607782 375.248211532
409.967421814 468.026460257
103.660278437 521.855054791
179.814141126 483.04578426
125.931507054 387.726051783
127.81195572 129.972793755
76.3759901803 363.647902462
92.086251699 721.515214512
126.854503381 484.658688582
111.214861398 174.599775617
240.159687015 500.498041267
72.7739151881 288.247850817
103.160328773 163.629283509
203.277303281 447.17730564
123.117682344 108.054381381
400.74823984 531.791275595
73.7284780252 430.876303799
114.734241508 409.943047797
321.999779117 480.065918856
440.663951886 422.555408987
196.709191835 336.235541977
97.5112994069 369.212490455
142.825797572 393.921219543
108.45446497 443.455257734
119.332544166 467.731265741
61.3001735577 271.949748258
255.229716711 469.589581943
430.491018142 490.156889781
130.052591829 533.677138601
71.4656832709 679.284936424
84.2950001952 335.057677943
469.936429952 483.239230575
109.192219923 99.6388426003
81.8050442143 253.868201491
147.061847442 555.668605761
207.837820227 417.702078772
97.1798077763 423.975525368
123.255853191 445.377297078
98.9987105892 508.847342471
490.657609905 472.253242962
87.7137023445 465.86718657
160.379686158 520.648156157
204.752739859 507.624722994
170.059914851 417.08291373
103.881625389 731.274422626
109.260196124 226.88296014
100.748087681 406.88423246
126.043153209 376.567513275
147.598028612 497.062546698
111.813900534 507.618325617
89.7092347775 231.014798543
90.8348776632 286.063318399
342.602367913 453.658000751
482.8455132 437.16588579
90.1382594275 681.360804406
121.682307368 191.763531572
128.377600858 361.000841541
106.19483495 680.717355847
114.064153236 386.159788955
93.0101016438 498.606941086
114.285683622 146.775778268
140.699467316 472.738753047
76.4960224787 227.628214932
369.901314871 478.844339083
108.388417025 489.652378878
297.646788005 317.656939804
150.893916954 542.745409866
106.315816911 111.064481448
118.389161959 210.688504969
44.8008198637 283.669446096
390.217601305 428.714216553
104.255145103 265.187014144
56.7617827099 365.400206951
