675.698774931 686.814902418
661.036361298 656.898320367
567.258273106 644.179365753
700.369504765 778.52225225
96.1349751683 694.24143448
435.945684683 588.495662743
439.477464373 660.072159966
589.303059638 422.132684495
194.977639389 734.594847121
153.966359312 713.488109351
463.999672747 770.373143217
508.594114879 526.352099012
169.966856932 746.976124674
530.761573216 751.801559587
113.822300267 699.532684087
432.275330846 720.823599151
542.304846383 551.972007842
127.450121575 680.994748805
475.281197212 532.176186229
561.408473594 224.139625173
493.168431319 466.713641519
592.540682963 646.513499509
548.025072517 658.543290473
579.373973869 729.811351504
623.866291504 455.186267363
396.855192176 662.080242478
645.736538992 195.185131703
528.933753328 458.996426485
699.452980679 734.14340993
307.092551249 754.33254422
477.975106847 503.545406742
663.610494964 773.941555723
568.819876723 719.678975584
476.759181523 751.560843811
591.202186683 688.756994956
549.55301149 715.450510961
584.471926363 447.207260305
263.693477231 762.508661389
469.637028622 718.068231507
699.678184663 752.085056829
424.604359824 107.807287203
444.5465696 532.533690718
315.006584005 737.207976024
483.147053372 583.640999403
619.072761153 401.560419015
570.413452144 754.360239587
219.808777938 754.295273335
585.317496297 669.296191946
563.550657265 737.313988997
676.382905855 752.487221404
270.729152642 740.940750158
305.298175489 705.51862491
302.307362517 726.869591138
136.923520457 750.532739052
521.960113752 686.921638357
132.976664061 720.968253472
450.701739429 759.222993505
650.83625624 682.511726903
531.881682621 731.387189124
559.084299994 424.029286292
553.436164549 687.602434935
393.902144983 727.624943708
667.242928927 730.52132368
647.72237315 665.239662685
622.589995616 431.895176361
398.22611952 702.352579482
679.380866213 668.190391763
319.420228521 674.267983643
362.874729191 665.910806486
422.821784875 569.076005554
437.796926598 744.962888597
465.884191301 568.416342071
596.30153503 467.813568698
441.963812305 698.627153576
264.672577193 719.930124983
575.013943089 700.559335385
97.8448291853 744.256592541
688.655673621 716.53664321
553.540763189 526.330477741
273.737304745 256.328853517
512.507075647 503.370547403
507.62924579 546.056717429
287.934731845 727.394396262
132.468904801 268.772483301
113.767301786 737.88010723
684.775581178 756.581999041
501.214514476 566.957063481
338.036862289 702.584735132
538.670054695 701.867939074
305.276597799 773.178026356
571.970274059 674.858753916
283.906761622 690.104638949
516.712585948 728.534480963
230.442697918 728.698913251
409.625192985 629.384077862
454.876343896 602.127656949
589.560103126 397.689151622
468.28377806 740.602569506
109.509730423 716.193628343
93.4846713122 713.979654446
