495.609926538 470.735177734
534.376784489 481.598907536
538.129118503 419.921833884
576.27480524 375.594467021
646.681482872 671.965615183
520.34801235 589.441810769
652.815977086 618.280944963
165.652822315 502.45646467
478.052546976 390.629074715
563.978907524 444.536347813
667.047706611 685.570754803
624.673200753 544.390666128
391.640049726 603.894609813
514.479518763 320.738385758
603.201800694 112.781520352
548.847372491 666.576336509
595.606655189 346.619222297
552.020692894 600.424757014
675.141532016 649.850047992
641.87104523 478.072101179
501.228163144 411.981143667
618.753857749 474.719071237
624.688428924 496.496483348
570.290137432 306.923822105
476.643009688 411.379620497
539.897205497 293.535824009
561.056103024 127.271763258
604.24616555 161.539288456
617.452725245 674.260471538
521.847547975 337.475314477
571.434275204 278.9427796
518.077039702 633.451562845
197.940143233 491.727406322
526.50018468 449.526321807
169.398042825 475.830403343
649.358897259 513.283212664
588.004874174 254.429368254
630.623113897 613.001166612
583.88079312 148.350052619
491.582922526 353.060517357
575.3951983 699.506170076
548.769494688 313.612708172
633.096527434 700.79638027
519.973550588 373.46773082
585.921219357 399.175955022
549.594104402 512.291598745
588.506131861 174.649260118
604.785145732 138.158604296
593.741078889 129.296273575
573.185593385 354.586970019
584.404813596 325.592162226
596.500510342 550.294184692
562.171679701 563.505722705
502.150433818 429.147346382
544.280642142 627.838502327
555.493067567 387.399444083
615.761968298 588.402700108
527.025551078 352.27843023
593.062876366 100.919248355
728.965948518 668.286484334
584.449970664 675.139221581
594.994678365 506.500702271
626.501812682 112.482530387
582.170468716 98.8953749596
702.494171558 541.93558982
374.792272558 622.504242789
615.304609057 703.232158576
605.154228536 632.644641294
721.664282438 647.139057236
489.678384273 369.939170278
505.115321536 388.789249404
543.491592145 391.864536082
190.135549401 463.422909805
510.129429974 507.847750866
550.141963755 363.170126971
608.207354085 692.517701766
566.366775176 423.691869683
538.754107059 238.193005301
146.865857635 513.900546838
533.949000709 262.781531291
580.112130275 110.86427334
565.460150091 256.830750148
576.673460873 465.716214647
608.107252599 452.492873073
661.671467522 699.837162062
178.08246584 513.063600993
566.045209398 335.608598967
365.731511563 603.183476613
565.553745718 480.633861355
717.239429309 667.638175929
543.889941226 535.02063975
564.372732569 402.691685823
573.404226016 649.767108365
148.03730566 475.879642131
629.223628453 658.929718668
129.401222795 494.056367407
570.046948846 159.632810491
587.400076236 617.291131482
629.026698684 642.013597081
606.057287002 371.648548538
