551.120707158 374.515119985
569.328441972 414.559502566
764.549600294 565.568589008
401.772877714 494.877476208
720.954135822 608.342577492
256.509143292 542.194281654
493.619535468 407.447375384
614.016222741 185.024157353
588.808588261 193.076576851
777.872825051 525.7737694
607.902921789 424.548141005
553.619171994 405.064181887
322.06295192 499.67931121
539.251769211 416.321200254
508.185567554 369.35324094
734.682137617 646.39411414
730.650499718 504.879897239
589.689781263 131.345778155
597.873667531 515.413572756
684.41191027 534.16983032
569.486378982 431.644964357
596.410918612 106.577285754
470.467765896 402.015162255
477.698722801 380.687985887
221.176788442 531.11434961
359.699974217 494.243634986
204.739839758 585.148032113
568.971826028 316.913392271
559.715630272 133.158010498
319.329550157 456.556654423
515.033215401 384.753577974
652.064388453 427.665351862
534.753777475 501.613773015
628.033468399 513.995201257
239.890038267 528.441485749
497.60802606 498.262907296
578.111297364 445.222653263
157.899732847 536.426730663
641.28077494 474.338732436
543.270784247 384.482114697
238.806304643 567.115646149
517.989948853 429.233660522
539.828830564 356.295362508
740.842348691 544.562454123
720.139200258 535.604349064
674.133936431 458.928463134
491.914150909 434.914502994
476.625313373 412.059316946
506.100767492 617.62254294
598.262084267 462.530258379
180.218327968 540.544435546
452.027276484 470.521060326
515.169458398 460.707379533
756.797481124 519.657446863
577.898967243 255.138065424
597.730235392 224.715464628
758.672295237 494.291135551
640.421130412 538.532485305
562.314502877 187.18698568
631.730899989 580.995824045
340.193104768 472.928225804
606.765038303 264.76359572
394.646241563 431.598149407
133.488679777 540.095738241
711.065273417 572.119081745
382.874812027 469.339247576
572.958033811 111.298143492
654.960007561 561.533872549
569.506854242 476.401564734
586.552066624 98.0851534226
584.394996071 170.42580258
724.121859372 630.188138808
526.980373525 399.171294384
625.107691116 558.42145236
548.058951476 432.93097896
558.485836714 335.01015402
611.672344441 540.22172931
131.590016299 571.671730052
619.753007702 147.404694019
605.820840842 122.427967095
584.814762853 380.531968362
640.26165581 446.685282679
315.657449497 470.460783461
167.997219763 576.891636057
573.975907877 285.700751029
615.870046056 484.02260765
154.014032762 556.656329617
754.826662219 614.634330313
741.243778333 579.551340506
194.544920622 554.210762271
583.129010198 150.269138851
575.030986117 506.15779591
362.959006495 445.598251775
581.389431776 352.48232646
609.296114276 287.952773735
623.687901663 101.17988098
217.166299249 548.362602661
594.148088771 311.352095164
385.534687004 408.856188456
553.189410533 449.927755261
