709.335910907 371.513462925
351.487954782 159.350314291
382.516101664 214.133943098
369.072503147 170.414171664
521.090963573 577.27020606
414.518753359 553.645689594
98.897618653 78.6607059256
555.567213713 139.81694162
457.664875342 154.541763738
445.257975896 217.147157712
290.479894219 77.9057688388
421.60910688 117.397316033
473.404970791 608.872392741
219.729571996 61.2915376613
484.530505833 685.475488382
463.023922115 182.36902169
423.78169871 177.731888808
498.948184272 542.724279699
525.551793876 541.773808549
492.580359091 127.754127883
407.228235624 220.861145131
397.524537223 168.677957925
505.670166824 702.116809844
161.441898526 93.2595168885
68.681745442 111.301615665
504.118511083 681.343052205
294.472896618 559.785423328
544.29145554 187.577874907
256.624378573 35.7765850401
416.611155525 206.155966252
483.228537524 171.030251496
358.101058989 139.478670462
495.293198502 232.150318883
265.320192374 71.4341046679
466.892008355 198.031630087
324.879853434 159.886950928
466.647603674 237.649685488
552.834515809 167.073846779
404.113630368 151.140204808
379.977553426 128.447573205
420.893731535 471.465779584
496.022540104 599.802106546
692.176467377 364.266515398
83.7944159173 97.380564731
472.891912804 525.910984497
445.974954538 125.025560918
505.577153026 662.421062194
76.826583708 141.233143033
471.547775765 572.322474135
463.210342633 221.666021076
254.825644271 57.6238777519
109.048796976 108.566476411
479.536880952 223.656822164
386.518220094 192.129964759
525.300367038 700.444346228
247.569948543 89.640030479
354.016834688 198.035702445
497.017124678 178.505684042
510.222518537 112.68095527
509.437988603 165.928180644
238.845769596 115.324544932
527.251731871 155.316437261
439.163581272 197.741207935
534.781042305 418.993397912
275.922579912 96.6432107638
332.518412993 187.574908228
421.329374138 152.204476025
118.092486868 136.129388488
508.880079571 513.983621234
487.413730136 502.639949959
430.710291555 140.996406388
171.871419861 120.73786802
436.379969416 154.276795871
185.106476415 89.4601386953
498.628293878 200.687489656
524.669007838 677.520821741
528.544842868 179.239107629
222.825685867 89.3284419687
281.40902023 47.1864098367
465.225217534 138.684152752
396.671726883 124.852512095
506.36853006 145.889521202
498.184552566 217.998925672
505.915265795 620.996413916
680.195187401 376.327366734
439.203688298 179.982622138
377.159753133 152.769168196
474.237258554 209.209427017
481.720872234 159.512648754
528.268526326 136.906611647
220.74487474 516.1627442
128.064324204 90.3738684821
484.247225426 644.062703697
480.1732532 114.008470526
90.4624716441 126.863868885
448.620479536 108.05237646
298.624285432 66.7994943556
514.097600183 428.460612534
133.389904257 124.956716424
261.122516306 115.39459527
