590.656746466 120.506055572
206.04047332 30.3882321802
597.654864949 97.7043990532
749.547238922 446.345555069
660.956294216 643.987844691
655.988198774 583.11568174
570.227456357 99.0347616164
666.392490765 113.415478722
652.844933808 150.3938816
151.116781579 17.0010807124
683.495007595 226.862915303
708.157689401 602.550741612
117.136862721 62.4960373602
687.100348855 184.118987377
655.54388633 184.851305882
311.434826013 510.060552888
205.63958796 82.261612543
138.701612721 41.9037304824
709.156242277 427.784572311
575.397423829 75.14089153
607.137688843 148.5741207
618.210539814 196.52794499
181.980883062 24.4704011038
667.406741561 150.811265267
679.313006393 104.571007284
637.903404295 116.136173942
110.645792163 34.1239739755
489.505289725 47.2691702429
193.357096768 52.0294230914
659.7077034 139.958889098
580.612708253 134.47326578
648.51440271 680.569515974
522.730366862 61.1888203189
692.546413968 568.247111622
648.27532155 91.8562987759
602.908636968 72.2077812127
500.848512671 67.888488244
158.079123106 48.2109768999
645.796611327 72.3593713341
676.739531865 138.177032982
671.298694984 605.849317538
165.014170289 31.234173623
657.366559239 225.20982216
527.742619469 31.8212083037
602.5917698 175.48458771
658.981288992 666.118145525
365.98110079 435.856616413
229.252778043 425.192191784
676.319924255 163.173242467
509.781311777 42.1920409708
596.512683256 84.8889105579
589.398301503 153.814203537
707.186484469 480.687145685
686.133596897 590.723615316
649.265769968 601.023370588
704.389402634 454.018787998
627.943826937 126.690812601
616.376745698 69.3225616558
673.376661572 197.357516943
681.418100788 700.362261191
560.591947246 115.160551709
698.066534815 626.810919878
174.018254792 65.8085327553
130.862399515 34.3072879532
653.793090367 700.635046388
661.063089749 213.461660176
248.33930113 413.262704782
612.708971942 223.781874408
673.535949297 676.293831391
695.714814989 210.153129423
658.306132111 85.909025975
684.687374061 75.6102730593
621.271471394 97.8573992909
638.793793748 195.953994183
724.671309908 465.158840416
143.356298339 80.8810489755
634.441187581 105.552877125
546.817229662 38.9892831293
651.702427746 106.157864787
602.947656816 84.9923066864
582.38971972 108.654313726
634.853184809 133.559399697
635.99255582 213.435957143
662.679068987 569.95709347
670.021693836 626.949002164
670.060086678 180.928648159
722.125251721 438.976678341
636.770852053 229.98239136
632.842313103 157.470223649
675.573520392 213.049376836
597.783412745 116.58806714
647.813302465 170.044511502
620.497717147 692.005309582
665.475435646 71.1607158559
219.711414748 61.5950486997
654.921107345 129.031578071
604.096445416 105.902823355
623.989030098 662.706005502
636.69676185 183.485301045
606.965209714 131.391946274
