421.065211429 642.714833973
451.690436645 624.288491266
544.441338635 489.919977524
273.996583726 366.034617325
406.938772158 668.103384676
137.095708608 375.572804319
447.484933223 646.319113562
449.49511193 162.460566948
440.278632359 246.525304445
426.847690821 436.265981043
398.729898001 570.736984976
425.057662537 677.849511703
320.07961972 458.839226563
516.93475768 111.839491207
462.739567321 259.359823697
118.240264569 392.483114919
192.277713011 333.621760967
292.93644564 466.749578468
393.340346416 641.21448189
606.030567428 441.370267234
431.992694271 459.341471827
470.759053382 485.217181981
534.150582665 462.792603947
459.948168123 101.797414905
409.435449343 371.322078119
458.763639529 354.845655168
451.8916032 417.740728433
436.515579944 400.976835051
416.275278454 616.096170772
497.962780924 94.7365477071
217.559490468 340.286673022
219.646987896 415.319183009
470.168021127 233.056920659
441.47723916 661.269996589
488.709061586 172.795632112
601.368397425 456.022402443
413.60438426 422.753508655
354.202257056 452.392577595
413.903218504 394.23601862
493.791670377 105.964890596
177.689084628 419.224934938
579.293748407 439.772174885
368.018557908 565.641207374
495.401295992 206.771007216
492.926622021 489.274431663
422.27067448 691.301652534
163.053369266 344.592831499
107.031163791 364.789627515
469.463261801 117.365265734
389.751973915 417.135892267
413.771214954 448.702743282
574.700858647 464.98474294
150.49281833 394.519872702
252.823413194 392.385194244
193.46400287 441.118971186
124.587760718 336.085101595
296.545802181 415.692490256
465.225072788 380.000321712
476.426504623 140.445198834
410.890602934 698.710144102
396.996676152 606.308025423
460.011388182 689.961060498
150.837175096 352.548196026
553.202913937 451.175814411
399.582319693 698.804688466
375.486469642 534.808327086
324.650217085 529.264620589
371.033850279 490.058844124
438.640707448 702.35249933
498.552499282 125.764047681
474.662197795 200.788264576
334.466195986 411.87513574
515.006696597 144.943623921
402.43267211 494.841158151
201.240005131 366.185447749
295.51008721 518.039307051
443.369209952 373.644404925
567.101510082 419.284610126
455.854984137 220.11943078
533.135791614 197.433538475
613.528954364 412.981442151
490.859115731 281.019096429
438.312725019 479.571520639
234.987384018 353.91162451
385.589365085 668.488459611
473.712116313 175.666932556
174.070229244 352.700688971
355.77496417 513.960715975
482.827907238 508.583810175
418.381000479 559.728869402
531.124292083 487.89170845
306.748467313 379.521388263
360.747040407 633.216077579
383.449639323 384.789286654
440.119553669 598.43246033
456.474261415 194.316704718
624.039169299 429.798527472
182.083418806 382.381050285
408.882759933 518.31920278
458.969931303 443.419229081
