479.325176549 275.65136038
386.28392828 385.587857032
524.034341679 243.472512598
483.242662156 444.019242325
139.222204268 395.080600541
110.550651149 357.184796517
590.810336315 189.05381657
468.514012626 347.121684635
492.511684148 389.699155239
109.515543597 308.948510647
548.46872479 414.025679326
468.868312269 532.517072103
100.843211355 338.941324004
559.138783005 348.152853238
509.873559062 362.11345413
305.625463955 302.095699936
459.854144788 479.871185782
152.484949645 342.257552878
143.695383291 288.123150333
579.974183082 154.625895162
452.579932951 337.348384404
511.309092632 450.820224428
213.870436238 340.640017912
512.831901401 318.863156424
496.576626247 344.22465633
573.641582556 270.968777809
100.447290868 317.675212643
570.758458434 189.686731238
366.130781047 389.627916875
507.522351741 380.950071021
348.645707173 290.403238388
109.847711203 371.013742916
561.98347224 167.541310179
368.804636758 426.700380108
535.681127933 303.664796995
596.192426549 101.707308556
574.45821117 213.164214676
291.775367451 351.958406424
543.627725123 277.04002435
529.624522725 378.737637214
250.152791788 396.823549685
152.469830491 306.04845755
538.465197287 430.413642621
562.778373282 114.040137667
385.029577996 326.608852585
115.452379697 404.441903161
332.985787907 316.530000097
219.604936941 388.268660713
524.263260523 344.73378079
580.498606809 132.427828817
604.44211152 122.34040214
367.167744766 301.807021206
448.005152919 455.469409467
427.16600864 485.278304678
131.817123555 365.80015279
322.200958895 335.150371485
476.962328518 291.09549243
617.494653826 98.0579776361
545.99680136 376.63817605
423.694614317 514.432623704
593.307190661 227.171819661
453.137804401 520.868112145
338.577085845 391.239923234
128.034862659 316.456095313
246.490868549 420.936712999
519.135745376 389.498897066
461.52159468 495.464739071
186.191980084 301.361547779
274.614947161 431.672049104
568.112558952 371.162268024
514.047117441 217.189657167
597.12611061 310.60263363
519.01749137 261.436505775
550.268149026 387.216188924
501.495037638 480.387833212
126.7979276 334.391332225
521.781791513 279.812562351
581.244927724 98.0988929554
445.764595629 310.505085764
614.22106208 157.782775104
492.238714293 257.444074146
431.428587857 342.688538114
504.576556372 696.530029189
286.436327622 387.431307522
282.765016017 408.122410445
546.390579686 342.493056294
404.209504921 364.793217484
521.053354295 686.184411606
473.771880338 385.134717452
567.950105761 397.69682724
392.98619452 283.28258893
530.853913772 405.382434926
98.3490696989 379.854986007
594.698854747 287.303500431
406.528110497 398.489160001
490.564403596 354.652123041
506.196548296 292.797013361
92.9826239247 346.048226654
518.713455276 410.071676192
419.976559681 295.797503674
