729.000681191 98.634438732
700.021514691 126.823590415
741.334056104 159.624565043
703.302802437 272.744846705
599.660594419 529.225724081
457.246189042 482.304113093
497.781777049 314.288867528
642.205422748 384.124027694
740.7404717 351.187362203
461.454471632 306.031200415
705.430952713 226.641194976
722.165637799 237.80745409
272.08617839 216.411605928
717.097947021 174.57883268
636.267559101 453.347215109
713.494658218 336.602736129
710.135992554 286.76688564
672.489073599 540.508111176
656.668318624 544.899423061
430.981456975 242.021668964
661.843934804 239.417853344
717.706893168 248.679342753
676.497580202 465.024232039
651.32502879 263.835852014
620.461225708 323.539337486
673.90546644 424.971099878
247.626537336 192.233587657
687.258854977 350.047114425
705.524661883 99.1184965681
692.528823826 298.717954065
735.784211656 368.869637093
404.330432269 286.870414899
658.593774507 329.889336257
643.363412284 319.09760246
681.762185817 228.862382878
708.574116136 161.934476622
667.233027649 353.375408616
721.095718026 377.130798143
736.848392616 117.675710615
473.544109287 259.097782291
700.036666071 402.53432609
640.322401581 523.608041828
702.348753174 245.389301009
662.772092764 280.8764162
755.268374147 510.855088568
376.438883939 266.754161901
731.249234478 427.479332207
700.751428818 475.710581957
281.31932244 179.897075804
677.3759455 302.863440171
711.255223116 200.768924989
748.708547672 476.850017759
700.76984595 279.220377307
705.581369529 304.142422273
642.815082529 562.454020843
735.884730517 500.084572876
695.795063352 188.165915183
702.036440262 197.701324175
456.961658675 225.776514645
728.557004021 310.965757522
262.059231265 163.412362054
730.204713543 282.132266975
689.310049282 206.63347704
619.459825317 496.786009946
690.101309537 514.229458722
496.199633888 281.410844585
718.683942677 270.006210489
667.087496493 500.417236777
702.598224958 548.612737076
727.787073742 180.111443764
752.069938335 101.874380755
684.821507413 280.210792641
748.011710298 129.136569928
526.897873526 282.992201101
704.702751095 208.827314696
625.464524063 538.398657993
739.425526574 141.609655141
681.457444045 246.893755534
725.036270838 110.646049438
420.62483241 252.757525017
740.459705902 84.1112093768
682.3265148 183.85094205
725.77638191 208.998659067
721.696692184 452.790787637
723.152927376 514.030779032
707.676954548 345.49359858
668.561287884 206.522117496
726.297994308 191.544894585
723.063972251 322.034023301
508.912592861 246.733887778
759.79544332 417.213300163
693.748455756 235.473790807
253.904503775 226.183653337
392.795725976 228.02054897
636.319120958 286.483705926
399.768285801 251.899360491
725.965109149 133.16726529
234.974637109 217.596670081
692.196666139 255.280016723
770.582971917 449.543648182
