152.411882077 87.9553251126
121.705294348 131.067405772
167.003075636 151.395581637
418.586561723 732.037050072
160.194017226 784.669994407
148.004614814 769.5185314
64.0064215704 509.836859908
110.756158839 327.830587798
399.556545557 765.440085973
145.582960548 752.057506316
417.405956994 302.621903225
506.787017906 718.867178748
120.076278353 762.159425881
157.795787693 160.561515492
126.117552839 469.061449898
332.122761176 730.023008446
443.25863802 747.517845804
231.747058926 769.268043811
207.497048985 768.962420154
48.4027052057 480.006143007
120.3456442 218.623123647
472.678735023 720.751755882
241.943392494 732.246143969
128.50685896 244.871689337
109.107979935 307.008132877
131.865097799 348.678412697
125.371719063 744.873308024
159.168535517 330.345097471
126.304294679 99.9598588209
376.001903226 740.823227306
353.90189296 748.816554651
144.27851256 785.596808809
133.004355374 303.776938833
126.26510426 288.919906875
143.003663169 221.016861439
142.999222809 146.24098909
141.390374258 328.699677325
314.406365014 724.970687516
157.913783001 112.567836409
66.6565389367 475.009689503
294.235506651 732.040620439
184.565320391 750.570201127
453.124691608 714.61154713
151.093849446 273.091093401
346.17014112 790.359746815
126.326975179 782.778545045
335.108206893 762.811232689
276.789341209 740.107661307
229.305389286 475.525984751
162.924913304 303.314844211
188.275461315 218.92932361
347.194692732 783.5559356
406.32692708 740.686383282
427.448684667 760.391294854
194.099894865 786.060153406
317.69640622 771.965312333
145.870861184 171.700280527
160.586897642 191.918918077
80.4307264685 460.333245672
450.744769046 769.085894236
224.23630351 457.839813166
490.977717838 749.567231508
147.793469581 198.375412423
165.129777872 733.001682381
264.569296602 765.245504446
81.3750297792 497.607803969
475.970098286 740.085996395
212.612595135 736.789565769
279.252833514 783.667253506
178.23874164 175.186130824
172.956596622 100.450791088
362.335302908 720.753517926
170.031115504 123.930623061
103.36665207 448.257083222
501.315650434 693.262468503
177.462097342 774.7079902
164.456985427 133.676649659
159.295129929 240.11264485
147.749192749 101.343514226
48.6443142764 506.565097772
165.041120014 74.3054947238
134.982878746 164.17053948
529.894827115 692.615145325
313.073645764 752.24183198
301.273768464 767.456155665
306.215151189 412.859448489
124.674939198 187.179362341
534.368176975 670.300282409
387.052720616 758.72693114
102.95679329 431.643884287
370.135578682 763.794945706
385.415839403 686.594576412
115.453519921 781.258360568
39.5771410043 497.378330918
122.81845998 268.338660289
56.2439366207 534.004023131
148.993333391 124.344299128
107.776986415 771.472957776
389.404551883 715.63279137
380.517459205 778.649792115
