230.915832332 425.1183125
246.202604179 462.360109073
260.53125221 402.782909876
480.484596437 526.797234654
157.409867353 672.239564259
159.632029522 474.296710909
209.331520408 515.166913347
92.8036605034 209.389885622
110.063997451 239.504796223
296.42124414 442.457290244
176.139547388 675.694046653
313.419477517 536.865007779
101.244741553 569.1219361
128.518600903 89.4951808045
242.040108424 241.007301317
112.989773203 673.749914954
438.811493162 508.071137111
169.155009366 493.602369299
181.275540671 577.773658502
518.120642455 563.526502647
134.919939739 236.415313875
441.111625411 551.199139311
464.378409182 573.651448654
178.677403201 221.47866746
118.115247648 259.316477957
152.506202458 145.044278125
179.352369436 120.183488021
397.3426376 472.067830005
140.981392922 655.604100833
133.75843888 99.7904244632
164.388886522 143.710274676
137.163775685 501.771269662
110.198407703 214.235151744
218.54012704 392.46487473
94.22815612 178.038913062
490.623807215 585.487963197
197.581138395 259.451057916
181.218915948 521.081421088
211.970389443 248.220487057
106.265857393 136.206063667
122.007163793 697.505767605
156.532111595 188.833749087
156.053630485 699.587722247
132.618422588 189.058787708
507.175796932 534.515439466
259.351835067 492.040032951
227.29654917 293.46903054
384.740215622 328.601538448
209.727650458 218.035544954
239.199098068 348.453181589
220.436051188 328.29714738
250.315513445 527.213069667
172.880251957 475.102206142
175.018946969 451.458864519
135.973300964 544.746418286
252.5667744 375.376953459
185.869489188 490.268230981
137.043842377 117.053354245
224.406150395 201.630127252
183.480683715 615.429024464
127.350426136 625.570361291
300.580905813 515.520352647
267.160348554 341.27468023
192.947075532 108.4693308
301.141163971 557.984425026
88.9858865015 607.09414727
144.702624673 712.413621963
145.273575488 586.124708309
200.785730203 549.999581806
107.31822676 156.756534196
111.839592601 175.928502464
226.787601566 376.680898397
99.5938137604 109.317681046
206.070182368 461.084912336
210.25268892 352.138701138
135.825952779 686.345173258
357.708720047 476.174617849
176.319301399 98.4004042463
84.5743548374 257.075765701
151.049751488 105.661629419
189.953982202 134.829921157
163.34202564 110.614166009
408.187276385 536.176514443
492.783509642 559.857795185
177.195477852 698.977233221
88.3988277584 230.365343197
195.603499679 299.657031645
81.5514818138 590.368496938
285.369720413 484.046759259
179.493335129 654.739811571
221.721992521 490.07904176
461.12894586 542.185749909
125.911374351 608.542334505
71.0571435075 191.560197034
150.386756458 628.287653258
64.5141037201 231.04563191
176.427314311 178.625885007
155.861021886 518.253392168
164.959465851 547.898725518
434.567084077 474.475806563
