269.174947023 657.729219231
578.846829268 757.561163892
369.942720655 711.319657558
386.816434485 674.154472473
443.216796244 241.445971132
419.742780587 236.969003626
442.98594852 438.922055128
639.778753018 764.54564674
338.271796517 763.671065035
368.720365681 567.615230404
312.210907536 770.368161194
118.500322668 786.750167086
452.816277938 268.154506942
364.694865658 774.264086025
417.213612812 499.651423772
340.938510117 669.759076129
307.116271133 718.208556532
372.781536475 641.536059992
683.931445684 753.038051823
487.840228092 696.037186888
472.447054016 726.403254796
134.88468804 777.612110665
457.989583536 472.932001035
379.627484617 530.920762988
203.841212175 724.962472045
352.916807273 622.128138524
649.471123758 725.050675434
486.333341583 712.404222798
717.763368929 794.433337985
485.976121058 253.460226672
463.142782366 733.40951896
339.781225587 741.52298507
450.095668419 417.080088753
317.173228581 734.819588059
541.870742421 264.629784646
271.30828553 622.371046961
406.668460925 544.312318873
445.837950278 679.497373287
634.871107884 730.541788045
684.51467601 787.687508178
451.093178691 621.099207913
715.173586237 757.431697638
444.580236959 194.928565181
519.713057499 731.136232918
600.977392182 777.425975942
405.056801209 738.614859306
187.412199832 701.086596129
663.194718904 759.313460754
384.918467109 730.718406132
410.225532681 690.659147466
526.511883891 705.155956611
466.299171475 437.287645796
556.988030494 735.15698157
392.103383326 605.542356545
415.267328419 577.027891319
435.581114906 212.697786269
107.143131966 773.197221448
622.61906888 766.551145376
395.19277621 711.053206696
597.800468519 736.164957714
136.332931611 756.703682728
452.079573427 750.694022346
707.243896042 793.7681809
599.328245356 710.095404029
151.699104585 729.757707408
256.526179128 714.318682411
413.293709735 415.228647253
623.959444569 739.63041946
448.578760406 725.216400745
710.589841866 775.41351356
310.285464072 744.842691063
395.992348256 569.445255693
685.094271191 724.797592265
99.3885609696 753.14934856
437.452990766 611.413733162
410.295272359 625.925555621
376.131678418 205.5360372
672.147863921 745.427743171
711.918564912 735.518173377
429.862007935 452.600955094
702.349468861 745.457481835
348.432816232 720.650854972
570.400056229 711.243158345
351.651232705 689.197499649
406.890811843 216.889423503
353.793741289 701.814015271
117.99694449 749.707217632
469.248953863 694.958945267
100.289478305 794.977803119
470.58972458 228.341890438
394.809112474 690.579261896
508.537447117 683.36106044
321.382870804 757.681022909
418.43896616 710.659911008
369.664006361 690.27648054
436.178129691 686.212746242
699.102256672 776.221448627
372.958213324 744.09745804
454.545538486 702.317941972
417.486813358 188.739894195
