172.329632849 103.568068406
642.986022541 144.830459968
649.327046822 79.3264889923
219.687332414 111.935001677
668.01624625 103.085808577
175.303057603 115.50139619
467.439456559 92.0838583968
614.271692191 96.8760362203
153.904868292 84.8300476848
469.517369106 318.349711567
672.834545461 70.8939359242
190.062793856 120.5287242
476.119130641 476.946467267
433.305851859 136.628480201
396.751024227 68.9778406427
466.896660726 506.298775489
423.063446944 157.585834766
429.000868976 431.967376796
446.426481562 102.879667532
377.678749763 331.104954762
401.71736174 140.618352472
437.542486505 340.320061336
424.574779627 470.467931793
529.072288492 101.434545793
567.939906009 139.970526387
185.212600191 100.598005368
333.750823595 117.803855001
534.121735509 135.159782899
340.415718228 98.820554757
505.985267777 153.385176112
500.133238028 106.7331791
154.906384287 116.106351395
371.181590518 390.305377189
377.629549367 132.671219107
495.054268533 371.924865089
235.250731412 140.264587084
360.033194415 356.266509773
167.148888855 138.607640498
349.516286713 122.037097367
480.755443348 126.538490415
443.199603904 533.317178909
565.54946233 179.802436403
426.581885603 367.670165885
450.864022467 378.647310889
470.704688106 239.100426371
645.04362259 97.9484343386
374.052592435 117.277753242
382.115881318 103.642453884
362.674399261 72.1746384848
196.237638993 95.3166011587
525.944292596 201.994052347
403.022020779 387.643683166
431.114567025 504.276254159
471.027827299 433.06412965
445.772852806 399.370412924
522.69627751 173.427316652
623.245970968 110.548383362
488.540310271 401.829660894
389.832527523 81.3719914937
600.679640933 73.9235071892
474.722908764 352.650383588
189.253536324 78.5983797427
455.291715408 177.485041935
358.212176427 89.4133321967
463.158431547 528.485215441
142.462793883 125.440308866
451.689969688 131.128676055
440.153826984 561.631548304
391.533028602 412.43128736
475.761726916 98.283592606
170.505626867 88.2758672179
421.447316895 397.001101171
434.460251094 415.553939861
103.903712931 244.079845665
157.670309726 73.4846018142
461.250960336 550.044346419
380.307570871 366.511165695
476.940884511 161.178568505
446.237570342 441.387341347
481.335211306 193.977196324
402.711987363 107.636240378
455.060162475 361.845152725
429.302853759 396.675629237
579.831980037 107.698683549
432.829582945 375.010832767
451.444552598 470.909651208
463.068269057 389.753023889
396.677561364 495.877979763
630.526696744 73.5455355082
409.293857106 439.089024237
404.350917207 408.323599153
411.081944339 371.952666363
199.037389149 132.997920709
152.81262264 97.7319990904
382.389858811 91.8832893774
419.644548978 540.961955728
336.163634779 84.2649366375
394.557082246 350.016166062
356.522557738 102.036833309
571.153030078 83.2588854989
