725.646415347 628.643874183
639.093354585 343.231016986
687.699077441 512.599727472
663.414196865 462.405289849
725.725777654 246.787101501
768.27987771 626.903682094
716.721492181 424.984129433
696.308767285 430.197640422
781.379659329 699.318433348
668.938356796 648.664629664
736.700670098 701.012526517
120.743490613 440.233605342
733.856529197 683.76868988
691.01295887 605.55993854
693.058278406 485.384130939
669.890236775 595.194533451
696.978670271 686.559760848
714.631294631 386.169317233
611.413604274 345.582450186
526.904719643 474.552385577
740.794422142 131.89342565
721.939884907 362.790603584
709.466036826 484.530267658
630.410152101 436.873073675
144.589268012 412.811724119
591.446452922 400.461968129
690.890388535 393.115547829
698.17637405 400.995905268
665.277196039 444.32538737
104.384395267 437.824764884
733.539267613 589.797230755
660.706727048 417.319898996
774.319397871 127.964352284
625.952496662 386.419070321
692.29068369 699.50591123
488.93709005 483.386584805
747.982390577 231.643863403
768.116292414 699.384917064
673.922011628 330.000143069
737.936989705 220.385196919
711.067185262 531.040504976
770.927708651 107.443247176
707.684946228 506.462607852
435.686995891 495.419554454
616.76618801 406.326062403
791.023101207 671.482622259
692.644623403 411.758876288
705.567253097 337.713642585
660.449641698 376.67192143
683.870957688 417.487905831
467.623717908 487.517253286
494.24766428 454.502859909
672.916822579 306.903227286
770.625290417 662.83035398
677.575222484 438.510455766
509.775157884 484.310399392
654.994409476 603.494938458
651.755281964 354.24366365
687.579789963 448.950460653
749.42207859 97.8453074476
708.341325884 295.341369658
687.114632643 627.931401214
681.95982613 457.433940001
461.543618633 458.148492103
609.809080458 501.819841293
128.891927214 452.073686147
699.446655798 443.940926836
104.859610126 400.864565396
705.735063688 572.085874208
757.232014006 672.887335009
651.88956431 434.045795339
721.878770079 698.508177074
746.021936827 287.597795016
604.414734022 434.872504777
666.737490423 393.860566012
638.625632606 467.935337993
150.795223352 437.474081457
725.034758508 278.978150811
704.437190565 319.994579415
758.884139359 587.050024284
704.736940965 409.737333676
697.118518699 666.826546629
759.333354872 243.966222475
684.46048481 374.93514051
720.834250349 654.558175891
645.102526265 409.414176902
97.0880868619 420.695446174
756.24307894 145.165177567
661.48260334 542.841752403
712.947472469 266.133437336
676.595842237 476.866858746
123.514876651 411.54336899
771.819812983 280.277997329
687.945639408 567.711082082
744.275739986 111.083865935
754.336005859 257.065542243
639.640199127 313.607689867
707.479421752 350.529810681
727.097151262 303.015964368
615.522865471 360.456138029
