208.964918506 705.934644115
234.64906479 682.158254011
484.254763876 723.021187182
120.045797679 526.301890194
80.0131244301 730.798606224
15.3556208914 644.900259246
131.5724355 701.768211691
63.5281777633 163.492723
54.5272449738 252.742518016
61.237549835 365.395859955
57.8254857824 697.831497092
143.798420453 735.829455287
40.1615625117 679.486933272
129.365073996 138.952668828
80.0361481348 254.070306322
10.0310152572 671.737473818
80.6177746501 493.333484498
14.4110280478 697.392652367
187.941840427 733.262743868
611.022324038 728.403859108
66.6298174741 392.073473498
321.947077996 520.711272043
474.179804781 706.855788669
71.698726869 117.679795093
47.0029696214 298.773870064
97.4235493557 272.024456516
85.0535954809 337.508945311
73.1117400438 324.415916941
81.3730860657 718.224989537
109.315665407 110.680344161
118.629470504 500.032327424
12.0928495294 678.533964857
84.8143385227 219.579452304
237.618102553 715.250537058
102.522317259 189.820413474
635.361837318 740.299262993
44.7462982304 364.709124693
55.2452177315 627.162893893
45.2450879614 342.063252211
105.893488483 132.972972123
11.482670853 686.691287552
596.257932648 711.705355723
34.4164702516 707.505008603
110.939476515 225.739446848
373.441316016 512.79849019
210.076542321 728.657012602
63.4840059915 523.876056099
41.3442353912 527.87821132
81.8483956762 139.374850359
29.1985750183 392.237680673
49.1488166071 404.751211356
582.629457917 732.126621838
24.4497477596 660.260712656
35.3651224581 621.850711499
6.02202959236 708.59778588
54.0394482092 505.139769484
44.1682254359 649.006685571
103.911554828 297.124260062
90.4375083976 165.061928373
220.489906743 757.55211038
55.0099851753 714.030601361
263.96479363 742.824243743
57.3839389519 555.960838297
583.940623328 673.3186492
128.633675451 745.178256504
36.159281862 692.788605089
25.6826258751 722.693566384
45.718083436 664.842412628
238.437655204 739.039134669
111.387949129 155.497968971
87.9701519739 204.945245469
74.7460200565 587.841844213
129.187831832 174.856779636
75.888769434 626.055935311
51.726848608 596.583414566
11.6371232881 709.055771097
73.6564480103 303.489143824
597.468134327 651.857986954
72.5394368609 230.379161167
472.680378693 207.307916258
637.822971112 715.809103046
441.803504917 290.915871099
72.3764650246 418.963343336
84.1626418232 523.168151696
44.7432662992 732.415689706
87.6100070784 186.359668984
76.7377885098 556.285142044
22.9398938254 698.165115083
353.161128084 540.725617484
67.8332034855 683.256189596
460.123456475 723.553203248
94.2343838993 558.830562225
178.479656486 756.867988722
30.646665541 372.340952388
91.0078244237 706.811927276
70.6520457912 212.9031665
658.242989671 733.398943536
11.4042150086 659.542240853
68.3776432598 659.973965064
87.8687528742 372.9324146
