205.74605248 538.394700353
54.8569517702 365.55612459
403.395636333 408.092753822
16.1050331933 308.379045115
426.495002254 439.956485282
63.6197472194 412.708661339
24.957128669 544.398827022
65.0358331214 578.767851806
433.869914778 396.757923727
19.3319531341 150.453605992
122.080787836 454.098855418
609.627177046 343.37994352
27.2896804234 110.101178018
66.5500414464 315.530741556
623.009147317 254.145184865
85.2105028316 271.850784786
41.9218332497 301.783887729
607.557170885 330.037108124
444.658144897 419.45660136
268.476969419 506.395206324
282.581502576 368.268433518
54.4864109027 285.481968795
63.8868458614 504.274364352
42.1932139336 103.709109615
193.578152092 466.733040335
17.3134661781 120.20994098
498.631853094 158.489629549
565.878881676 303.171843427
646.067478444 324.549166756
33.1497489081 511.079128557
94.6421393895 440.810420525
29.9705090168 142.069443788
259.298501332 401.317244803
14.9468954427 175.177274451
250.26755573 565.239221161
77.1530345552 489.482839455
84.8603214987 143.7420538
49.3944005701 492.493997616
33.9848365918 579.347843925
523.870236858 145.442274298
261.719794947 590.691435601
334.802566428 387.297082911
256.521461476 427.779708592
516.324291252 221.334073654
105.888028573 286.418259517
19.6606201873 97.9398827949
68.7009893362 210.91848623
645.484192443 301.448701406
218.248750254 424.059709989
81.8793127194 567.499908369
358.690155438 357.299780936
48.0186764428 534.178536892
285.893201641 545.587125439
57.0149354057 115.248960555
593.222301684 276.801898461
95.0268742849 541.413432004
65.7149129715 173.249148628
148.132372907 457.804328357
44.104828192 146.81943679
39.0014443433 332.18000392
208.765287681 667.052100662
97.7661569827 421.603865806
553.344676108 214.046819118
441.723502391 380.825472457
569.01380808 255.721772169
240.883800228 546.976264124
381.565276456 390.583955073
624.379189343 306.734023492
262.565032563 487.200443793
292.722920656 525.169799048
601.845657304 313.35688271
92.8808218546 240.67877679
252.286558015 453.700575895
26.8909325419 130.261349214
21.0448758022 217.942355513
231.298356088 523.587342097
352.219771446 413.309589954
82.4071477343 315.19169276
53.5742341425 568.356970837
372.431625897 380.745052793
584.884655534 299.431488845
103.776471726 470.527177923
29.2191094693 271.244862528
180.755462998 437.054568952
92.129979267 192.743180751
634.422954121 346.688559327
590.715159885 257.428353435
260.478451597 533.985996194
44.8136045234 206.811187723
193.248282223 403.514627041
222.729599414 454.560597525
164.262850409 509.662024667
68.4095993167 544.755450629
76.2038894357 360.187243951
371.89207125 428.083612876
217.772831242 504.30221458
405.975606022 382.020277684
616.493932706 289.895606207
10.2372171097 266.978948619
67.4209645669 130.721889202
