259.010571098 682.073103364
669.398173426 309.509177776
466.948358401 326.576189402
489.869360809 292.112083144
665.490008459 90.8623770572
637.58136376 110.991743514
674.669525638 226.987381133
658.362002214 332.664950462
403.039200486 311.77874332
513.551425001 246.661074435
366.491531285 310.169175561
134.688143999 337.600175031
650.407770206 116.739042169
424.981837153 336.868127948
578.256587201 210.835211693
436.603074718 241.779643504
328.757112326 254.37426896
498.653910316 264.444241308
697.128600547 323.965649134
600.758099708 294.695999364
688.873859097 371.560515037
147.977827262 344.350774139
678.354359384 242.091384905
553.226651246 226.406675076
181.591295385 647.095685409
474.056403922 255.57470498
701.93880171 276.896501242
584.422052876 326.184453563
705.032853534 392.16406658
684.915120588 91.6848370758
674.482498819 377.835171703
390.197390296 283.442544258
680.012851218 199.788639251
353.453450891 271.552082679
667.865992713 114.683965773
259.911104028 663.376174642
587.409978161 235.564899837
564.131472692 313.246440345
693.82475013 277.506006421
677.545182968 395.196904229
570.057785933 283.507681806
704.363830766 343.659030499
658.510103454 54.7389077866
527.895405144 363.075622425
640.921553563 340.865495346
654.820633489 399.420967578
179.22319686 306.828010773
677.085419709 332.814395291
475.576761801 378.320156897
497.027823334 344.162007875
639.189270096 284.879242942
696.129839098 230.886435206
626.443838468 294.25248593
513.724554105 281.309709943
585.085128297 258.873131712
649.940063681 81.6654850932
119.711984095 332.725086472
620.03614046 320.718595835
471.842945689 352.277132002
652.870018622 283.263698431
163.666411283 316.106991836
674.05453058 412.96335261
688.560026026 404.671748645
676.200304385 258.814960746
148.548207431 293.328397279
260.302793857 700.777364229
653.552574429 206.554487495
669.074202114 285.813493294
649.509659844 368.850464458
679.652609806 347.231436581
314.589486447 275.634924919
548.611502031 243.057355684
709.251464154 277.417954953
103.611925725 311.568222398
541.145214663 281.083108638
522.668728578 296.387777806
613.22996992 109.215934191
687.75552928 289.24038642
710.544599536 296.449234922
651.750933967 228.15053897
695.269282321 302.417394181
423.737879722 279.610911
647.3903771 265.886717927
449.649473281 261.769087427
630.925738497 96.6779971526
412.720976008 250.839822678
131.090245033 301.61930426
539.069969839 331.579417712
102.103930028 331.512207262
672.173860231 72.8385479085
493.699585923 307.690615413
610.19158822 273.592390903
332.062671557 286.202149768
623.652626294 362.631097381
458.913075007 286.893497317
510.455992207 328.738840502
700.088311923 365.494276181
442.58823218 318.11534677
492.919961327 362.434182865
628.041647299 73.3497581771
