92.3304632643 500.618627059
140.760042306 334.207912728
659.676852904 427.88509788
422.604668695 462.536662425
258.266699776 411.03055441
105.657928124 523.639665372
700.670252861 391.708781123
670.562505368 396.617411663
77.7077502396 681.844403052
54.3614318862 557.603003131
60.6698661636 699.327775777
61.7244997215 343.052756506
60.6328945797 649.137885854
105.524789302 467.92891089
608.445772192 423.366824881
105.206931015 413.746186497
44.7786640273 667.11959645
672.963943095 366.316456807
59.7200179935 203.872989088
288.857285149 472.373676653
55.9367228237 182.894449721
628.806802491 381.624938269
700.024722848 423.603673858
299.229824773 461.988301189
55.1550353634 301.963725359
42.0081523991 233.616339949
601.533567085 388.546285822
692.891556514 384.561451469
439.484660196 420.545175182
43.1351784402 362.373533356
133.784724459 410.313028143
406.154271664 466.997446841
343.983082992 432.403041833
247.661803241 457.427870181
33.0864790476 700.997099004
127.343281506 355.24075294
337.697834601 416.873648525
79.4309696472 700.533329822
393.294304328 457.037144016
257.167377996 356.285146752
656.156179844 497.135021545
315.078649538 303.152040856
678.188530639 433.825130871
83.2367564246 347.281495194
72.0263166851 243.462557827
84.5365907719 661.202701325
567.481503294 405.672694624
463.384896167 378.740785588
325.798828152 470.211269567
496.002152287 408.230346905
95.0482384511 350.616184362
81.8746541183 312.834154262
283.383240733 446.278747548
85.7830135852 549.172230531
531.488243742 415.670234752
263.01498083 479.016292557
69.0873170013 480.808380254
305.898051801 447.289438067
636.572331056 417.665949549
80.1378563728 179.015771741
365.014485499 455.258776046
64.1154746879 512.064973743
575.747237401 434.845225955
64.2651421873 322.573737694
97.0121903116 366.738257832
63.3124975011 373.176751739
686.232920213 417.163117639
46.5548179519 332.759827195
126.60401825 386.028451517
74.9482606082 622.346799222
335.815426011 488.701922545
46.7409281468 686.765108496
607.928156645 364.025748845
97.7719813207 329.01496001
411.212423783 429.150675347
387.071220408 487.352740311
69.7459019423 352.208646138
377.228471039 426.038624461
494.019783086 392.877693304
134.44745194 440.311432465
648.243431596 405.352731723
43.5564967825 624.56969462
482.451067547 364.887176751
461.450003027 407.101561957
63.9427441516 530.097018455
361.824953627 493.218470187
21.947163522 334.095630714
278.152760208 308.919118663
116.410831894 370.856594865
268.491413594 437.799861979
438.078670906 463.563894416
34.180513862 311.881533883
648.588043364 378.28570807
102.348007677 392.868885186
52.5182873445 160.572477146
438.288312247 385.811444771
87.0139679697 217.374427755
526.360955599 386.996743144
566.960283966 373.362659664
55.8822524375 221.670315821
