677.798584072 335.274537823
623.466416157 560.283604
624.077794551 531.613921212
347.417863414 636.792270912
642.896717696 547.494099092
326.089730756 625.814202118
459.970077048 568.019609784
572.575712769 513.283925766
662.003846329 305.267270203
551.257194153 603.785267251
644.195496962 515.268650053
319.932630611 641.734552714
610.679825704 648.660916421
442.505014834 650.430200068
688.50070534 104.396735839
603.337785123 662.800635855
440.432661812 664.793824157
146.415725136 703.529785485
450.28597344 611.022577802
128.880180799 605.552398596
413.511519121 652.68940402
514.389876449 611.936362486
530.645604224 665.5589757
474.97209556 517.932664949
546.742345974 523.056102952
692.044445104 329.478073042
637.740270809 174.654997889
514.500249601 500.987223341
635.750878755 147.821378135
491.781498062 551.036394274
468.674104419 552.144724409
323.961709607 600.444947143
112.301196335 680.130583594
401.310458337 624.8937824
637.448817001 604.066636792
373.361599836 651.714168767
109.421603387 634.451446295
316.909381266 653.404953194
664.598769941 186.853487993
475.485054923 606.082814707
573.538725913 666.463101363
612.00716084 575.702068392
148.179708928 614.264529501
547.241947194 623.617206762
481.781927351 629.748705189
603.339133861 547.237687192
686.995979424 200.440457664
701.235990047 174.110068131
661.508517589 101.506604068
700.739747883 312.434960839
577.181804111 580.961643612
126.475022484 676.545830385
551.847811081 653.161055275
583.555998977 633.191909269
537.313053952 641.953014673
514.520582584 533.558736394
580.256369663 562.401705691
616.410818411 629.11837089
676.329528107 123.221614911
546.260007942 448.266231193
611.736700579 605.873866165
695.124538227 282.920069478
485.71244466 610.432116522
658.515811918 121.565967341
650.576172056 664.955610175
298.176170442 628.190376632
458.995019004 630.425297626
573.748194073 679.660236799
116.874008148 720.923486589
466.092267439 586.386590737
677.746690449 300.538308456
148.999516696 664.507891587
164.118992506 626.123122732
101.987162018 252.923864181
668.185009537 272.852310588
631.947260968 667.495933863
126.073735036 660.816186676
489.068904318 579.455536072
568.433600636 633.041606788
504.942520178 597.742743453
435.698442824 613.200886094
573.497562881 590.504928415
502.938353894 645.423024508
546.78946697 498.12876802
520.419292025 626.275932768
578.993731731 647.382872578
585.602403497 608.112761
495.106129181 665.464378018
567.736820942 483.269572654
137.530219186 726.969188341
127.981580737 704.333141824
133.152515548 643.729238616
344.325574869 653.854031639
657.548295611 332.89859168
696.198735328 144.513504925
550.575221184 678.183925896
638.210441817 113.677078674
126.838226293 632.061672768
671.626217588 149.715492088
526.863291684 465.0499499
