224.501776942 637.074411818
194.131762518 623.635431428
245.696347271 437.088824857
219.406564632 670.69714713
259.457702531 678.498412705
186.786373207 700.256045147
215.952869593 628.97200655
234.878387918 95.6422946405
221.846718849 128.012544526
155.303184808 643.551003341
474.682681982 626.021168496
256.120250444 660.992937743
133.633065942 673.950928707
267.953470231 153.501309599
257.3743868 200.03487045
164.201217912 707.390930117
181.360579409 667.215389008
154.139409575 654.871390724
234.382282905 646.318130721
196.328389271 491.00036222
330.293157766 551.019199539
350.482177282 605.95113704
177.812589967 628.610564337
249.09964135 114.901395955
235.013162636 258.041588537
218.579686014 193.094784045
141.122710012 644.150886121
158.188817399 491.489742516
182.349424088 652.709633485
276.672965193 115.386937498
217.49793457 655.979423825
243.752698604 701.658944056
182.840015651 483.262183639
252.85510659 648.015114057
231.334970896 382.305801739
228.532377237 440.76341269
169.59803432 514.92494616
173.485809471 651.963177521
212.298234031 352.745320823
265.496594341 99.91495363
213.088142733 701.303005383
161.474978282 626.443641137
430.620803878 625.407084096
192.526302289 458.555346212
326.784455257 590.571209029
263.293435283 691.767910486
185.159037127 673.967393954
152.614433934 693.814860287
260.574440098 132.969200508
168.393934907 464.699058437
305.853103089 575.742970272
320.34403037 612.26089194
177.107696225 717.695809899
238.589876025 663.106131328
201.718988798 721.247697675
172.01163691 690.895393487
246.879085581 220.408367155
209.522664262 389.588756708
269.200660664 172.916074458
275.068964399 707.813463541
207.744488569 644.658883175
278.540021141 671.174846601
172.530919592 664.095050655
147.73020489 618.365814608
259.393514082 711.146185988
454.059315106 614.871532555
163.407735777 681.082412627
344.2731208 626.325826245
287.950549085 683.904625958
296.247472894 138.87268999
244.272246529 321.229302993
226.203445321 287.938717292
252.474577723 351.802234082
422.05113783 596.6339143
193.475328805 683.275605725
152.330845737 676.156536405
250.344529296 290.132298701
201.849212664 432.611199449
222.024561242 155.000817542
256.30766013 380.43274579
198.49859905 516.200787152
265.455557992 255.655745524
382.369731384 600.130464534
219.7633087 682.214387823
246.25066284 677.350039349
250.520046504 138.224474969
207.453142284 667.957670571
386.035288087 617.596960167
458.566535641 566.245738059
486.85100179 590.576029942
257.560744942 415.384271983
249.395418816 176.832596569
231.469571561 716.862230918
223.230723334 319.399827189
191.428214197 635.605917382
229.055319563 107.403875093
285.17566263 346.349702667
233.284359313 693.204102563
460.74482576 588.291579164
380.152468884 359.742180208
