306.93168162 534.11681383
460.802747508 686.120046745
266.320395937 754.784220621
378.430484566 697.796165495
299.329615066 224.689255643
325.149209801 667.60211742
86.3619271528 467.622546241
354.316422259 527.678960222
294.355638005 252.984004897
302.331431752 736.970240056
283.667705629 582.740214869
333.050936816 178.284543553
288.597322715 673.619337404
258.965650876 639.951377452
275.153097598 678.012565545
328.14586632 737.235935825
280.141307078 704.263714104
281.84871757 229.545673036
464.11373925 725.815625853
280.441351388 612.867415361
247.40505932 736.741516867
512.425841722 166.208349984
280.514459658 690.113866725
100.904789121 510.425540344
299.828708289 161.889979645
307.38716901 662.178711098
253.679172181 679.543841529
321.114821999 253.84254465
281.250258553 274.335451049
271.713400804 774.238821936
114.022032744 453.109772277
307.676312693 574.925314261
357.563915938 646.665203907
294.245814951 548.43499648
340.238873045 701.492028493
395.793492666 702.968799077
299.432242981 772.413817101
327.77563062 549.619556223
297.508294059 567.956265089
334.546475077 137.704664565
279.821011079 733.744391626
276.863782461 527.459515603
310.327939659 241.650919146
266.354819506 191.178477683
301.493394572 207.28004995
317.971400546 605.042531108
339.381822888 678.085551926
346.431385703 716.765278867
326.796091709 640.91586995
299.387234286 754.575038194
301.561901929 191.906553717
335.306108135 690.611586853
314.035476421 717.511926675
262.110649296 689.837835539
271.094124605 584.89413582
380.514268073 293.290635375
302.476047903 687.044256585
374.855969929 680.953172153
266.672406138 294.701940496
289.77209149 629.350879296
323.089253796 648.392038325
371.423007805 550.272862332
319.08627496 693.622348145
283.587688952 341.699001758
119.460315415 479.047147298
307.856270709 674.723158555
78.2877758859 506.613640212
300.604337039 697.799209995
458.018503932 702.778796808
267.301459295 227.229424758
275.893383171 260.692868126
260.683166111 710.64846394
255.712554028 270.712314135
367.397833832 696.560695867
382.700441928 649.351269925
272.374404934 554.637773927
442.018127001 705.955515526
95.10569142 489.237105549
336.730983953 163.365984847
358.090246667 187.295109493
339.318743337 207.96857023
291.27444727 645.936547609
435.604380636 686.924473627
130.559542888 520.78957372
306.804977312 519.460047157
285.782554068 715.668253614
329.64874512 207.014076714
323.407756083 701.555812683
259.738770046 660.170095201
324.896360973 628.016890139
292.070909128 657.145139353
355.854933548 685.496871877
309.618147111 649.923558586
367.31556588 142.09813273
441.713897792 662.137794388
368.883826621 166.043686386
303.499685025 298.164228209
364.11940738 572.875507363
251.586129328 694.089974804
374.03182111 660.472477509
