130.940641743 387.603281019
427.474233774 500.567928224
74.7555549536 599.410993235
204.171095615 421.961875359
107.608368784 242.866749614
83.3171528574 236.120889428
143.818511837 283.609294422
502.79936415 477.404276429
43.8478344146 648.35917541
123.397829104 338.879178751
21.7524620072 696.042163832
113.465499542 457.922482527
128.17936686 260.632361659
51.1608887763 699.845556076
135.465677474 312.97789936
142.857673739 401.366073989
162.038136396 459.041943841
149.923647898 389.945792854
623.591594023 426.693383699
352.77663562 461.322077524
317.206605437 501.258576066
133.327079488 447.872686426
164.620891292 311.288733875
124.214101217 309.962782382
125.410924386 409.942420446
133.174330093 369.542133954
522.553452584 433.476944746
348.81328662 490.475862736
697.44863301 461.233169353
305.349522314 295.085370975
243.270061068 560.000075615
59.2324147037 617.373977612
142.780874783 273.288313394
53.2982943347 593.816301836
549.065324193 274.579075349
120.918107844 365.100879123
144.569641624 330.896598055
283.403404932 440.461310007
497.356806779 455.250309196
628.11822635 459.79238997
351.327151526 422.323076299
693.921226123 423.526170472
108.014191038 200.479172342
381.649648264 499.993349067
454.946864042 530.583274335
77.8521905979 699.428775018
106.108090529 385.405620305
523.964531896 472.851050589
68.999893832 654.950945922
216.129545038 500.775510723
392.836342023 459.090784779
160.08188294 294.108855484
402.238434376 488.574954911
152.212322301 369.719429698
159.9642678 356.279212815
98.2664548424 220.4639261
109.982125588 440.494124923
471.29562356 501.969417445
82.0935044482 632.137254877
447.070769476 482.937477889
126.701153702 434.626520293
234.763547229 591.073706445
672.13138068 458.808483863
457.596939353 450.435063637
119.731793068 402.618409207
148.981074141 435.574065531
108.217190106 270.940449969
474.755665229 475.34394214
233.409433009 574.450811814
677.464361862 443.193463365
45.2809933399 626.521820564
144.232119623 348.908087417
611.948884149 413.420758455
96.5826646808 431.781495281
195.73110629 387.299764598
173.897111906 387.840397734
42.9390537553 211.85351913
594.841321755 439.65520368
665.116317102 415.752979976
131.999722907 295.165985918
641.489688836 428.060211642
156.991936008 512.148954952
427.695256658 467.852179391
172.394051511 426.844968267
69.5594200758 218.631931501
178.451572485 485.116675427
112.946627331 429.51200301
314.783573497 476.010486227
102.93932727 472.142601537
134.736017015 231.450428838
189.587937809 508.0179908
373.602584313 448.678969151
29.0523542167 667.565158858
87.1369629551 675.80032906
202.726011624 460.856650186
263.535643286 465.42694292
658.351210389 448.579651168
55.3376607028 676.344235358
287.74531213 487.67803366
79.0781095042 201.472036456
