544.720864758 92.2385899744
462.106238051 80.4754938379
584.960587912 122.514399598
574.78779845 252.138198901
109.090196348 34.4483542467
433.101184549 326.743947421
417.069780674 304.494696671
559.14879904 56.519196417
213.072191173 87.70033103
196.467347358 55.4674731187
382.465317163 671.120281625
527.476916431 174.589706018
188.784089964 82.8451512474
393.843498807 679.219043011
141.833369718 36.4497439186
399.839774543 389.372905924
557.483226201 138.568494631
170.639873022 29.3169382932
498.895158962 232.361314139
449.037607609 52.4327906078
462.48271355 164.989738082
622.150639133 111.372268128
570.130369361 149.734556268
429.053840663 523.843072635
614.553716761 74.1370761916
356.896321782 424.032845261
642.589332335 56.8328529829
450.768332263 132.187785212
693.519396289 109.654390671
401.5342049 231.574234083
460.529488535 207.669413634
418.722403999 614.384968503
487.516402962 336.666038304
398.826277976 546.625675206
668.97985764 147.776743352
434.915428542 444.065452706
514.867984766 59.2261562701
356.71292964 212.128706769
404.781557034 482.348375539
703.6189244 140.544666341
380.330429307 103.938280617
501.954282896 197.247676874
424.411928051 225.26822664
451.650932823 359.594435557
589.884574178 38.7680799434
402.973314252 695.388154522
211.792310257 622.047995984
650.283391178 132.476867924
413.483801018 669.494974467
686.763303661 164.524994389
374.322004293 201.163941492
418.291291785 187.14435067
400.361982227 202.178775322
147.957990828 83.6107325159
530.69781212 238.212508248
165.687835189 57.276712285
378.214861363 613.783375152
484.272122046 118.659753869
399.508348962 642.274091611
473.528230638 55.2903141482
615.910313113 157.260346486
378.126225989 442.650812994
689.587085941 129.879529951
431.954929165 108.43011905
604.388751592 51.1294742631
377.092366259 411.357280109
458.512606186 95.3226764674
411.038899876 154.004244672
443.237597626 174.554491069
453.709105093 245.521301284
393.199173745 440.990518484
454.877489985 306.464904751
490.628194892 81.7662297827
406.793046537 418.679702448
355.924299297 170.661997161
583.704538002 190.876400896
104.119795838 79.9299935048
670.528258029 97.7288628606
490.580185889 132.367957503
285.084680436 242.25828273
480.979706382 165.325185185
541.081733713 185.675310452
387.675271732 185.438439793
144.676416434 11.8346838211
124.603075713 70.8378950981
646.920194287 177.489319762
487.039562437 305.408793481
428.989573502 193.349563503
432.501953288 401.269953399
375.707568461 230.75395084
627.833951356 136.697325372
378.392982618 157.870595961
382.826826803 656.455709912
228.087201135 630.529353563
329.959320648 430.609337977
422.504426888 359.724201328
517.799256784 36.8972251753
382.888488482 511.370085411
136.78122701 50.0165470201
100.15686208 50.8889169654
