536.962124155 260.332498717
163.726578596 276.362735535
188.959863331 466.24280789
171.402488238 635.436183014
111.589073486 206.38463785
110.716266868 589.415948125
160.875958443 143.173324217
161.153221873 104.350793767
117.940244018 700.185534957
519.932257642 305.977301152
115.579079846 662.314873944
104.738736616 248.248927883
550.159920887 233.188529892
176.856798089 411.446306028
526.828312708 225.802888591
147.43032803 444.469855608
123.049882622 512.584316496
201.272424968 319.067485445
121.01488046 117.548387619
169.389363052 556.00378432
123.576180219 103.121948614
180.61997235 440.952914106
158.729453258 179.450758269
150.121230685 584.865008937
127.753482534 219.196678007
133.865811542 130.944277145
176.74050833 488.325723325
148.633054104 110.026609314
189.740197442 554.273444142
159.196252621 382.388564991
108.187017918 114.574684521
172.226014295 682.9383949
172.699156919 538.71645762
140.579312157 480.061371038
137.354661262 675.759506735
198.044988632 422.109034557
123.063422719 565.792863286
125.036221446 683.921840561
133.037601615 623.490391907
174.059776419 619.611447092
153.2294149 167.778689329
151.780669798 134.924275915
141.274855627 194.382606016
149.686748258 263.58825329
161.217209863 92.0164713384
114.709426111 631.837538041
154.020826696 570.187886093
177.415523478 587.514450313
140.005337688 647.885672068
162.050220663 620.484962988
199.34349774 352.523604045
126.467929764 182.619186362
168.209130683 456.885543068
553.921345365 272.446814804
515.743551135 249.619727542
559.854775543 251.332277119
147.248255955 603.292908913
145.74854631 507.871429669
192.312276339 301.719583206
147.552222127 97.223445514
151.145563983 635.921262954
178.929021169 519.013076265
202.954935249 533.08752629
144.390977596 243.581871584
94.6877385953 212.119161268
158.676232669 422.211578891
167.461822572 234.257587995
109.469999607 160.892853809
132.933653205 154.69582992
115.045683491 583.093525204
145.344727299 700.2882503
119.053544803 614.988554115
129.566705361 242.838938346
142.65605982 173.493579503
537.66108917 304.970156377
165.03612503 698.833947207
167.888734104 346.306418472
185.040756729 610.034731408
144.640022879 558.476252401
122.711341393 89.6159511711
163.701270339 120.478659657
133.008476988 279.49050314
190.971656907 338.865352242
142.072760309 611.167790411
516.195002195 279.319673737
152.857795062 664.713264941
145.066802069 301.399124569
142.940730452 145.627001176
197.692396753 376.90292731
174.12297445 370.157117788
175.703497504 660.22821276
104.9505976 184.995874923
177.485536326 314.289526466
179.802177793 392.297225653
119.423231598 141.695380644
134.454296825 545.31024956
155.905713387 76.1198546575
153.333522668 527.974770208
165.294330048 486.414014479
148.595690738 213.749184871
