245.867181414 777.638504059
246.392336288 499.521390785
472.256601467 658.004967979
207.119844344 447.922495858
486.684434947 691.432800168
116.95301074 652.012553371
107.900265969 763.637769707
190.827428287 796.88028282
490.638148422 649.755546309
259.953900209 190.904004536
128.32952998 703.283827745
531.75345967 590.892418183
269.054309558 135.903964537
245.84438862 450.039834573
502.228805186 483.840847161
253.615327922 404.362195947
228.713150175 435.306166034
525.881759194 575.80818557
506.910330924 670.88371019
320.841316674 737.099783294
303.904408708 410.911483811
244.113849236 419.565390396
143.292771048 743.28786871
285.012400822 113.098629847
179.982973077 717.235943717
250.280815747 155.140396391
500.294013339 153.478780091
446.246063553 527.212787528
565.10212513 571.256275249
112.112842448 741.406271169
109.113823744 690.586288421
265.203421977 176.908591632
186.13260158 644.553300265
254.976846882 206.314144089
304.369345695 788.717189683
144.978327639 728.733005427
310.970884152 172.453993011
90.7105325356 730.113152351
149.0756615 792.51881623
518.756936669 145.448602516
322.420693208 782.514896417
421.261989059 632.086208104
196.630923672 676.994953813
512.594868066 253.228190731
275.359892921 420.730602952
260.129485475 124.768543396
273.441109184 240.583138383
562.430390489 547.373856006
172.962069322 676.121070764
211.159657749 780.831937197
428.790086366 607.026153021
128.28048564 761.127769871
338.067688995 773.588248196
294.790182905 135.590390479
479.846901289 510.099774231
222.621628102 762.736462808
286.658634673 204.285206926
159.973393897 708.84136455
290.007427958 172.623433461
231.266439798 477.258493038
282.088204588 778.025476908
131.22603642 672.343161662
533.661324438 254.122831048
501.897193397 633.09475968
456.054071707 489.210354495
296.720323999 769.469780113
452.612980783 640.348597384
540.082600027 551.71374656
304.683521921 722.005880787
342.763412388 753.2236824
505.005747415 554.36836648
282.425485459 259.060243967
211.966152468 704.172405869
275.556754677 157.166711926
244.485057122 239.110224605
284.844169832 753.546192298
430.251813562 661.108863673
271.955869538 445.119050266
175.338871272 784.309942844
453.240502758 627.15307825
479.327504466 536.609018467
106.01840101 724.287776514
226.306995827 407.433254748
149.488883543 691.744480326
297.079006737 227.22208039
551.217564704 592.381004727
476.117665804 489.08416285
321.031675727 753.251217795
264.157920064 225.992004347
153.407377868 658.136066058
191.762692447 706.383110636
196.381753545 745.046449344
180.544811853 763.998279408
275.84979139 483.344978843
452.424186307 674.815204592
231.679976569 745.6014476
483.272633399 629.186760624
512.742920827 527.459143845
128.346545035 346.282268219
306.188517316 153.395732203
