170.007859074 582.19509362
155.077419998 706.026248209
192.420714202 571.678525659
151.886670434 347.936213256
202.042501181 699.639678534
156.304486863 594.942447724
216.782539405 667.216507754
128.332738823 618.594812842
104.330932591 381.325117316
202.068983448 596.142007686
222.83826528 707.400193535
209.446702127 639.767434922
146.377564809 616.808131498
80.353681199 286.408807924
154.153214532 101.492884292
119.051656797 739.850519828
163.917259236 322.784684246
130.184829623 706.481559021
237.456848803 682.921578679
241.389510082 584.520758836
177.773808216 541.016535361
228.037348684 597.529962203
226.989811466 632.288394489
129.392264978 275.703315328
172.938736494 567.076634656
96.5290507168 260.815709764
111.61225629 138.554280822
156.441097678 184.975960224
175.863340443 742.901011257
102.048242434 296.511527603
128.607451329 236.412358626
142.264968821 662.825263585
136.353080477 605.304390525
179.30253651 614.653577445
126.604365493 565.487698501
240.647279673 619.695199005
171.900195277 222.236118689
195.86040758 717.120805977
134.745877134 150.709368216
92.7658228854 323.409093333
135.864537026 765.974335791
112.787380474 275.130475673
191.510981582 760.469453947
124.435686387 356.098666224
162.59783775 371.20452457
154.90928594 718.422564314
140.009245171 181.695878753
155.244613839 140.12606696
144.043836486 130.955006438
149.08726454 333.214637351
151.566190099 294.848322233
178.4961243 701.517025024
144.057693431 724.106441506
173.527768955 649.227727266
149.670537071 648.754823759
151.486331588 376.851283284
187.207407146 717.666060306
118.706324908 333.180842483
143.533007343 102.992318132
590.651087596 599.849961302
147.007370555 749.502440764
197.265528563 653.396065779
176.951001648 121.016461046
132.809525321 101.141905693
675.957179906 550.863583731
124.719495341 696.29502097
174.204643788 759.345500708
167.249466844 711.645659569
577.344785417 576.90843044
108.985296264 362.166507222
126.610336178 385.631266244
146.192671923 389.367586539
133.309975531 553.110147582
160.732135904 551.794993897
143.978900366 358.513401356
166.008198902 728.786528056
167.58105821 428.037417973
105.54771241 202.847755431
115.140835252 643.683071712
87.309787988 234.374097238
130.406039113 118.527250797
118.867917374 226.162211781
203.797927988 617.825523103
219.496509239 571.964637409
216.991861234 727.307481203
116.853806492 667.55563161
137.850116738 322.046698188
148.588400218 577.967654011
180.931409081 684.968525394
568.123479163 598.446346298
153.567307998 693.585880489
167.223561965 408.161487261
136.986600544 717.749684848
111.016455303 580.860115139
189.825848714 735.702977128
113.338072683 617.907928645
121.270926835 163.860800478
156.408696058 735.904515582
191.394307626 728.26325521
176.392910402 352.685734705
