234.818806149 593.081494191
160.680569963 374.150193791
453.881745398 713.553085269
485.526700243 733.351990431
134.326181355 734.629369096
65.2947234523 746.26894903
93.8589159575 550.67161862
698.114087532 786.77325149
647.509167224 780.659387467
111.464076904 459.966619114
131.860613108 587.992599903
607.532099841 498.121966952
72.7964286398 718.44627581
128.280701459 530.53522676
91.548611559 760.124667654
615.767724937 767.406979097
639.359890925 752.85500447
110.214886748 694.304704975
157.529263491 726.857865975
184.157985436 116.634000664
127.633133507 446.170681878
621.64170867 741.475768781
112.844405211 756.188838345
118.617885324 526.816459212
76.3269387406 601.630960742
109.537808505 741.849706667
23.3338433641 692.477805057
467.743019177 766.432602079
144.746112621 522.146028822
483.403787981 756.097956119
626.383070581 787.87739687
169.075033255 273.658635113
405.018831034 760.872324914
106.62479087 627.033760436
137.459719554 484.691746363
174.643834696 335.2273821
379.52152757 762.432406844
492.548558719 776.522919335
646.178009182 720.150450002
186.362499054 258.471423437
53.627003263 703.126118502
99.8755984312 702.968720057
180.87622156 623.143090959
96.898865035 565.840948622
104.347858094 676.246253463
163.200987233 136.382552737
107.624559016 724.556029321
61.6533824055 623.873209585
85.9634730299 706.13493489
371.768135485 739.346609315
126.657192536 563.263916668
93.9280590719 607.885654985
398.097021748 740.624452765
516.276578477 740.903889937
142.57855705 771.106784796
89.8951734308 629.087694934
150.929130064 408.297653505
164.653653822 449.990337644
206.178873968 109.582187702
663.306201341 764.695141685
34.6095230256 678.932423356
693.769940314 764.330141154
152.171705734 445.05023401
75.9062135284 682.035404033
81.2242051682 668.835424246
133.938324367 418.025078344
658.988317081 748.545600008
70.9180234724 652.129769782
139.982106939 724.859624677
209.505813808 628.147665577
672.35593728 734.129457873
111.198114916 610.908860616
699.735991543 749.29412231
115.499787067 503.176820175
157.366502486 494.638256705
135.34711924 757.028366602
428.018622909 699.687212571
111.150449564 574.135874521
159.196068671 540.467172428
184.393232815 132.650096266
538.762901588 354.438713018
230.229598416 142.409280576
424.385001339 735.391540909
127.014844516 737.734271336
97.302331386 660.233813548
510.872287151 765.525282319
195.821341262 301.066332688
397.178598599 715.159375098
677.502178336 779.986458371
207.425711902 138.712667602
40.5839212947 660.94115733
116.293238919 554.846080263
96.5442278329 736.689254107
181.051508263 103.874306502
76.7923081248 594.151401004
170.876963429 114.956394761
198.600509713 608.409876851
61.0444736972 734.367464709
108.38507823 590.292980422
62.0242655607 681.106854679
