615.193753307 307.247117735
584.520953575 95.6706696597
566.526483107 264.851590838
567.830190309 626.437907668
477.373712174 158.83426051
433.575293663 323.15006337
639.135327822 149.758950604
633.988030463 131.486067786
504.875750969 699.615820657
589.991650958 347.039476929
508.526556938 661.829943495
380.878819856 54.4513814186
646.07184679 285.697474103
436.020912461 233.99552877
618.985329768 264.664760012
377.755416273 96.9340255813
456.562052117 268.951464376
568.020479658 123.402003431
537.484277494 77.1364323086
537.518069479 418.171027114
540.760877461 57.3263600871
555.476267856 163.181017989
597.371741912 241.464728594
485.248569379 322.989740251
538.385148309 109.94879977
553.412246074 84.9750986789
552.946477536 199.060095881
602.350723895 117.163188123
557.410619999 429.047314338
365.328722229 69.8370592847
488.689702517 104.553895716
562.167284075 686.884405728
555.913687208 383.336300201
443.017486505 243.429980123
488.45870716 677.903129912
580.848382493 125.476177797
493.964153513 282.282578975
517.763472448 679.285077819
520.351737245 613.763289119
227.983461609 349.62248912
602.06880257 171.378263048
607.141974008 103.729318398
599.514265553 138.95569853
551.937633357 126.904794569
611.552330176 72.225417797
501.142754896 633.223190273
526.010538577 289.388095962
502.046180995 316.917034456
529.816582771 645.690343481
540.311257366 602.703069774
583.37092946 115.507085675
540.708683919 101.077833718
461.324818997 231.189551088
635.378083341 315.565370818
604.278494791 282.645030018
657.657297709 299.264636385
459.870077284 340.439852788
480.718187758 243.453633251
573.246754236 238.653653782
560.814459575 55.7993241383
542.274655809 639.405276635
553.938018254 304.08393925
567.404644341 401.827238371
549.841785318 116.529191856
426.215635792 68.1025175711
348.944563421 81.2853845803
593.355115757 188.345853701
396.933433904 34.569809917
517.894122133 120.481476935
458.718483246 298.970661068
522.973114428 699.947633967
475.644752839 602.928704122
510.691902484 140.38284686
555.512144574 106.49261304
629.769111586 329.017500264
544.533382825 701.136967361
392.36323613 55.1309218655
482.45543204 347.776944907
542.279481236 285.703380019
456.211292648 93.2627567359
611.575161594 149.227674366
448.893608792 197.957622072
512.390163068 184.175895964
511.399266303 584.964960048
591.002231739 317.073307286
531.600989273 668.897241545
350.436878887 46.5355626857
590.839376009 87.8082358504
529.502568533 124.576882117
467.687381875 202.062543863
554.331837451 660.047129271
361.866808919 26.5127359086
547.630287237 134.653908494
385.965951637 74.9436292909
516.535459383 68.549651772
527.512061657 230.818460712
589.224967335 52.5164394257
510.925396173 204.028044594
523.417401837 159.463250228
565.30016358 78.3044607811
