721.707405494 623.529898751
708.452663997 598.280701972
644.164255358 635.66239816
696.50472722 700.87177272
98.9320601074 614.551315692
501.775346593 633.798479111
498.083413239 697.938974788
664.747149526 448.301008039
186.416309664 656.272612202
146.103044668 634.28495513
539.160600945 752.55739857
577.362841913 567.069151766
159.279126597 668.037121272
600.157196999 713.147313024
112.733872021 619.710636664
507.544742166 716.74994694
607.91709292 597.653502588
130.24908388 601.227941249
542.887518594 574.873627032
553.931993467 220.274046691
563.604579431 504.416600668
668.765944957 638.108689052
624.472991971 645.097441738
650.133471448 693.38319286
698.696067682 482.887599272
445.222807228 706.004042776
645.434516989 187.457295316
597.602271426 498.619012758
702.381763156 654.577034028
348.177244099 764.821254257
546.855727603 544.128649551
670.781180719 696.325661005
640.022737786 683.443147532
551.158224336 730.215438446
667.735255745 672.199384608
623.518193463 685.235126016
661.142001368 469.914903665
298.23636616 754.067027118
543.339732854 694.468656309
702.347188705 672.389331147
422.423158403 105.975538532
512.468520838 574.788663075
372.401787834 756.719254819
548.832054553 629.240138605
694.633562195 427.604034923
639.674572578 714.900622048
211.175744069 682.966933312
661.921929516 654.799931534
631.915925294 695.980471493
678.899738989 674.000626318
319.413244957 740.406787516
356.14415262 725.273407089
352.688974007 744.856871834
130.702794972 671.042537511
595.660060095 660.273498014
131.932735249 641.283909772
525.572160378 740.221081423
704.966039547 626.73132155
599.474323637 689.922857616
633.968061887 451.597300928
627.113267543 661.119979772
470.774462455 731.279780709
679.692161653 653.410755214
695.689056425 605.719546058
698.658375327 456.181750693
471.129727337 711.030469889
717.382875799 602.393325441
363.92692311 709.339710535
404.525781252 708.005777824
490.030307207 612.20315949
513.560272449 732.095026695
532.228539491 613.033388218
672.872107418 490.428687393
515.363201062 697.909331186
301.06233106 711.825197629
647.13872323 667.740362794
99.7253226116 664.375865796
700.15739429 637.411137373
620.456406892 567.193476297
270.571839173 247.031555054
583.019149251 541.119695853
574.408375504 589.826768895
336.676394763 728.356173194
132.697322433 265.810080249
117.533312447 658.447278103
692.234455429 677.608442389
569.598033555 608.320387032
391.486604993 731.327309172
611.549424716 671.568527111
341.406724075 776.663616472
647.043855708 651.276192122
332.662699517 704.20299196
584.614757011 687.936713499
231.978897173 675.458119505
440.95923681 663.84226767
521.864774777 645.634262585
665.015198105 423.641924381
540.455149261 713.09240486
110.693270904 636.302835921
97.5305539444 634.178983184
