214.190250111 295.758701635
380.143838669 484.251075572
72.7387536225 699.001987455
241.554863808 492.830251795
43.3489104179 172.495985282
100.810459425 426.509099779
282.769483906 156.734333962
247.460024881 413.349473591
168.530319858 212.527280659
139.362361627 663.188732927
70.3670160541 315.001343749
131.605880031 108.752331364
77.7148897333 429.034037512
65.5788805962 353.325658957
85.2692052607 456.812933065
158.245837234 523.999432489
109.502259447 641.000388946
18.3622085574 191.790228709
390.172569572 531.285619463
89.6140479629 322.17451394
86.624268188 685.706787401
517.023688961 171.638749406
110.839215587 479.524305518
288.132520281 192.093519106
50.5901625109 120.850354236
105.817642264 465.749223083
55.2068693931 407.833988217
207.651621647 201.148037772
125.927246999 211.610377763
94.7766129199 700.343838636
337.935514513 156.9671932
145.521616325 323.297337651
204.636009574 437.338224001
59.016539627 291.153732161
154.83775606 499.355885866
243.076355581 514.564307103
126.550694485 698.572430974
212.051498881 340.73798818
175.525020392 321.127658146
121.702827421 86.5154717631
110.666686659 683.204996296
13.4472759634 281.033367163
182.475696518 178.510372468
21.5909000833 135.971599168
4.68689032486 158.911609031
171.534588197 363.098906644
122.974490546 450.338230471
187.991183885 516.541794648
92.0756552527 412.841977899
123.800570236 682.712106771
55.4262675083 144.588697669
166.949539653 484.205317701
124.644701274 531.564889557
93.7531783621 621.687495032
31.6515566116 326.809210876
351.955711283 307.634385147
102.385377237 518.565483201
224.209061444 472.557108904
91.6905111982 232.962355634
118.113115352 352.460797467
110.427450849 493.372962817
289.876791895 460.622716774
129.077314407 488.211931882
271.42313821 338.780847147
334.233329238 183.419820573
115.570239963 512.329539959
57.1946455816 252.161353993
76.543541551 532.423114821
380.919388195 517.150575692
29.9397330165 150.653295972
143.772814572 187.881664449
78.8220329102 663.41548345
67.0166890179 203.852144899
200.592015245 504.65673831
239.493562543 456.575035777
32.7282669962 293.079004818
357.251128839 510.36848668
296.847835161 174.968944854
103.37652058 112.066978411
168.814733421 135.804377302
126.733275158 141.924082313
169.308792011 397.863131779
330.749930825 490.954817696
25.3418091978 257.809274139
185.525877832 294.334764265
99.5090592005 662.086800685
77.4442900553 139.483756009
143.414828478 515.118702275
83.2882320323 369.921915385
190.182645236 402.296634095
72.5558588022 406.610364325
182.389060297 479.624712496
107.041597942 449.163183231
140.744295926 92.0661395977
343.326078855 468.599203614
141.7815104 119.594493087
123.851738707 250.38732323
279.515520406 486.269049607
66.8536608815 639.707869604
205.88208294 483.224802896
