175.993457909 353.279166422
79.08896175 201.040282204
163.802085136 327.677887008
211.16754918 307.64766063
64.5967962548 156.396851155
314.229121783 299.05265963
464.30284407 302.944175293
420.340591758 311.093816851
315.068313059 339.470581451
153.358450132 584.656877008
192.415790797 398.397394319
109.546386498 377.478911222
179.185597183 382.214377523
183.53401568 530.397527161
373.939493096 347.224070043
141.17551562 363.95565869
172.655433945 581.34896013
622.65523066 498.20560505
37.721356594 209.41049607
123.539563958 360.032524777
43.8904611802 119.07446535
617.705039467 478.26822042
398.362087573 356.595199229
182.239881875 307.30231251
87.0732597251 327.307569884
65.7585703763 257.194135458
241.721688296 239.197182078
273.432797602 249.634316437
390.027152323 319.815105248
90.0383299595 374.43747601
211.566677237 340.894251889
206.741879908 270.464423817
100.718538804 116.001213517
58.8469906016 239.840914981
175.005885234 601.762347641
114.632907164 338.345525799
90.5882831261 152.555226068
264.60497701 361.359790467
148.130286723 221.445017228
31.5836860008 144.228579118
261.230681399 311.739178481
78.864686283 100.807164927
394.225049107 389.527297778
66.1162486676 296.567070026
108.835173168 278.529916088
337.547604174 330.992472107
414.096998579 275.452835667
272.286108159 221.989217901
98.1699077032 246.209240176
227.929453055 273.571740874
93.9739295494 303.266297603
100.97658379 325.479824789
112.762741746 197.268974163
291.732806707 324.624480506
407.936082278 342.17636713
125.201398409 386.137809225
151.963342037 558.438094944
102.434869757 226.562171537
434.431040539 338.161873349
59.7634166542 91.8257608931
183.179552745 197.196801464
155.811071283 408.254990036
274.22886049 284.34275732
75.3156426018 289.704095039
130.704317552 303.874722857
86.691813282 362.363609995
451.663961999 327.847600577
72.3640075779 324.187520359
152.055025497 373.566852012
230.100432444 368.759993914
241.861148194 287.638340794
190.089239935 617.945010714
203.894350571 178.635786265
83.6997641329 276.445586425
168.917082885 268.972045918
136.408817369 351.662184598
97.9709675357 360.242489424
152.739806536 183.866503811
187.747821039 226.289626765
349.440995681 304.137881471
446.648922555 292.22252482
175.553577859 563.488315096
144.647805247 156.425129526
216.43890318 249.057140498
192.069372597 561.738689265
121.621184393 264.910800581
75.7870041502 351.931367279
61.7209978756 121.109452905
121.896270008 330.495400195
127.014708191 180.835617927
368.465726024 328.96894642
103.094325184 341.529732646
315.673420986 264.683235003
155.338001261 394.157946403
41.3353780247 101.895986555
174.714821747 168.924708634
42.0820799376 188.934403534
371.746902203 285.409434267
210.96914101 210.978443152
32.4011715779 237.495736976
