578.425339425 310.994779757
393.750086002 456.33760297
585.078789923 483.357369265
536.670891057 593.462250718
491.448354008 457.421196644
717.65426714 642.186418843
483.581950282 396.803790524
603.24854105 121.841154468
564.17593127 177.531846183
634.134799411 562.308772731
665.281584446 510.940504765
576.045876322 255.214378539
738.971044384 661.542545999
599.358439744 446.078552799
448.404850631 448.576048827
457.539355139 515.734122955
565.346528371 466.218096261
556.22984042 123.053093912
603.029131258 543.830104957
548.448932726 401.11550979
561.097170489 500.939611195
559.335292777 100.606659542
577.468874261 439.424272335
470.365165633 421.130281029
557.394061882 374.585747414
763.186099419 647.405683111
363.796937651 439.342481506
574.178656299 213.629320806
538.777291989 154.249736746
160.994512545 439.291939025
527.799190968 383.119527529
580.644034316 395.606711951
700.229737959 604.33388696
704.327956747 559.764572947
348.66782736 470.000509194
576.113678443 604.501552714
594.477479678 514.081874919
596.600715617 183.032727983
695.007887716 519.445855675
559.991830853 276.624589765
126.798245376 426.437591663
543.809458343 427.29106574
424.650382054 445.747673046
535.546964965 445.30127844
523.116430231 445.722930307
605.424628639 376.125874191
143.415220341 451.932871977
386.706020631 472.976352215
761.312185025 613.025387145
629.718655924 523.010381873
566.952987109 414.56196992
543.604978031 552.0305959
515.169356049 551.636484298
544.788203318 476.65199006
567.331217113 237.094909149
600.300384053 101.37353175
621.941234591 468.123623386
611.603251307 567.569561472
531.736360867 231.988337825
730.096525978 604.053007843
780.622467444 663.148990759
609.738471578 158.178071384
684.383492957 624.049660104
564.733398119 340.172389257
508.702658153 424.432929755
757.793867891 678.25019104
452.027241549 396.350097538
671.764449109 586.637180974
582.81466165 536.200753562
541.858465813 117.855056182
546.648662424 192.019782116
466.558218854 470.599419961
545.980914661 350.227212404
609.435100475 585.679109315
528.606677473 503.351304979
544.532380304 320.834730273
586.710074248 567.059158817
503.733361333 403.378899606
581.765482061 160.880994369
582.459274807 117.997843524
593.745339237 140.044709103
527.365064739 396.059603912
117.502167961 448.328752307
355.353754656 412.317954471
429.344363553 418.487397602
670.254751211 543.341209918
580.612379766 362.205307254
492.119762877 502.600188391
518.598382608 472.115737054
601.82577316 340.065458098
411.312337109 392.821248605
569.163201144 575.103238322
750.339270819 635.296647159
572.068862414 141.838236041
630.388802204 389.408134847
589.144284077 99.0909746531
393.589735849 414.463062109
607.327253939 249.799154801
142.61062303 407.611334989
556.407965173 524.424649163
