162.523620474 480.075693389
45.9927405552 286.949858483
144.779898119 453.180514704
146.491974129 418.111468897
68.4398875441 185.726321785
291.091825259 426.603239371
492.866117204 429.623763196
449.10955946 437.618942095
288.778098081 466.160784967
72.5227905936 684.341488748
181.450123057 525.475376328
110.493204614 505.484950792
173.627973689 509.471764491
99.8883214368 629.197825232
383.601464782 476.383405341
135.907991147 492.048999473
89.620777983 680.127615365
624.560470478 497.063205813
35.6635602025 315.216644853
123.167846047 485.573211181
79.1449444301 131.918104479
616.742337654 480.711089753
409.691468259 486.022624219
131.292462067 420.76488666
93.3701172119 450.71313938
65.2586753562 375.103074319
159.180244363 339.080219794
212.218843009 359.59319485
405.151096865 448.615045743
99.224034899 502.360691248
175.357363757 463.557797966
124.867026923 367.982417542
107.823506062 129.322950165
60.5737928064 351.395490685
93.9165032157 701.67016687
121.374883843 465.425182306
91.7612504703 170.024594758
240.282823963 480.515587647
64.4174351855 271.142548669
83.3700164455 160.787514729
210.090898859 430.33147536
103.126843589 107.539606747
398.379577522 513.187712737
60.3239904122 416.040609956
102.259935317 394.312748813
323.102896457 460.098780664
434.232363334 403.619831001
202.324155457 325.404514664
82.4972424965 356.015220354
147.637150455 375.417796398
99.8781010054 425.401242273
112.1228901 449.076261884
51.2031611364 258.609277659
256.861804006 449.672022518
425.481747856 470.814615559
124.544512574 514.453330207
73.1425769791 659.382989705
70.0744081864 321.109941091
463.528916783 464.293655264
89.2962162539 97.6062423043
76.4388384172 241.281100388
143.691599583 535.963171146
216.894359888 400.020248108
83.5088355033 409.377682486
115.586245736 426.92309721
93.6364469615 489.580076593
483.940812209 453.414874437
78.9812868454 447.875890387
154.21662966 501.622143632
203.694188323 487.693460817
175.465187725 397.987697328
106.649282432 714.474620358
98.9068422694 215.18656153
87.012618623 392.352809934
109.782208906 364.943839654
140.280369226 478.449357399
106.877925004 488.238204061
73.1616629167 221.231791444
84.2996463731 273.486408387
342.46157207 433.661947946
475.44844517 418.584083885
91.9250885538 661.465143627
103.068261295 184.455067432
129.488238188 342.875905699
109.683059329 661.069899189
103.968887813 368.899333213
86.8689093683 479.588880005
94.3530226946 145.139391963
131.01072227 455.242293977
61.2143462544 216.06339849
368.618827379 458.886076238
105.354279425 469.885091431
296.441500224 318.657762563
147.697112213 523.005414121
86.320666755 110.62438411
100.756618754 201.58614524
32.0681769102 268.252944133
386.826282525 414.075519951
100.141723167 252.93876268
41.3885069888 352.61605626
