190.167973312 53.2414016168
523.072302143 112.28780369
167.708505055 68.7413839734
400.360006647 190.570054481
237.428286964 99.5129244062
80.4807477898 27.8242336289
130.364326532 91.6969930118
359.690655998 147.589768185
188.517839368 248.017621643
167.303249555 25.51111111
131.134680088 51.6491465468
211.282527879 100.24807236
421.122120357 154.344215379
652.499641518 57.8147431092
197.389788239 214.518264602
698.894254506 28.7053538161
670.276063873 14.3532131834
238.749376221 177.572862382
228.997721024 216.723793603
131.132625631 22.9569225969
680.800726752 71.3493322567
673.535161754 45.2188679474
239.334664097 46.3504415751
448.671854371 104.050846041
386.957386733 125.617488951
386.889549764 153.057555168
111.006185886 27.7222662567
367.993644246 167.685360388
456.746837794 173.555426114
145.31759499 56.2342892264
81.9453585244 56.37154781
394.246687522 172.66067273
345.40846372 120.524678102
293.403484252 57.0386567723
165.239296334 49.2290554518
141.502716185 29.3704227091
300.677119543 128.159125908
89.6958543296 73.9043787499
282.224674859 76.4822104917
90.7500761167 22.4805675541
238.594817902 73.3589865087
191.067720502 91.0776537814
362.699606409 112.928790728
682.677059073 27.1099261329
702.841935033 52.4037153481
393.794484159 147.166165654
436.086265797 159.704298736
497.019642526 284.741516754
461.812385424 146.261389372
493.568557298 97.2297832399
330.092369109 182.460306345
206.714624436 56.6798761636
213.103196252 78.6228435829
98.3044908688 15.8163202976
102.51199474 43.5104389718
177.206413916 30.3173080361
655.943923731 15.2107003061
120.219195217 68.5165195247
201.612969039 32.8814848864
537.769607969 93.1208152997
531.262517777 69.1273923979
129.697478301 46.5884445794
700.60359477 4.3998817361
290.967463763 187.877629598
404.061798157 132.64507352
262.394638679 54.2243482636
153.601581404 86.053289871
647.493759984 30.4086624928
427.036342415 118.621448744
294.43243448 148.032779402
257.357185091 76.2078247672
708.791725391 14.537076503
380.972604484 112.296756948
469.500094755 74.9734468613
184.21868114 191.107689349
400.176510666 108.843863648
99.679003504 78.5574869174
688.636874961 48.8748020515
452.131029408 128.511729579
256.71294981 94.67993892
239.045002279 118.425202731
105.925131247 54.2506826269
400.834032972 215.681172122
120.43698258 36.5157130903
688.568084172 9.21932335227
207.82939116 195.572359857
424.687092323 142.698728121
487.175463001 80.3927452696
270.683934271 101.637051255
412.845963378 183.750804739
366.853804185 135.100467153
432.761181695 184.605338342
366.138409713 192.509051355
622.260321856 96.2061724701
148.665412021 104.191613553
331.001397214 148.404155778
196.267330667 229.642008099
266.273587869 124.283077196
85.9503457432 49.128120432
286.902728791 104.502518892
