181.929355097 378.238214663
443.513790555 338.24966892
216.950523901 455.731992683
360.865895932 316.582942808
272.524467573 434.506381552
52.850551345 322.105476938
100.742946366 388.305556548
41.3642149474 167.568770659
289.397520935 421.276923866
272.516876043 291.947462014
109.495594999 358.035234109
239.49629246 446.833906709
141.634187884 203.88469639
618.181126009 338.390026161
279.014461913 380.999236796
674.296356495 313.756352256
601.501842902 316.072826155
320.557646354 343.508046848
326.859560018 404.504389944
158.782411709 311.372793075
689.468112639 338.853071348
634.199169797 335.821572503
129.048349273 355.689764693
177.540628929 224.099160373
12.993238401 111.188394802
99.9127176449 185.608356743
229.487521015 280.441903289
86.8128089506 223.434905298
480.756784858 353.3195961
114.524729904 388.584923955
83.288602822 356.946847629
121.1401934 234.567697764
10.0991120758 91.6343117785
243.544983658 319.401929282
197.946226009 411.816016617
123.0574214 365.843008352
321.169439268 312.381233207
78.8915786144 380.127507258
145.536192162 362.622794051
233.226134257 262.360894728
211.61019525 384.028247151
210.446563851 437.949097288
26.5184547337 89.832498673
646.677426594 322.482578296
697.944511548 327.149096899
102.492699912 132.733058433
448.822093602 303.937930862
645.573849483 360.329863921
31.6812434983 259.336914565
74.4813791599 262.650248293
396.932220811 349.208005547
135.903234244 374.788884151
232.339881492 423.203668385
218.911353868 299.028259191
171.017119325 304.728506751
140.2534338 344.910552834
481.000685691 297.362561083
114.142373374 339.296458184
209.572458175 323.378266692
474.447521981 333.962626348
89.0491676177 269.431522525
83.4894684956 330.782575668
664.989878851 302.799565357
347.419484551 379.759732805
84.1220633148 95.8820006386
167.068301008 350.364779918
176.39724079 438.382091216
503.028039153 346.779863422
66.7258416492 113.07396499
349.946409629 346.804534639
234.986464722 373.691730306
689.429300971 308.32718098
35.7115272709 98.9956363515
145.781083687 251.480669538
262.290596158 358.586488314
51.0440283366 88.1865077962
157.075091815 432.964996288
668.482544682 337.258979041
41.5347509205 248.076219972
257.901214716 413.996037081
200.39917955 355.570087618
102.30939212 363.503028582
410.77539196 317.901210466
101.690090955 327.946870524
626.258614118 310.089712147
301.405827681 374.228984246
74.5143802582 149.736066895
107.910465588 260.229960603
279.56704036 332.741312808
12.3941687516 238.137279683
25.5430961892 127.110210011
58.3951889669 232.494435052
26.1744304304 216.3536506
659.073441896 356.023371286
190.27238987 467.883868931
57.4069333986 190.65861221
303.39682713 406.700756484
301.547969306 360.432290171
69.0987972875 345.106263486
324.655526471 294.446169017
