385.358750991 217.089573276
443.181283708 292.675702049
299.465318429 385.015722788
158.829976409 168.553519755
223.016474886 530.791080683
111.154067479 145.905938258
310.615072767 157.948234202
630.982557452 340.323409727
416.747741644 216.830130157
400.332892062 335.397480993
544.812860755 340.356522686
410.19547529 247.472355704
102.826103406 134.890260279
411.138013637 297.007063803
312.666990337 101.431776274
225.229700894 565.697077894
413.291731225 327.270729823
540.213337862 301.079542877
246.51420303 398.974513827
275.68341451 361.98480873
404.980274136 279.94334859
513.25590147 276.71873851
280.875920293 123.364950578
299.961870528 123.27193179
60.9433864436 74.1570694807
127.211497797 156.941540223
87.7595327281 155.016967978
368.167185109 185.225662938
347.439199283 100.255959195
82.8040702119 72.4334982344
311.794158084 130.073788546
649.474361832 363.424357038
278.106638471 276.75821157
256.785023733 382.839620222
93.3549110303 107.86145186
254.428769964 293.999375613
448.498935584 323.763620544
44.5006720445 61.07627997
350.926103081 281.247527289
363.882676428 230.058907038
109.355661659 165.323890925
331.971959519 204.265031071
328.219332571 145.794956619
350.53167977 337.61544181
298.439670374 341.1496087
624.819621404 367.933188961
297.114474302 180.272775707
282.91580148 151.471824772
482.219793823 645.213287808
317.231769175 248.595709523
65.4713425149 100.846617098
221.369225938 508.346295629
285.295382386 254.483557089
343.975884456 316.141665309
355.003392332 155.989758905
435.297456739 264.462850762
477.572822606 349.672435486
267.402997343 403.680641734
337.191517716 117.608232268
254.522156335 496.431977295
101.90678533 118.943500314
470.485502665 280.7671793
149.027014316 126.991085843
41.9465249615 86.351086625
282.633356056 437.57076918
149.396917089 152.854915565
375.501500176 130.107863976
261.431177734 461.852508659
319.845206673 282.75260923
491.067876454 250.673849665
388.432641586 181.351712456
206.049962738 549.224993386
327.851083048 172.739002236
245.829642592 480.288986316
358.404095426 257.069612199
383.091613639 252.215751816
245.029158791 430.281000993
41.0725018345 115.570565561
568.115326544 324.049930166
605.123204253 328.885786066
607.518784655 360.19184728
518.640524886 354.72326746
90.6579148211 98.8937585385
61.6444851258 140.847771191
354.762751562 206.065482182
294.730287096 288.909774416
62.5820697831 118.644430054
234.845594642 546.096952253
276.899801291 477.798319276
76.6216449572 128.28039862
345.934437253 128.550582649
282.315762821 317.188725758
121.469641477 126.548255142
509.496109201 334.375119599
485.653709559 316.760964549
599.853148378 306.590087176
87.1513018809 139.881697263
584.766005704 348.008121183
119.181941377 101.918680025
372.042256263 292.172222787
