333.178260605 193.240784629
502.776570945 107.472461098
338.075559631 252.176034888
464.500419944 101.458504105
379.779115078 223.617587922
107.378375285 107.119793726
110.525142383 153.899951296
266.588332455 141.981477339
386.906226212 204.73607986
428.070488066 109.693931774
125.029302366 131.062972407
337.130460466 229.748912081
364.21454608 119.498161257
599.718057546 100.515437911
395.75582121 173.054001373
671.892657763 77.1183847368
572.548950227 82.1077649706
441.177196734 137.610756498
420.705649379 187.954558899
348.859059747 165.262081626
700.656013181 101.458280035
620.738240772 98.5860181409
153.836452257 133.553625465
380.158094938 99.8112528596
239.499440574 125.232325145
331.347821695 130.069120655
401.251334463 114.016144022
313.255468948 147.585108069
525.797439138 118.717488455
121.145590804 153.049367221
98.3885060162 128.955576256
344.402002476 148.161303821
238.248587511 103.950994243
402.730682372 140.221719094
326.945574944 211.41318671
135.261736431 141.892725847
443.258093158 107.91351987
99.1294189955 149.973664979
175.346787861 141.439628732
410.026441202 102.102623702
354.295599048 193.306129628
321.351017842 227.133307001
251.440393385 107.716933359
639.066632294 85.7684760989
685.0755318 91.4507098909
335.92012244 116.711187892
506.434155805 71.6424295697
630.436091233 124.291723218
193.173929382 116.480073412
296.206495784 175.759176041
472.20182184 122.842945761
144.388719291 148.717855871
344.279623362 211.860610609
390.428384989 132.13248117
359.404701918 157.388261614
312.675582571 187.862148244
526.450365653 69.0526738091
167.680248263 121.531613197
378.151628973 153.392612989
514.403672425 97.615154335
306.810574278 172.664309562
126.814397548 115.72575923
662.012713611 66.1133097892
441.378397666 160.980728068
317.815500369 104.012458989
334.463116499 179.620398522
306.30731976 242.433831158
549.672100102 113.19767684
300.145334718 117.448879507
446.007905815 128.236132225
380.995878898 184.901538835
698.199557301 69.8628567515
262.900797932 117.383685884
357.107779159 140.754706817
398.249878861 162.043069628
275.246727146 115.187979906
279.388054746 233.186234789
663.139324206 100.481673772
241.641161861 156.073131896
367.272391925 202.165244126
361.825554632 178.790647139
110.058731615 138.376842881
480.324274272 89.8063343167
143.334711497 113.548939907
604.17273983 71.5960847555
412.657270959 164.218347664
308.549406176 132.123319654
323.235326748 156.555117234
413.770303532 135.523957408
164.946330241 102.666831687
250.458379707 134.960032284
276.592163057 156.588137934
217.385680987 134.452600629
656.399695257 118.681071827
302.939076461 259.361324395
283.572242317 143.235342255
397.871227268 187.398395719
420.779148556 152.912110324
96.5453877338 122.118868127
445.491027465 93.3287923468
