677.406408058 649.707339734
271.523414863 320.054050062
442.131184625 631.696213713
554.356512318 485.993949884
342.126916578 482.350034906
543.182895027 206.873577544
538.009413326 516.026396517
445.491052283 513.270855786
643.638695988 544.731457355
509.084346195 293.92987259
505.884339491 107.682124516
508.195907657 486.731614654
293.880984197 692.078347142
534.808649265 496.535488589
264.270494633 610.718821797
532.870981872 243.088309255
295.441479594 607.67212565
149.156240716 416.84857163
471.348906851 225.468720122
325.379910003 463.760344322
645.547753196 643.507925601
360.4978315 422.904432321
378.058895567 430.016459039
325.547449192 224.789779292
559.010773719 410.442138401
533.827471795 621.639868569
123.197445605 98.5948305145
569.492459934 221.838070881
384.551600688 190.593155062
260.12454453 306.489103679
161.73340692 98.223188305
576.654297644 202.990767667
220.342231041 290.494324341
100.822381446 552.38725432
527.873835441 643.194298441
361.700174843 484.493708717
264.006271451 227.00565188
235.840137982 406.714655676
193.728131321 107.19565135
303.931299298 634.656381023
458.092055709 411.002585003
197.497151618 352.146411153
312.396786601 134.993468073
544.988744021 650.585922734
486.334204974 282.679029574
528.65807173 225.39097771
403.255229116 125.07558954
601.808825525 192.024547558
541.748588926 182.013132783
685.143867286 690.463916085
513.314459168 263.7785038
501.383385821 232.80691553
519.48549631 427.825744063
276.457280007 701.060187015
471.964567626 305.219454526
481.818317296 211.211395527
298.404570358 105.631547783
271.219518687 674.564606986
398.86215126 157.709032195
373.143878273 209.800618148
455.955307817 238.705474777
656.097833157 580.056309233
335.193502805 240.924643061
265.644950827 653.219238316
635.103118373 514.684227941
408.899898794 591.78279053
622.200403069 644.687719975
496.342747484 414.288328235
286.87172207 498.881930978
556.647283933 191.985344832
635.783739758 621.494431377
173.569302975 127.583901692
400.42712871 182.626500754
290.304123591 230.250922376
668.38313078 549.613895807
478.683851847 687.786782131
340.484824929 454.886868001
493.321124668 268.050059898
471.456991424 408.97188601
268.543337075 248.921836037
210.902849429 322.722322501
113.818088434 681.105946231
115.523787207 544.044682898
564.6355026 173.550250504
160.379339851 492.569304776
362.932987559 464.812260951
280.748921607 633.189870735
456.262246871 438.67737037
263.804167379 689.487586139
447.835784997 260.448107938
135.964437013 477.398498416
111.432078555 433.010457497
418.021132584 622.611583543
592.20353546 688.970609799
496.24208962 131.823746214
477.713078969 438.008785208
358.020632408 184.254908527
117.129626026 200.262631528
216.574835033 96.2462238892
552.993222896 434.412623309
