718.018689762 494.593471293
668.30395089 641.967404393
232.563592712 544.378414529
416.757169637 552.49697466
626.528367879 684.675836028
369.907360949 549.008959072
507.036309056 254.935055708
752.902185081 435.242591798
768.435650825 391.172120206
648.587363679 712.448554845
731.284112645 590.755950983
628.205251578 569.381240558
661.543164375 530.838174026
660.971872767 684.92288547
505.087629184 120.41763353
645.060802033 700.94325614
667.25171113 699.426801222
715.81131288 544.081551279
106.064098249 537.79849979
122.123821126 517.930952527
649.720855451 645.550901455
693.980318876 536.394012337
516.510825532 139.554598062
503.109919383 193.177523442
584.137281674 642.208966392
569.102042886 679.428202369
242.383802325 514.741796256
717.831638625 417.451680396
538.759801275 115.510178175
577.965940638 616.059417665
515.574603804 168.342507605
740.271228473 462.550366977
121.836068419 477.792161456
97.8472113193 518.941420656
641.823028128 518.329946766
99.6980524892 491.30725805
682.939797944 672.074789888
542.804782761 254.43674641
301.920654699 556.448269891
616.981919472 662.707297458
347.852834459 549.487586989
633.875782441 540.01982606
525.896350697 214.501268263
514.071169981 605.293662311
157.871964509 510.152949403
726.856261456 465.432592363
745.459898424 375.106853532
506.62173029 229.4543378
729.560351856 646.974471052
270.72039629 530.229589844
619.135770528 587.531690482
617.455827283 712.61114723
201.126019865 498.220660451
363.238535077 575.056546717
546.790695698 234.865322008
659.175994877 595.29617018
700.500920902 686.690234327
165.860094478 523.237897747
534.888163223 152.304134218
639.533623605 622.143898762
700.367113187 410.228054858
674.102660986 556.597622902
691.229508118 462.575980311
561.701640931 621.861458336
336.406772218 568.181269416
611.072104224 646.076604734
566.113629913 142.910216211
487.825949467 603.447181109
200.018415734 519.492659804
672.907212089 493.382931945
764.499303224 411.390191183
626.712511644 725.881934992
699.314849235 372.914847838
619.677445825 700.438539517
390.009701346 562.936178166
612.410904069 694.611502626
137.60651066 520.379685388
283.106273388 493.644421785
699.627784393 421.171961609
733.442545108 423.66470321
718.623523397 431.447960805
712.879754299 634.840526256
688.381750904 391.941560372
314.154850417 523.216233397
701.599060946 497.010378166
136.276904519 489.541582139
560.517469768 643.18912871
655.193745236 668.466768357
633.387674736 671.59839508
347.929779687 521.908098882
546.687766668 191.090767569
112.3113167 495.569903887
729.848241965 391.254009242
712.358834243 599.257917926
697.552711537 591.896354197
744.142764655 407.478091762
591.032263416 667.727495361
707.850990114 443.605378564
710.52015278 380.540170859
451.252917155 579.73692256
