681.410232425 382.384023045
678.466172578 322.93560085
681.700070124 344.224291403
672.666690886 173.022476371
726.699711318 628.480218935
671.045299944 643.048330269
706.294319312 457.814252756
586.273093077 80.137846791
598.356326487 127.353738285
654.828737774 144.548023299
731.040022206 648.304232704
724.17069397 525.95332307
695.166694238 619.019826253
680.691610538 35.1993479412
647.852122099 109.328927018
695.373399612 667.105787207
659.904102676 185.996640522
677.571932743 698.528732599
713.630299469 441.936663303
704.601679985 234.260567237
642.798346897 161.219294844
684.149198611 274.785850006
698.384579829 289.303010564
606.205838937 65.309967636
622.626120705 158.777354327
674.476351599 76.8874595596
687.829624185 82.2914460538
669.420608039 122.6809119
709.146209365 598.180913709
655.193673232 43.3503000834
684.713786094 94.240563169
672.363922849 676.885511503
614.205941447 103.35825976
671.039041722 360.665333321
654.37358985 89.9741648784
702.219582367 261.469005862
641.499049378 182.025842299
686.904400726 471.406798339
634.470666284 120.12401318
649.131356849 58.9297913769
698.934329658 686.530956521
683.295841117 107.449083974
722.673067591 671.748373794
666.07619835 95.3751893331
680.60902886 184.308391528
699.865516366 394.046184044
658.718366568 272.896776511
370.114752292 315.17975145
617.058584902 83.3175359765
612.097432985 188.224159316
632.339586931 187.187529067
706.898084321 345.504277949
677.638706818 599.517100749
663.244385289 477.127051177
688.94144721 706.383967195
624.633986619 219.001286244
677.432060554 513.780289262
684.544321843 57.1899224315
626.591673879 80.2311978216
726.885267801 469.685818421
737.984239759 690.34518659
725.519292011 435.464048163
648.21662283 297.458379802
696.16656919 72.978152707
727.256171624 598.752445239
702.894324543 640.471720434
718.886534314 714.999607018
690.053843869 557.121356727
715.789065956 399.863305601
645.084810352 70.346684957
635.334024865 82.2963459559
647.306859373 357.624676311
668.041054286 63.1264756886
683.214073394 424.456512545
583.495122498 350.024568232
703.388166385 696.344892707
654.084241825 100.129488281
709.909269874 54.1457160095
572.201408629 136.099826783
694.112561586 31.170285036
708.092040072 78.6216925553
692.09028021 60.1215395385
650.022109164 236.094826108
680.559347554 236.872889207
728.747542852 705.389858367
561.893874482 106.742450276
665.916888486 289.986841798
705.411972052 681.941973198
677.627737016 300.67396607
696.955432774 528.953398348
691.702445066 359.721189734
669.212074141 251.502339776
716.353447957 491.004467556
122.338265218 265.554500702
713.308014691 556.708637663
583.570013516 99.4659023001
705.256361697 101.816846475
681.665978869 650.655347827
689.6383877 497.305249125
670.655988416 144.474801155
