498.990056737 66.8039669817
356.03519921 30.5073494177
605.812652764 66.1690708676
549.431015637 224.054055827
99.5047820266 76.0425731501
304.69760993 311.077863656
301.302799008 283.433815518
515.440669005 54.2566441451
213.668981305 124.411473552
196.22442611 98.1793148022
259.860782478 703.870627019
473.874137117 86.1998290682
183.726054634 125.364938704
269.679733171 698.222308235
119.444945197 78.5960900584
270.070243416 389.794913217
510.914984364 81.9448454085
166.058653427 84.52148827
419.359065813 130.208224197
342.965648898 20.8973516343
376.719517009 80.0722619087
648.804804142 51.7311310661
557.826038256 93.0997304995
299.308147674 518.631804246
633.478911324 46.3168759173
228.084009209 437.077442743
665.862600852 24.7424015941
352.649799714 64.325630885
701.260496246 19.1715971938
305.203629992 144.807288146
376.673937189 109.841460975
299.143376167 663.678150016
361.087675396 308.573575381
278.632069297 541.439733978
690.415396104 57.2310279002
305.051667598 446.616401253
471.075740807 63.8996569134
260.347405436 125.032887381
275.113657917 486.902238293
708.55788441 52.9483923471
291.720670957 61.2031023476
435.986730943 92.3188372603
335.665940592 130.506937244
323.999861322 336.692554052
593.153484887 39.5094890203
277.693231638 711.907211845
200.906532922 626.398172494
676.935601917 45.569258347
289.939173432 698.135020082
703.497773007 75.2449460822
278.772601719 113.202168615
325.595259433 97.0354903601
304.022744695 115.208124701
145.826776676 125.978329601
515.793881782 209.332805521
157.137361747 105.610275909
259.831999182 663.683945733
380.173976731 58.1422169583
277.432486255 680.515571466
369.74941981 19.3643149254
649.135683081 83.3964267876
248.867764705 455.702654057
701.859509826 38.9672509586
323.477172427 59.8292346862
623.205388483 38.6992342793
247.861965226 423.351140149
350.354710865 49.9857991717
314.167473876 76.5338032829
355.689428127 85.9441929441
375.734510291 142.296436274
263.699127316 451.650677686
327.012081981 286.881160631
384.642046515 42.9607339246
277.121201147 424.74904991
256.506053679 88.0671451577
562.53489768 149.407695352
99.0555006264 123.218683444
686.616907018 20.9817395079
401.982695477 61.5603003502
270.10888223 247.408581646
400.049021881 79.8854160086
488.027597362 105.080978485
296.946010746 94.6540597631
142.377280678 97.5207318567
111.767113344 116.495177096
678.59660371 87.3262377785
363.762512018 286.441082537
336.551137384 103.307933454
302.708267497 401.127492595
277.883830308 145.247028678
667.07258702 64.212696267
278.902437918 78.4197246115
260.103197705 687.008027831
216.463944978 633.274207381
201.35868887 447.118457115
292.746860093 355.949005509
482.654298018 48.8888326015
254.050674162 513.49341773
123.141676039 106.445397303
100.554830202 104.395132183
