562.643308276 473.869521367
601.633708735 398.358633551
446.836294856 387.99381519
513.925041016 349.991903705
542.702625288 345.399006205
558.321362639 380.361577233
629.107322749 286.282712267
581.853054257 285.435752539
462.695040582 349.546254553
111.439850852 269.733118488
426.338465576 350.651639806
181.151560037 334.874791646
574.049635704 365.270828351
98.9697710803 345.609687603
144.742535982 272.807072837
302.672584944 323.330837976
295.260130529 340.356571574
264.477473689 317.143153529
623.602557451 400.384785193
544.696748718 430.036460555
617.992182542 299.596436839
120.740854934 345.858856789
656.73293933 278.645403282
200.41631154 292.25112625
417.001754523 388.216717217
105.625947884 282.625362182
640.459209153 256.718773783
545.801095441 441.966331496
603.203414056 318.520365398
604.375998266 274.631185232
601.60456676 335.867527333
488.649789374 348.234790651
645.516874644 295.523328358
399.489696564 356.074089202
550.571715356 423.080399114
568.75490129 493.817126183
360.913372237 287.127904272
531.376257303 479.541379302
668.935330397 291.885585288
602.145470181 356.969720662
542.538014326 397.204228386
672.624608646 341.007226581
526.738711251 329.495979901
500.94346773 369.298204142
562.444773254 336.696345343
563.483591146 412.169261087
235.999895539 326.116495485
641.180659453 355.101182304
152.539728995 351.014624067
482.237218685 374.971580541
513.868892716 313.370946625
674.836237561 259.274962642
618.455388439 327.504341595
324.682394826 303.085355124
532.330222558 354.390954542
497.055925 319.650093012
122.526110999 323.438349689
578.181909512 391.478201473
299.99135201 361.449600567
555.701665829 310.000591794
143.650027269 317.307075831
584.450313445 441.16597704
615.492264734 363.763437806
630.433593388 317.824882539
125.133079901 294.924970358
561.287932367 451.172774492
558.874023659 283.779406525
619.828323253 442.903224793
582.645686082 344.965830746
584.196286745 472.688558627
274.695096943 347.22361444
459.475891892 315.043236121
685.293438006 302.309350555
100.230133549 300.175273411
552.525488649 352.611051005
536.563492585 379.14251832
240.220367226 287.088755516
643.427849859 316.792704923
689.689935196 270.121613394
539.656184398 314.397114146
652.321410265 368.85999013
439.008577232 331.027677472
584.397464744 303.19954687
391.217582561 308.85845231
480.95435865 299.860689975
350.235186414 315.769820642
163.928512519 299.680256369
521.984216177 442.589983411
99.4083273152 312.436963285
383.163763607 267.421535149
518.817522563 396.738737739
540.913102835 469.782524506
268.243738981 364.20173329
576.198961081 317.8460922
514.655649335 371.629108509
503.844568203 395.658283341
659.04098938 320.220513007
332.020262926 342.814099489
466.465157401 374.805393115
282.345174378 282.965444996
