233.781451401 433.710642403
473.072471167 527.953438231
189.909504998 484.153110108
314.777140306 601.157462154
263.355105983 463.121480508
106.334285465 451.603099734
129.357280814 518.807784451
362.637335187 439.896733903
102.848756026 569.866637523
229.588916395 379.456265569
147.671114888 472.827766849
232.034248413 488.052954744
350.884667439 569.481827738
608.753452955 464.700013929
113.506856261 546.106347382
699.735587195 443.44658408
639.761645601 417.792182
191.900279693 523.57496392
168.989836376 545.310919867
180.313113372 400.040670543
659.390118605 483.069569003
639.415358867 457.921307441
279.045535194 380.429470578
403.167667667 511.35700052
366.531215144 390.238129104
383.661179885 430.738666488
164.362199549 442.699420741
305.999747093 527.913368355
411.761716396 594.591142497
176.826235825 479.25693383
89.2140661361 484.904872154
322.188335594 579.075506523
345.803128282 376.064310409
316.083893535 359.86636371
209.373274372 450.234371034
197.085901461 421.893327468
311.274527536 461.557287184
102.155280103 506.518720955
318.978265045 404.040288048
128.789026317 446.373363085
288.262812012 410.401443615
211.453448302 493.837143539
339.102240918 347.806240064
671.821470571 449.03830441
699.014876932 470.772955107
367.492028176 486.101617265
384.077369067 579.863400546
520.573360245 302.683010065
413.021285707 564.621043224
453.988787903 519.779013995
268.766932027 540.417711171
267.200226289 421.412475308
210.161713295 474.456394587
146.607700453 432.967483836
115.981058589 473.043681071
227.718321889 422.040327284
608.162398407 440.945384839
129.820839792 500.360482224
242.145776606 402.674781635
480.691082041 507.133620745
470.174956969 480.631880007
169.562912267 468.740349314
665.036832387 433.101756852
224.483830377 548.253781132
380.617512403 415.091289718
305.16382227 350.261433678
153.284493943 507.335855538
582.409107814 447.482782619
392.110801008 497.760039128
270.597731223 504.941316918
313.989259119 387.815588399
683.767295138 424.270271643
356.881662135 331.030322134
434.165385368 489.733827716
100.68933871 536.263517082
368.43595365 359.993157233
116.044416648 512.636240993
685.924948828 467.928587206
406.972017517 545.108849631
244.182782219 463.035033551
255.75162704 495.481589318
133.148757548 472.416508543
322.853392263 631.486464195
187.939663573 451.627336637
643.070056993 440.690227939
140.600420992 542.628491779
376.830269533 548.846376627
457.209871233 500.979377185
282.492305778 445.92685397
346.507481426 601.103856512
346.928067351 412.751817402
381.558277391 606.590540983
295.350510014 585.535160016
580.368002162 491.956059481
152.270520241 530.81877672
347.417713102 450.247685418
129.954569554 566.491867558
287.282120431 478.641668831
99.5691423219 478.39671241
320.710756645 437.22533343
