694.157931412 213.943862855
693.097505217 254.180153346
685.500615651 413.064903562
361.779890741 286.592430584
617.81367935 543.237189226
198.312142165 330.259178502
572.73520177 203.640416335
783.70730939 107.630970072
762.462831847 98.3053187254
692.483365336 350.473559958
701.522149423 257.597662163
681.186719046 239.540449851
301.217532183 281.702031287
666.045184248 245.161545068
582.596775794 163.37447781
620.192219506 582.992009365
683.798851099 322.352771762
773.126433039 85.9128297392
637.793724302 405.641146994
662.51207886 387.82432336
681.965899075 265.99254882
771.390058252 66.8296668035
531.838690989 191.191357423
556.827595552 175.62054191
155.481483216 321.415630645
328.709453584 277.542531688
157.389841834 370.839219936
711.058816521 162.425918745
727.888017726 73.2175001478
301.695769995 237.917637287
604.546543933 184.363717673
719.221985367 252.32517005
641.444957347 352.336621476
646.813652465 395.357537037
176.542192824 317.949639441
623.098967071 354.936320496
686.883779159 284.522828748
100.411024723 325.129449186
674.086565549 310.356100121
664.756146083 205.614382857
184.08947451 354.437204358
643.718929718 254.643727997
650.542749263 167.844515358
689.835364166 371.053890213
669.94493213 380.795822086
708.842905977 274.005137917
562.983130083 230.82305782
545.026848786 203.585528711
494.426585961 632.964011045
660.721052757 314.099164281
118.752080045 330.018099812
447.421107987 471.497480688
643.04171091 307.562646384
671.088673119 348.734559896
723.940280102 122.623349591
754.339375947 108.001733259
696.537396874 306.389019233
658.165601405 413.4134849
722.979768493 89.6878110635
642.850165065 467.838620669
314.105192509 254.933468931
748.47691217 127.503097579
353.346666823 216.917881359
87.2720256591 327.549353103
671.910603955 430.00005116
355.691512475 251.178467307
747.16162609 59.7443303561
649.982563908 441.289878744
657.659957834 326.012721624
762.566635339 52.6114750779
750.40545648 82.2707202433
601.791921629 564.226034749
637.886082405 210.627445802
634.174667859 449.27707874
663.97580162 267.170514962
693.46101888 169.674223659
636.668386025 421.055319465
90.1673595248 357.395459928
776.974680814 92.2421514524
783.253042061 76.816046564
705.594934892 217.587543752
693.824055707 271.279814285
287.051859213 253.113173015
117.45761697 363.516816513
705.166383088 133.855882034
650.915248596 342.565357153
101.940231483 344.51538218
629.501353813 563.224366445
665.722159617 453.614780883
133.350005527 343.033112868
733.94389002 79.659406146
646.186771185 363.759675702
326.799172107 228.673255944
712.201864688 187.564068904
740.1476373 141.723586951
783.681600584 62.9887290774
163.154217908 335.184196235
728.925042833 158.545240253
337.722287392 194.807964991
660.059965977 290.449299219
