100.075681404 379.399856033
684.185968769 348.73040321
653.553818759 302.878763609
117.593402239 358.094976864
695.957280761 324.716862605
109.783012375 405.68575661
157.818829333 213.769350537
623.318231794 321.293709756
78.646980187 364.472249792
95.0481052701 235.740389543
675.50172449 300.280346956
117.937791873 399.032877913
90.8235868115 552.625805181
65.2313797888 144.48691463
39.0650627036 105.205331981
97.6897206535 663.486725667
58.2748059946 171.295794658
59.1046268769 520.351861665
92.7146374836 201.221148662
46.0376591296 203.289111467
35.8515084103 160.335066487
67.6616285402 211.126729263
46.0560646562 568.000874054
294.334834406 276.818562112
460.981896586 178.549977703
107.230641995 371.779670711
26.9269180067 290.707832622
305.469287543 302.825476571
20.0722719496 216.142734172
269.107745177 309.852391639
249.739421722 282.169773415
99.0236029919 406.010171926
135.934133807 402.975369383
89.1505796819 344.635082648
125.685394494 307.006320434
145.75115029 394.472491294
72.3924800482 306.83620753
110.739186536 438.231072879
47.3818093619 284.412520914
217.878060243 286.756004734
74.0836427496 697.136301255
328.794027374 310.455008185
66.9790921187 245.184664686
154.667944269 358.721359229
472.876326383 219.831990287
673.364833798 326.329941039
12.784605748 237.057515105
32.5354975707 245.588710847
15.7862812773 116.704848572
134.887396776 381.164058777
290.717043631 325.926960434
139.416257232 425.035414373
72.3154752008 673.931594763
96.0812233411 509.746085539
153.736750877 438.90730654
310.423508513 325.008788442
652.47402271 336.17020554
168.642654115 365.097193433
28.3818021112 121.560214055
611.833388861 308.159519913
103.799787192 266.558536633
102.902397438 365.948618611
135.724107103 274.823778315
25.8208012573 153.866351119
96.1959994218 697.167336012
100.351363318 434.782297759
112.550928538 240.237809829
74.4469285006 728.397674022
81.1031069936 464.09498653
199.997642626 269.442079323
72.8175743749 353.838732778
113.678543735 458.967816448
82.3778321034 503.039185824
124.96263058 440.612442961
63.9711786515 342.352875586
94.6453061393 719.368778002
99.8737422695 336.110294915
223.165070924 309.741878543
69.822378319 543.246615331
239.95575376 320.460250985
45.8506863135 128.403559401
81.1822817759 286.001235728
101.986387631 479.493707475
498.482269094 169.215039581
161.741434021 417.051347162
69.650040981 563.520223124
165.000784806 396.153933719
60.1891070315 594.108419456
636.774967944 318.623900755
43.5525350474 550.327754133
67.9331817242 491.866986105
136.053316475 359.740426086
125.26001117 420.421823119
83.619807797 388.69420512
23.450705458 195.871056834
57.5458654639 712.598362058
24.8101886412 134.997491535
44.2068865944 236.892512161
11.2503085528 179.537690027
478.309447546 165.838597915
