695.091066705 464.017542074
719.212064501 406.674410356
697.691944989 429.925097326
735.121394664 250.684110662
780.866125084 665.584536958
689.953922182 659.714298092
751.223230774 531.334519157
580.709322867 178.687045692
596.192700623 226.579224404
704.744064983 230.57930688
789.172539926 668.913799813
788.288264533 580.550152832
740.193288655 643.459552913
752.501391611 80.1778615122
660.33325999 205.05317134
741.5731895 680.496096897
718.577576391 266.813623005
708.91147631 700.589802507
772.509407117 508.697781269
781.391102765 293.746334539
669.705781165 255.858441722
753.337343614 342.379358128
762.97852577 360.765515178
611.915239035 160.87841734
631.210829286 254.64145844
744.482094568 120.765264506
772.226051324 109.931002261
720.239359247 208.33168496
767.68395197 630.193623917
734.908712951 85.3781521756
756.714844866 138.484337702
702.381818816 686.129028055
618.906275629 201.01103254
664.424401287 443.388693719
716.336833511 163.634668145
776.322410036 324.571176378
700.052921368 262.850390732
730.324152122 541.820634501
651.294477064 215.800019474
727.5118583 106.266071533
746.957286312 700.12661
753.256207181 168.225181815
794.130728432 687.837338761
740.208984702 151.655817289
755.739342755 249.243523127
744.925495583 472.183457315
731.041139418 337.922905046
377.782478098 311.362812389
628.104033144 177.172028414
611.040247287 283.738186493
645.46361276 281.106280584
749.312598039 427.730327737
716.333968971 622.625792748
704.241949954 541.238061307
725.451561582 708.00143667
630.439967557 315.726222532
731.415888376 576.274430593
765.400878229 93.4385458878
660.881290785 163.018182191
786.382759862 539.186388723
776.524574277 687.924035278
793.084702913 504.479925829
710.6404622 369.174799952
783.750536315 98.4153002697
786.407161022 632.573138968
761.602765554 659.77511184
780.718820915 703.159609387
754.302663435 598.391155151
766.81567614 472.52932926
719.593676466 125.15240123
710.725584049 137.047697263
639.778583438 415.921953352
750.291295381 92.5324533486
726.557355852 498.95316866
587.770457433 356.878862731
764.266863281 709.151425068
693.855368545 186.765110004
794.34986231 82.5235675262
569.385647536 235.347607206
767.689893681 71.8622980974
780.823721244 115.955401624
781.284443524 79.5158632919
724.598838978 301.257280018
758.349215292 296.692050961
785.976058092 698.63117718
557.281371159 205.788336511
730.644626979 361.048543283
762.579839192 685.800363266
739.451044204 375.130528622
778.141329546 577.17612128
724.182353183 443.899779515
746.584096458 311.77946085
771.453540182 564.422487463
128.434579278 266.098890371
781.806175051 604.786059184
582.626130913 198.191939983
780.253518106 143.349253424
726.94657251 661.63442581
754.964047995 558.408182563
735.331248561 220.366090093
