207.50763186 709.711708761
343.110289819 448.36350729
148.825587969 476.227986197
275.463107182 410.159296893
316.79238488 411.262557677
305.167386578 438.369718833
612.432971029 442.812964081
461.774088592 413.625438559
236.128526378 419.9381449
134.846332313 407.135438324
214.6832314 417.755315373
164.390674409 431.234669819
336.072399437 430.9959032
107.454701792 456.485047701
160.517090641 405.630442152
206.438999478 348.947941638
210.203944228 382.195611886
193.084624989 351.142953002
534.107386171 475.496414362
187.500176107 668.980176106
582.834612819 435.546816907
125.18421978 459.781687049
660.257330612 443.613131123
175.904751855 369.414068803
130.422844216 491.725869672
136.90298827 388.717993377
640.627773627 454.612572981
187.533522333 684.953223265
507.249546636 434.407739603
491.036801468 416.953911596
484.894958091 453.957934919
256.105744242 418.276953375
621.105595674 463.04386394
196.381983472 449.253451193
370.956667936 472.287580938
222.561428927 724.344025287
238.214269003 325.242494759
187.211597349 715.211110461
673.779047763 465.868120786
455.215963064 467.721482681
151.766824156 512.003915637
699.476226988 503.463722164
291.925314252 393.173434727
262.165503435 441.621699005
352.420066063 417.589695241
173.222947215 520.989895082
189.606440803 390.851647096
610.703483439 491.928238381
147.928236355 459.304092345
219.169678196 442.789968572
313.29254346 389.192137191
681.189331148 455.9085637
546.810885279 458.830228033
221.375709211 333.879225693
283.71862923 434.394731838
272.272510232 390.130220405
130.10168389 439.024612389
323.397518266 456.043845423
198.669767221 419.242758704
410.165711153 417.630469059
145.655311884 435.922850825
223.935141525 680.232076279
510.42303994 479.658607422
588.257517962 466.782029982
156.734201098 376.950628122
211.412755636 686.870163383
435.152661024 420.044266893
244.189577911 680.76646025
414.99003773 456.527396227
232.047793111 697.333794406
181.483284427 417.391714295
266.727462102 372.078445835
699.181285991 483.073393729
119.922829779 399.423829618
301.69809423 425.21462025
262.314733753 464.84755201
187.351722806 335.50744311
641.428123416 482.919466103
699.958271117 464.061582747
337.993610775 398.272247344
662.927876178 532.153001172
250.12150247 394.515848877
469.314488566 437.462433858
247.499249213 369.191003221
285.634994179 359.510654675
232.26052617 368.855588571
165.405968966 354.54090612
174.050640229 681.492445557
114.413977888 437.249024181
258.98654866 349.26764422
117.732445958 516.163515861
195.237456708 695.754566699
173.19716018 454.383063058
437.896166111 448.611301407
208.555177147 467.889480713
136.353791043 536.608699086
667.36338787 492.529001938
230.040248097 401.270853949
178.004537113 476.658536187
212.951122481 320.014960935
