699.496859345 314.304612443
539.105486364 569.406119734
508.559604059 699.110203266
558.105532482 596.532238031
329.703309731 509.969398003
196.3834123 446.208345977
455.643151908 542.322967659
668.509436427 487.102047316
568.812295705 312.571499545
606.414302455 685.449430279
526.081635985 465.302667054
532.135882587 265.691724717
157.90514908 464.472691253
492.046874028 465.281758764
157.335547846 487.123550022
605.05472587 667.868018836
571.553936657 673.523370093
284.136887287 469.863972692
429.331766866 602.084624031
627.940096868 534.161184453
535.941370282 698.720622517
573.333677758 570.069320798
230.302743585 530.75638783
463.228016022 568.973346912
304.747219997 448.829661972
190.567213054 509.174311542
169.269632378 441.706042521
694.708066088 509.773248309
498.81300695 301.137944401
556.700215129 699.487928301
626.871169886 577.056292405
493.913962424 373.358441152
662.828324079 550.388927503
507.510721099 438.500215834
620.162795336 626.405420651
550.626199101 610.620558624
624.618612967 713.264612295
681.013968524 505.714024923
517.81956032 336.602211071
516.381924896 250.40077172
601.656794054 699.977071137
249.373539879 486.319696543
684.091217831 295.738981108
273.776641475 421.429708652
246.875201306 441.172896225
543.692185743 389.960214559
222.853265103 494.613400598
373.068792194 515.372576301
203.506804177 459.026342297
622.488792173 699.386635207
484.642728924 399.761720218
476.711656048 615.906459325
646.977570083 676.964181523
550.071242044 676.514390784
277.686572954 523.587607202
509.776926448 561.737164202
523.717954867 655.474256425
651.68420784 567.46223477
625.437263161 511.098623764
641.438237459 522.591149799
516.00774607 638.216268386
656.767346835 505.644850228
596.539163389 648.281572924
696.147963889 524.827222618
536.511812197 542.598527978
552.656465533 650.405013421
541.179145234 433.399499254
480.210967168 647.772316428
412.278121798 556.482240744
326.998745569 474.066848139
540.988731422 306.353552093
522.058337795 677.249136645
566.486073225 445.43549688
523.642316041 610.885848151
656.60344735 525.411714726
319.560219844 526.682951547
674.51339495 511.818967923
500.2348895 531.202350709
502.121520315 265.456779581
584.165569923 292.202211606
525.391302501 290.934053172
644.793725998 536.347297967
672.860889715 536.755110724
297.010745888 495.911762377
679.34693955 321.507562971
581.257047784 700.258356738
517.492126973 405.138327912
646.028385638 652.866183343
615.798923111 538.247545547
639.697909187 504.097964134
184.748835413 421.351034861
503.10839161 596.552531089
183.647565306 474.217901155
563.238600145 239.956207459
450.111193393 581.780894355
560.593817025 274.338260905
499.298239077 344.308836987
686.652480966 536.500553509
506.315839219 669.978657
530.758637547 585.430899435
