326.62664428 390.71185056
414.233538531 590.916913392
545.691002944 643.734189272
350.331022611 723.916965729
489.097271365 660.073830957
248.264925085 762.384485345
288.731219965 456.994628547
374.458942926 185.945894104
349.351876917 202.012919033
568.944021337 625.105325433
448.953043845 599.887469104
331.774299521 432.405161474
292.575933627 736.814150965
382.262057724 498.081338837
296.226354394 392.95867139
502.348958832 683.918137072
517.905969247 605.350026637
350.457678484 133.535112219
414.991128038 669.257823527
471.253776693 643.058250301
418.432328905 611.378997341
357.161900611 106.198706971
299.082359774 485.382815335
283.368552402 433.165413614
198.857986546 748.076606578
326.309615703 731.170231709
172.233512965 778.982318339
333.228086156 330.329873488
320.670409403 124.68721012
287.571821811 693.387677758
302.710038257 421.881501808
469.659876013 582.964897518
387.979747534 690.745628545
439.857824355 661.347956758
228.891117825 752.062197407
380.410335526 706.29820055
423.490870981 623.404868312
152.381306956 702.135495066
458.45223822 629.359834874
321.981302436 410.136132018
202.42525224 781.66679898
365.607362603 513.250405719
316.002434995 376.264741879
523.532321228 632.635346462
499.957380113 629.17173025
486.492266765 607.908052713
377.419091157 642.937148808
373.311416502 622.444592628
397.973405775 723.510206141
432.089847821 631.161747146
171.18544352 723.854669318
365.195087026 682.353319042
380.467340091 656.425721466
543.435522025 624.856969577
338.91471441 252.737817175
358.238587448 224.182712023
546.827921161 596.547649575
442.0829562 673.115225931
323.050560186 194.981666224
433.469750469 713.427601031
314.320833021 710.154652582
367.832368654 270.253450668
346.069801745 663.881187352
132.797235469 714.777074215
484.581517724 649.787024888
354.899962753 705.762591378
333.904688586 108.004534676
449.450122059 684.891184155
409.362283889 651.08304567
347.111308734 96.0427161602
345.023057817 176.659636303
491.800661409 672.044316341
320.57530221 456.547609591
430.205132863 696.402308011
406.299759047 617.441784091
325.306366358 350.998259165
421.034697978 684.35726034
130.886284923 748.766985485
380.285443488 148.938689037
366.464721707 123.733440889
357.437424319 403.906067619
464.255858356 608.049688058
294.595324728 708.911998052
152.682368044 767.921156429
335.754436281 298.148151733
437.179268341 642.610266761
148.23125665 740.156517446
526.517935201 667.427532671
512.743556975 647.832038873
171.612093887 753.251685125
344.070678438 153.941879032
403.873554944 672.888854679
335.932255568 683.060509358
350.104727982 369.195894296
371.593238413 299.609918495
384.16125859 103.614520051
198.136932175 764.437595614
356.672147853 328.017024785
346.993448983 640.640860396
404.700683347 633.38676176
