95.1864669805 340.278847978
143.132921657 712.641607423
125.648273062 277.964600629
211.855411548 738.062456187
73.4678025172 780.348904096
69.8470447576 741.75843255
163.63683249 160.463607941
306.211021629 629.103890793
344.92109203 735.41556837
106.234183547 702.417826924
749.764229275 700.524567968
133.861782995 780.562660764
63.106164199 733.306183617
751.712701749 657.257200899
693.18253029 676.18943298
198.193463902 702.937038764
141.342523727 758.280420475
106.049104813 726.069813597
165.631251364 711.939046494
152.911440925 139.905939816
132.715886331 463.945443604
228.109612857 725.65480627
132.902206516 708.904443673
688.264400876 654.031862495
390.106518503 709.662697451
291.116075381 340.987182652
73.8301210614 717.319474988
144.956861877 157.461999917
133.259860073 731.340950528
376.11598118 737.338211728
96.7803879248 431.33929333
66.8914433424 762.575458272
135.76789474 141.418689486
119.657036738 754.873453806
139.684332161 354.001825043
166.757675635 102.274263997
149.532000193 180.231611761
124.766089916 724.083971337
141.861201663 319.558438855
399.27730571 728.466479011
92.4187554817 770.478376151
125.597956346 707.111821045
727.457825406 697.730805095
134.650761845 109.201296811
224.485089669 703.292931601
58.5088505554 788.812273996
212.371319683 712.473463501
107.328145192 746.300109413
711.516366563 658.13450861
152.890862462 122.087364845
175.135627516 121.89527035
108.714397666 455.495305555
158.582239559 748.368308344
121.819556417 778.922584896
84.9902746451 754.279508808
168.102969576 727.59750603
322.144680485 459.303039368
188.165885919 100.347338713
723.488166025 671.661469843
108.519275685 787.736140229
170.081657236 198.903941091
125.579049388 791.16438028
124.317275402 745.037824095
98.1142266436 714.820467263
73.5446719757 785.352264747
704.966785888 682.516568343
135.912068747 764.780536
182.519628685 710.070581896
93.928461867 786.666583158
763.369633772 668.119808167
352.035183817 282.595492864
453.33955078 370.308738229
120.591547662 307.807784878
423.911190209 731.390355139
184.216256877 746.112019931
95.6207514562 733.866620855
128.882957642 340.081662996
152.008248177 98.8093681955
298.939094858 597.450243395
186.690159182 141.972212544
101.753588994 316.496278881
247.077822271 694.495704961
486.135184796 691.25275983
109.624030438 761.673551562
108.25551818 782.712094893
731.252754073 649.067202505
186.59020903 723.973229138
516.22022777 680.477915048
256.82307974 717.935377468
741.248107986 673.791603654
118.601306316 412.455163483
386.737411565 753.092793805
53.6945072412 768.62448673
431.85666722 359.271431733
148.278849432 732.679369514
362.259994376 717.510754752
115.766573471 368.484642222
60.9001157553 746.920691989
357.72671677 754.969277334
133.618599394 444.707049673
