430.267911248 129.373389984
312.056884367 524.138909927
135.445847892 243.310304744
312.639293264 700.785342501
387.10813111 180.180494486
379.985390122 312.267334264
290.165549235 190.785335409
464.131194622 102.07461922
366.623811692 100.697053271
330.037677212 355.389596013
373.80615813 224.064351148
396.517923624 124.270642803
406.770058286 241.393776837
127.279430964 192.223349212
107.357384428 216.861138038
285.920157856 681.642857338
124.836430869 219.060799298
369.096977115 89.9047807243
320.292903658 617.719467931
343.083344634 154.928234238
122.615940366 244.597359106
396.679865361 65.5931259744
137.851894325 208.229191606
312.227594006 220.217996211
377.123414551 127.684650293
427.053447414 230.397039961
96.0502864527 213.845656963
424.629367806 113.254122268
326.940262253 111.900930749
244.106733567 555.876326897
303.09905178 178.058220017
423.755991356 147.922880387
381.790081357 330.793656007
391.901904084 214.18961435
300.232912705 672.633217487
324.890520332 699.982209427
310.012955004 364.583466654
451.594434057 122.587488642
407.703323497 194.149497533
365.546928789 112.338593227
248.260354519 535.011854969
358.233194535 153.788127235
370.909609904 199.657335073
371.914486026 161.9557402
390.971011811 165.852735851
433.156157498 161.854277184
270.124372931 628.062644723
296.032517149 686.617472803
450.325054416 200.010251602
326.205965008 320.249133322
380.626215976 148.179330603
285.598211074 641.652445624
267.192819747 668.162577741
112.388929393 237.473595669
292.328775969 165.222231923
446.352176181 88.2635733447
353.286432169 309.066312799
328.232883525 651.102677936
309.967922417 133.559948235
408.945715678 222.655031181
441.663702403 237.05346576
471.015956718 114.907592553
357.429588597 345.697412104
346.798304838 134.310647467
329.941588984 195.363920991
418.226889962 259.758767773
288.30311983 212.330540691
335.437348629 333.533551836
298.650563499 546.580934098
341.314481763 92.2025932565
344.041576184 115.183104819
102.733029262 254.164397231
302.329603238 164.659163525
328.528582965 680.996035001
267.378127745 534.693432601
322.795994524 137.453405245
301.666614989 580.823921049
311.221085216 197.50056099
383.871512145 108.770232757
410.518240872 89.0909626925
417.023157359 99.3752883748
318.4101698 177.304772836
275.52487505 560.653501449
331.200126135 213.84369033
397.024352735 182.518334377
143.979869814 230.483441874
405.640760201 138.889545728
254.770083984 653.363522055
112.717539088 199.283406987
443.258889857 154.963002327
336.732989621 196.491898384
308.978122479 663.67522159
416.707771793 213.068004105
380.396838851 95.5296932543
518.9714003 430.2539198
398.420262664 75.6571390707
355.885062499 182.184316206
468.474709452 143.222095626
93.1042978686 243.776665076
277.44149462 602.245064482
