295.398107732 385.729619921
637.232405289 445.214858845
269.060604299 401.624434797
607.108664059 409.103101481
418.262436928 428.796975577
105.262145855 411.738304656
181.729913287 458.916961055
739.661999336 160.687614284
544.777915875 475.558857641
263.551580406 348.189236937
191.036787815 415.455316796
353.592350904 424.034013731
748.632031589 234.264800379
643.280690914 459.870618447
547.266974811 459.623370802
698.711396823 444.793841679
676.179080421 425.960098915
567.499857127 439.850013035
573.181631671 467.908039227
183.614897145 388.655324768
672.48552657 480.885209855
659.947244772 453.860933725
368.299686723 381.078599058
760.870221124 247.405735566
762.407452874 134.939890333
753.167059342 191.873684316
154.941060644 366.412301171
722.736166713 232.240337738
616.417938683 457.492613653
228.751303186 399.72908213
100.399846105 441.909079377
730.559064668 247.379984495
744.951493022 122.68167678
454.60253139 378.55325892
258.339821903 372.664505988
232.362386489 362.2612915
587.447926202 410.570484879
109.455616036 448.27366602
467.386649122 399.422750859
121.021176486 361.12122054
387.20824242 401.476712518
318.999875402 406.709825195
756.460782007 100.89230325
677.680155956 437.414558116
700.238707442 459.525389409
783.879015518 159.36914459
635.741815145 415.532928845
606.430172453 479.692743011
691.090851539 333.244124114
708.334892152 322.099297359
601.15078096 446.349487862
332.99289786 380.766180182
348.945232191 395.356625358
139.914071011 387.648525964
114.379696158 389.059162249
289.521380836 356.526189004
675.83564342 394.442842109
167.312067259 428.704885867
320.856372348 356.878221301
639.45055042 422.221521823
733.657133306 313.579746818
122.349830448 414.110804779
702.359256461 418.014930951
588.119829529 455.370408174
786.551964053 122.16497033
426.162728593 382.899365589
228.489216141 424.075568211
658.69964326 423.69242655
787.286470188 147.945528746
577.364564889 439.251148199
437.774131672 398.773321298
711.680249428 426.00269022
777.767736942 123.265061586
756.23089992 266.211459728
535.155641502 434.150641847
781.827472265 102.03208848
141.245694991 448.472028033
683.570362185 457.685989454
710.751454148 300.125350981
448.416326906 416.920884654
522.791400023 420.133774006
128.927508698 425.819150237
609.624819181 416.974875774
155.545440941 404.226875227
692.975083143 416.643980684
554.173001552 444.106008465
775.614361422 172.77736185
743.578408448 284.30513179
548.324169391 403.008986284
697.137546531 293.457584604
756.47354791 150.187098277
724.263321682 269.182086048
702.820685329 257.730637694
641.023125223 473.883655897
203.085236201 437.250424016
716.758233199 181.320773969
554.508164921 464.375903328
558.467201853 415.774232639
101.471113515 422.592393103
573.910752133 389.225883632
