696.519988209 544.959087774
598.138494675 500.945973749
759.174123524 635.82665415
545.316107477 207.752858705
233.51080757 467.472079317
193.00820374 508.39247178
214.887373564 500.084145492
682.646753577 519.680182594
649.132079854 649.343719753
607.353488861 548.773197195
673.256988316 698.990819311
713.916469653 596.556332789
370.369443945 480.2795251
700.012769999 701.663080451
255.305357343 462.983551671
233.746874459 509.120400484
700.611786483 544.595924403
430.353435565 465.299264458
684.368754607 503.657888677
600.47474169 455.66348546
655.477600496 526.263965799
724.913785098 572.722445464
565.003353842 110.418999393
682.335705687 552.236254947
702.504575278 556.934413263
209.213990579 522.898709035
697.554522478 522.491080315
579.585111851 499.792007781
725.203466599 518.959314227
438.42697852 428.087222414
662.696934969 547.835457903
746.449032627 658.703953918
647.113946441 536.197744302
728.669827527 632.190358698
761.721097946 568.284186902
683.110929231 567.864852615
690.486838462 547.709565994
657.939275527 323.50017463
673.831299439 500.777196488
742.899573537 544.722716511
699.152609248 266.103049231
705.397396044 468.047348538
417.547420188 439.009656824
405.589051921 494.459328834
711.452416177 538.743673646
723.313704201 701.122621654
668.335877128 544.023212359
722.331402986 541.111848492
751.089732464 686.566489088
751.963777087 576.39016735
684.095589115 314.596981285
466.052314471 425.337851748
690.918345107 342.444846705
232.057734375 486.932040598
530.071265154 198.76293809
386.313211957 452.680516581
704.548694079 596.622017912
633.190672735 489.764125037
730.474825201 665.626076308
620.026419903 464.219623769
712.569882056 567.994224234
572.557280939 566.123920869
734.10897915 527.704905806
727.782921299 294.518258573
702.461090954 570.229613241
244.791298945 526.027585535
621.922905382 519.182292779
720.901982545 331.731741058
636.050243339 547.347649069
681.529174322 478.706167022
697.957099247 658.643880195
400.111727062 468.908769596
656.176974643 472.433619089
648.280106965 589.674936436
671.406599916 290.115820211
567.690982027 130.332477827
177.976733052 483.496884671
711.928885967 516.205294853
674.800984699 443.923452761
570.174962377 527.211925062
671.368397009 466.069100339
745.356627327 613.414230303
708.549069301 315.461448932
355.045502509 484.392913991
199.494759733 475.947582233
735.41691449 563.519270419
684.577355798 581.444010724
577.589686746 464.43152261
684.264125199 610.697977637
449.334598962 407.401188593
751.070463698 590.369559736
697.038679258 287.557352256
676.168806665 671.92578476
711.328588709 691.691951285
265.996091715 513.005434417
379.704400315 491.24963261
699.15449473 501.419386138
709.224333393 681.902273241
260.676263691 482.277444315
218.442991179 467.977870865
