703.147472001 472.000168729
642.501847693 559.381989047
721.392424313 484.120103715
737.770768434 473.580163763
675.226602628 584.591559673
692.180852878 489.617426587
728.766145714 570.416116179
245.098774114 457.879550851
699.233389638 409.109110544
707.159857876 523.365598522
720.96219986 580.273127738
613.270014208 522.037486685
272.407947924 460.401185213
686.157406537 322.690963413
644.316540927 100.31139415
612.363560736 665.298099548
757.431205918 509.227529536
609.78801677 541.617079096
747.554751719 565.526826215
722.484073595 527.954309102
744.825762093 509.515092724
718.975281397 512.659369186
667.046125063 532.332803869
651.818028062 182.465596351
732.571728539 495.465539672
614.374733386 304.344448733
611.325326907 245.064859622
673.160639392 169.950691737
727.184622635 643.922178254
649.040287356 268.027624797
650.393312752 148.829992037
576.690173183 498.625983449
201.386617188 410.176798602
641.13192547 474.563476304
681.50518747 467.736967516
703.483969853 536.364899216
745.338928455 453.317179821
592.94884917 580.910904515
632.157964537 134.522122243
640.448873684 311.160184485
635.248217667 679.943347233
666.678546052 245.48263582
701.371845957 664.371217083
737.256913023 366.79937924
735.465219317 530.087693287
628.879314519 626.456232117
646.438699726 115.756198955
665.028903031 126.215914232
626.604049482 102.777002225
777.063134032 409.40677258
790.540470243 387.066947069
662.411075714 548.709003355
636.252090859 650.112848878
264.21157708 476.449079686
210.214595771 436.772529135
673.745737649 284.50849069
639.917365433 578.742771238
669.056773365 303.284354513
613.01319265 115.142360591
618.038991846 599.407675138
665.009647605 668.985805413
597.593436733 519.630917935
676.198032171 150.556344765
612.074317377 269.002660776
662.009808223 606.093235636
564.242646736 535.752958802
687.093504163 685.201912259
610.298969137 556.101372767
580.493721362 583.959643526
656.256410059 328.919379069
718.865994402 380.28193237
755.895043636 393.522310347
719.803661042 442.170905142
775.181420206 384.426609953
752.550273846 369.675889838
664.253223958 631.153135627
735.580771927 395.350919533
634.744982419 286.923299796
166.080505545 429.239360396
641.651266238 242.228369741
615.606189857 152.605850299
635.195297596 173.581733692
659.926595894 504.939615802
748.638361452 536.815133518
705.967259845 579.372158961
183.500958508 439.515211326
792.409882552 363.950273457
709.420680261 484.387298189
641.140165991 526.969981618
559.320616394 598.125568564
588.794341655 528.004556734
775.873495769 347.66658758
605.827494793 634.130315564
656.066880157 455.160643094
713.275364259 631.639907616
183.839033377 409.841565858
632.438140238 203.559182081
687.628311224 650.437752563
694.751270431 624.346773398
771.345064314 534.313120459
