188.089120568 627.496685012
277.23132187 447.801818343
656.907124992 707.765584058
385.312430646 736.983567983
241.694363007 662.885702274
217.473386238 632.51643825
700.336417922 671.40259109
671.127198218 676.378971427
238.865386442 736.043928312
178.220912363 667.259982935
231.959452902 730.104913816
193.800346425 529.626467241
231.051171045 711.169278598
208.033541274 609.77397538
583.57729726 702.02493058
203.197321638 597.243989572
213.938712835 700.0028615
667.032897795 646.036846927
258.53484129 221.255145437
266.272893765 712.434298469
257.78834005 202.398323117
619.855129767 661.302334738
700.244679444 703.309270169
279.522157389 707.184752334
226.416216433 445.327037214
246.20538395 248.111962165
585.380797563 668.015574561
691.14834442 664.474999779
410.180906215 698.461525141
183.440963428 550.125046356
242.870334376 573.695929073
367.700842707 741.927392192
312.103377038 707.785271315
236.451513786 698.315790783
211.3422958 729.054302517
266.342814866 500.494437663
316.293011601 691.714957268
255.085360976 743.156190858
354.886439887 732.359979257
251.855296596 358.368242101
673.067820047 738.724384049
312.313613271 293.503463594
677.257148877 713.655457354
236.39254405 495.849226754
275.539949087 257.844894969
251.034301823 729.927689278
549.187935759 684.678132052
453.979582533 658.180729521
296.907661181 737.970618119
486.650222312 687.782099419
254.661556883 476.787955685
254.70646419 443.712423679
269.192961003 692.78605649
204.482620529 655.577921022
513.976419396 694.571420827
255.514636689 717.947549328
176.106544355 600.309785395
288.557604647 697.594634803
619.725077493 696.719326302
286.956964419 191.293279125
333.255271973 731.546487602
173.387913741 635.488846489
562.66212664 713.327560575
237.50610761 475.086614878
232.793372177 545.220638925
204.518396428 569.295591567
687.446975811 697.065160641
208.094751805 491.541605914
258.221263208 555.411398809
258.066742804 703.042981058
308.350106025 759.045326574
221.163935176 718.321470206
600.272792405 643.679642739
270.401743636 463.130777502
376.263333792 705.865828102
348.575154996 761.609659823
223.22843855 517.398348967
343.613612678 701.737585783
481.195722097 671.744632324
243.485052183 601.456384808
650.014506286 685.169634581
234.031450133 684.069423647
455.245627054 642.945541524
447.226685488 686.181010446
168.344697539 660.670150448
331.027581037 765.776039612
186.327420405 506.993293043
293.064701675 299.078279443
260.520578612 528.976334972
254.78136499 685.961043009
402.396113229 738.28037919
205.822585896 469.434918573
645.695426813 658.059547405
229.24970715 571.956724116
264.208815432 179.135419137
426.54012903 664.776829589
295.734867654 226.569344784
517.644081491 666.145758208
557.164712152 652.532608239
269.827733695 237.740435954
