721.16088545 244.80057257
413.334099804 297.725217418
727.033152396 415.909307476
690.194327299 589.342401823
612.282222059 353.434640795
680.750382978 653.817768715
557.715821877 262.845879173
763.067329022 116.469357873
722.033525344 159.214613404
761.274376509 547.515461953
771.312166447 485.250584888
729.628260525 216.671230901
668.363395285 690.878241656
739.070224731 379.528741463
494.789082908 297.695061669
577.190975037 411.562285448
705.500575925 389.296893401
715.762878083 118.603247373
746.708529832 534.032485615
681.163269657 311.861328816
711.211988189 448.853498896
718.36886994 99.7750022831
716.220695196 360.350922652
531.613219095 280.176272506
684.90193426 278.534182461
704.511902505 683.27648406
379.996599939 280.386879464
730.246296598 182.943452592
697.827081087 137.817237634
133.577223968 282.223173972
633.540104964 263.292824513
719.906956409 319.077137216
727.193039552 611.080921289
786.964386593 539.120195249
367.812515306 313.65937681
709.856836838 607.280012616
741.632183112 487.756231028
754.745264729 165.381275376
790.172706257 497.912297567
708.344611819 223.535950105
100.757556345 269.300179144
673.693051645 333.990044038
452.482943836 288.794756652
672.18219308 362.273205519
650.717490162 349.366757866
738.304944543 293.342064255
118.941181388 294.454033947
394.550122418 313.401876462
727.290195441 637.268797157
760.21317324 503.478136375
706.544487965 336.618860378
702.064253909 551.699668451
603.059810883 550.403249614
685.645740501 401.33260391
720.171402217 201.223566959
760.136834484 100.663212245
747.272083612 398.621252058
747.93852249 565.661064557
685.139929632 192.091479697
741.925989058 609.829723502
688.360045393 701.305163619
768.835948697 143.378084946
685.710541751 635.401095528
700.984701445 257.404763409
622.046650256 311.679685051
674.434830446 713.882426795
490.231149582 241.921749138
755.682901745 580.661534972
732.565424649 522.799158514
701.442584321 108.603399819
703.848192256 163.28428302
591.47774694 373.355675046
676.729890399 259.100944266
728.809192349 590.780372292
672.173480807 449.355049504
676.882568368 233.885181252
729.778737054 564.932520913
601.315039065 276.696295186
741.063078734 147.113169285
740.929965684 111.213275871
752.363646039 127.905572143
646.894418914 289.930029473
102.201596833 290.243413863
376.22187183 254.08657864
465.11559174 262.941142216
776.052710268 516.906630112
719.452788754 284.19523116
614.122233388 402.722839849
649.853372914 380.752042036
736.630817543 257.167150407
446.74722147 237.184541761
717.490724997 578.608814927
693.380994932 663.944286891
731.1653598 134.201588026
753.335593353 311.740680477
745.074952288 97.177933076
414.283924473 256.243521544
757.043352063 206.197270447
119.228023763 250.113150798
710.674128383 495.96446389
