218.103540099 647.993969438
256.382422197 628.228088153
225.228249843 630.517240484
421.648305732 613.103286213
274.700211004 702.116635581
179.001612764 671.593683267
259.574952947 663.05944941
244.260334623 402.864349381
256.418953212 475.405578413
311.719302609 487.749288639
297.486453307 699.098710641
345.708694966 666.938767881
231.258896219 692.61785557
249.71348245 100.409274983
283.497010793 412.181748166
232.170203925 701.334107884
383.531042808 605.625683731
191.981493841 710.972620481
285.574895991 651.794388525
473.619083624 626.254170283
271.627457603 457.599763235
382.461741725 633.988955887
415.371900164 641.56697695
266.041596687 380.670732836
261.299834438 506.631964244
261.492439818 172.791960876
283.71967973 152.532938999
396.019153724 532.572449091
267.378316138 695.568987994
244.186601831 126.75559167
283.00315119 191.82495432
191.882549201 697.190636933
262.683511581 425.922390476
196.866049817 638.929107199
257.077374306 242.074746163
455.293285001 643.429978778
295.72817243 446.048088259
239.018891449 678.779223371
284.262203414 425.554000053
250.151545965 171.107267003
240.486098413 719.246014331
291.256841891 233.80653342
284.193876102 718.253158294
276.668880587 215.888790682
463.216277172 597.334566066
269.311703524 639.839852013
293.891748464 494.870871035
399.451762405 327.434626924
279.956633055 400.166940188
227.672599769 589.401487711
253.678242792 558.116511679
289.130172157 616.876919217
203.739478056 682.805483326
205.559092227 661.996483507
207.143535504 724.981774949
234.364533071 611.396286909
232.456000806 679.100895489
271.525859877 139.801785003
293.283512388 372.474787278
303.800701652 661.027255126
261.104565876 715.841230296
333.535991452 642.827237203
257.5695543 582.685789739
307.876027718 125.388438842
337.658207007 681.028951048
260.46518462 704.252021373
275.46261338 729.231956306
259.806363663 685.749037754
297.814052361 633.180072876
257.484832484 193.188602313
253.218938375 214.720004994
211.293115732 619.102240313
260.100321994 148.956339651
240.135572801 655.485251471
202.1598785 603.911572949
258.522878736 734.877564139
374.750650901 525.776912303
298.11571916 100.961391611
237.442960626 507.034420797
273.102913092 100.170284403
302.218724363 168.063820625
284.749391388 119.819086259
370.074545363 613.972623582
442.162869275 619.597861403
314.139221241 709.310639333
237.586297175 481.961257008
275.886605733 525.619248645
250.061477385 696.586393383
288.216388321 585.039554446
307.672303179 676.71300498
257.843199974 652.317545552
400.736141236 614.943054942
278.558113001 672.245345556
146.510677707 278.627106312
296.367985532 684.119731484
256.175611665 448.930638997
316.891787232 212.033501017
212.167508464 701.704185008
267.253181509 671.002608932
420.693973026 537.251405106
