711.202818801 100.199322272
680.223599659 129.637780848
723.888315296 169.174434003
704.83363408 292.678341095
580.088842887 525.181510962
458.413680454 482.044084008
489.585791451 332.531274435
623.997205555 389.220326542
733.398460107 368.684120503
451.797286666 323.542064702
700.360529465 245.961548397
720.573229832 257.743637171
271.113450728 236.381775033
707.100211971 191.806436992
616.336947533 451.682955412
704.559054992 354.480047972
711.700647327 306.694472627
653.062526085 535.783752556
637.062583929 540.947901094
421.653163951 259.712936453
653.659547497 257.566140379
714.902997289 268.481668334
656.584898841 463.157947274
639.968951551 280.258843293
603.61184377 334.283542325
654.115774406 427.141356003
246.680016634 212.211168724
670.546033217 360.477985733
685.589848799 100.520485348
696.974272468 318.19966884
723.816196073 383.191008946
398.322372354 305.934776101
641.280932628 339.867996496
626.918044555 330.46498932
678.876492312 248.61436345
695.518977986 176.723774716
650.160533452 363.790013973
706.397027557 388.619121238
717.18486333 120.207173798
465.583308131 277.445142996
681.037666729 407.273797582
620.762599067 519.440871389
700.932084226 265.337387276
650.837906796 296.882345135
739.688784317 505.20981553
367.731492913 284.75694201
714.092296228 430.064990996
681.153762899 471.740670515
282.185919969 199.789010417
664.71092164 317.703644638
705.449445845 219.901581168
731.723640457 473.336634255
697.7090639 298.972231114
707.893079512 324.008320328
623.176920508 558.673572153
718.536190664 494.967219512
689.214935473 206.942750091
697.012179612 217.038979255
448.857123537 244.060149399
726.410331126 330.849969338
261.96336194 183.28245138
732.141399769 302.036152756
683.950936438 225.861679908
599.862947809 492.790814303
670.824180703 508.903360397
487.894688337 299.60494787
720.020031264 289.960632931
647.351983663 497.186355665
683.458274283 542.82697675
719.480330622 198.27480628
732.329833091 104.986841264
687.884373455 299.974690537
728.898295368 134.964424856
522.759571214 302.498726676
704.175692051 228.803220894
605.785600857 534.830201781
722.237733589 150.007303715
680.094739962 266.711173792
705.952035293 112.755926987
410.838512118 270.19675507
722.790177108 85.4405396353
676.429288775 202.902759475
718.885803261 227.751076189
703.786707834 450.828267708
703.887540997 508.66005834
694.108507555 358.83947536
662.597347938 225.518647691
721.406757982 210.92335981
715.847603155 340.686087233
502.40333449 265.639050896
748.439539989 420.701458442
687.736804271 254.512020462
252.838111269 246.155203082
383.842934951 245.904830669
620.985277764 299.318209676
392.389205873 270.483251654
707.72808734 138.988497866
233.286496869 237.520745779
693.941966944 275.199634136
760.153566525 448.917295349
