137.635184017 234.389805739
572.053158935 185.798648249
566.265360203 48.9081287537
89.1280040125 221.176108886
614.604375638 287.552917201
530.728418647 145.642637131
583.470190219 58.448239172
689.714845405 116.782060832
116.030122503 197.948979817
639.868856829 368.161817659
576.328575796 95.9817860877
85.3336470036 242.907859451
686.190458389 176.219013667
103.87057441 242.728908864
551.415435378 75.289033023
675.049534538 208.928835869
89.4562361788 261.844290455
629.59531425 183.927878254
538.326398185 133.693610178
589.567802286 209.00697766
124.123042541 248.863062519
610.960157047 400.14857474
595.453934786 677.214463662
459.977423959 66.9391698323
687.724915358 91.6519822091
155.058347993 250.334889779
525.073288513 97.73782069
583.712730555 141.791412845
528.574762888 86.4775169063
543.170671155 173.00490035
526.957336576 101.30962662
504.223585225 130.907372587
406.861578296 87.2155611449
601.417802152 367.29122502
701.984187003 114.343297631
574.056832012 683.589743799
570.374426616 69.5970789556
564.055552407 662.884375598
545.162278897 91.4290962775
529.133247245 121.060420705
607.361358452 637.912328297
552.935334367 197.092077992
593.722484016 112.137476089
104.24769707 226.844857817
618.819460422 357.873325143
552.334676638 125.166628121
568.459794896 124.261589862
561.364223613 84.0395345524
537.12391054 86.7192679388
162.513101425 235.248225722
632.185100252 324.71505976
496.860130429 106.74162243
603.159898208 659.414026974
677.856847736 235.997143139
579.440773473 608.087559988
612.621716439 38.4380706719
572.247629368 84.7222086634
685.39770572 141.842535944
547.64304481 65.8618891166
559.902218493 132.419199481
666.84349118 146.567498095
167.825674044 216.456615379
607.921030468 327.462264909
503.065238133 91.7746203909
101.863029699 184.435189841
77.4060994374 213.99003965
96.5275948861 206.945046224
614.858509476 679.12368689
617.314849067 250.883001631
436.270254447 81.3932597827
141.102772254 220.907748619
550.578321799 104.590642588
603.250505729 53.733300536
421.448564521 64.9055824137
146.37839397 203.124455514
698.330745638 143.344715611
638.227807839 243.926104817
658.856154767 214.050836061
595.972933516 609.931721424
570.982359541 157.449908563
523.878310864 175.385813401
544.837039294 208.687667448
577.480642653 647.325974675
592.71008078 76.2368015732
622.131371489 384.845900696
559.253177738 590.988075845
609.390942178 75.0598882674
586.676733728 700.135670848
632.178297658 122.902513517
660.005374629 246.080967777
649.010328835 232.615483937
635.324815623 209.504441985
104.714940887 261.883074586
119.227255184 227.389120714
564.55891793 103.269691275
600.836157563 698.723763606
520.514562817 77.827802583
536.912026675 114.703122413
552.266548684 91.4196109056
503.289649883 98.5012836207
