449.48078694 482.147785505
615.896060919 604.308516164
360.226704804 603.559432165
558.159273162 697.742752832
433.1405578 344.776285881
487.874930387 592.552371609
122.82362793 642.787947385
516.821500636 500.02331475
405.878601828 394.168258877
454.613634275 642.138620268
413.073603325 498.217457105
501.047936237 242.306978647
417.094734642 552.778956985
354.131598751 507.962103613
350.823614034 523.974477911
497.476594462 686.859072372
371.009955288 555.764029655
406.526897162 359.097748173
617.712414571 650.610727501
391.197162939 492.926685809
337.599690822 583.900721014
561.595040284 176.307329707
359.295286657 536.916598538
140.814560826 684.447495762
467.767215281 224.733796156
446.650200286 551.849503309
322.210857623 519.751599025
447.778441942 381.358344844
383.105380479 422.454945975
380.119236464 632.339285868
140.335247563 628.572939447
440.506494108 494.798189872
522.839998454 576.149234579
415.169115806 468.797616265
516.745401586 670.382244983
574.906144857 701.349402381
426.686240354 647.951306599
486.270805725 505.045600451
428.16713082 485.651237979
508.420844189 183.74518787
397.458461263 598.708090311
398.411513605 458.359855357
423.943449455 380.993669688
421.513399188 277.194141438
454.488766969 301.370095867
451.396719746 501.07468369
511.051428243 624.944375381
523.663533334 700.401359099
470.920245798 534.891092853
417.66442218 620.666965956
465.136112505 264.21611145
510.02414418 648.310719351
483.837387002 663.721441421
350.83214247 545.091083157
364.287557117 482.586086863
471.151998042 390.746129647
449.716832058 586.061591014
552.529139346 654.098843139
365.601778124 442.69080877
421.200523737 516.686199545
478.483222057 558.360757747
535.46156793 517.095778474
476.16963541 606.464776579
388.156659452 456.086929482
156.914279916 652.339025518
447.792020198 563.881517706
121.951043074 680.02183676
457.252267236 612.84738748
613.653532412 621.380301134
379.22087671 367.860016393
386.008249783 402.812611714
338.431924707 552.744466234
361.935591299 415.010420091
546.958903941 686.655463611
553.617854987 593.589657034
372.484135276 468.242611989
606.28505339 643.961463351
132.866865274 664.757120322
510.138656138 210.321734782
529.034930811 243.12100403
510.393158423 263.022300365
383.241106119 499.306102922
597.83045965 616.251839081
162.105323161 693.160186829
440.94509487 452.072857743
381.546803157 566.650469474
493.510827721 279.937142049
490.99689124 638.265369801
327.482289132 501.626842227
462.117097085 515.095991397
401.087671017 519.854120447
533.699671435 658.866879411
440.149941743 529.342525236
542.105521861 183.729871514
600.992730114 585.803691628
542.415114379 213.301915479
408.111721437 441.771163977
528.067222793 528.467124678
312.651498864 532.105859349
548.598010715 617.906919563
