514.708205072 581.026087988
402.376522626 655.786992037
477.549763217 588.812275531
504.787953133 553.665366052
370.51167828 675.905212724
460.825980615 371.795094979
495.535741747 335.842051207
473.71702476 331.07439902
539.991497053 552.768465765
403.901105018 720.615935091
455.308943514 657.003462653
337.377325589 635.493059747
461.801291209 642.010806283
427.226945413 673.487766037
551.996899297 554.421709625
380.218800285 729.679146251
431.495024137 694.216811724
504.618666569 676.19266912
276.9765612 666.400475019
350.107339948 611.459110499
353.858837923 665.33240493
509.801211182 656.678924544
566.122798704 563.251310383
535.589834591 577.303690451
289.191862478 708.263731981
348.385142471 700.853155108
466.736706931 178.876122036
484.558879419 139.659470586
585.457449387 539.310231978
324.457376506 659.271352716
555.32297457 579.89960473
450.510494343 514.844462836
394.277384772 609.447179507
294.338588993 650.7786431
487.343651607 638.742976185
340.701314496 594.000881227
392.600697458 655.125117589
546.530464447 596.953403427
437.467459434 527.270511609
342.988484233 675.178199737
440.17601052 345.198524722
385.705431536 621.027651462
574.575531975 584.787755064
236.039909681 712.677625004
433.886308573 607.791896848
484.647172778 365.86565913
506.657213298 165.816941441
541.540252639 138.590813702
404.116110254 665.743950414
443.755318472 315.878321806
306.520016479 667.395767358
353.431963044 720.577266771
438.321558786 582.593365298
533.549029132 539.616370799
600.191020017 580.79358869
346.948217757 645.130927441
410.081496816 694.452717109
430.946650802 623.964123214
594.364728231 554.760124091
380.308869818 637.157124893
473.189338578 159.640307183
443.352418521 638.454387384
466.97834942 302.361393341
275.817856077 684.930425774
480.242625154 566.900903211
315.155033876 682.706271003
618.202149015 544.959745906
248.241194597 690.434588548
467.65687268 625.219562641
493.565291281 612.516863967
519.169107466 527.091214521
322.34234056 713.6060088
484.003168401 95.5261607707
375.23262691 688.881729117
480.530965512 537.932915215
374.397281638 703.603547668
328.392263262 613.719445023
474.563540642 120.479785466
452.139192014 272.444808266
475.74501649 351.219186927
487.188160672 174.737778958
457.539619333 670.035554056
468.571743036 100.376538072
453.314390846 195.942846347
525.072819112 617.097783816
448.916765202 552.767428985
261.089738773 721.153331651
374.952088902 655.337795648
405.785285392 674.938533189
468.50358289 135.86095973
621.469953772 563.039335509
322.156768746 623.175740222
503.250768906 107.040370264
435.027676625 647.992345402
366.466333802 617.868010159
512.521644745 126.76103509
330.832444736 696.633829099
486.496170217 218.944632365
483.961364815 108.357858791
243.370101892 668.522593251
