758.548926582 558.135975283
44.8779889301 505.310978537
724.374837764 592.249532451
717.807630008 554.155858216
43.9029403561 673.553532954
140.551525466 446.892896696
742.678808232 595.125148847
357.249990238 572.127510317
739.302926123 525.158015525
146.582364392 572.289406244
511.823869546 105.956308019
703.382196384 551.569471784
750.971505244 673.939897988
724.153192205 565.939270069
705.364542599 599.306663281
155.789194951 516.930549271
692.49539421 555.451548622
68.309182484 525.947028548
77.5674403957 425.793482373
27.1130623329 646.075074874
745.490542935 567.191001785
59.9310621958 647.904630409
77.33716585 666.613081635
53.4650179727 413.245887755
342.087971935 541.101356334
760.628718944 587.794612551
49.9494852495 122.221836445
165.085863102 460.052993314
34.5716589506 390.875574827
31.8892262943 473.469437666
53.5399029759 145.226711581
167.203122315 432.358820049
15.8228536537 423.711278961
58.2798640756 639.476366395
774.394817256 631.476349481
66.9353774941 683.359839881
12.965163383 379.075230649
94.4103867103 587.84983672
72.5779469001 125.884152142
745.169549568 637.428444416
83.5954999816 660.805133597
30.5011476877 522.54995091
306.377904524 123.225944572
728.770380459 550.029496619
122.627791877 560.425929011
140.566430421 487.475068344
367.388013668 155.611827239
184.510704772 406.063940919
131.685900108 408.290239892
776.404366512 550.579175973
146.458602653 544.031251435
109.051961732 476.720774778
127.830031477 661.778423802
737.449919548 696.901073099
117.44088308 589.925863279
77.2857544582 372.4755974
300.98452355 103.404409645
731.7538708 663.94307973
60.5971184821 347.914419685
77.9349318416 481.557075224
97.8574852595 512.869685748
767.982737361 535.343205239
81.4543242886 514.234221971
721.889450936 648.213890084
713.083118373 508.870472072
686.713909444 525.975015887
713.300315887 522.966409168
108.580668982 653.61320709
23.9340661482 666.002100324
146.84877482 420.676328983
754.267153358 537.536985772
75.8801906382 154.140928815
49.2337598294 378.377663721
30.308856635 426.88711632
758.51375644 513.947757146
764.748406245 649.424948862
46.0930829299 650.549960226
115.295286102 525.381338962
92.3616874519 648.635172738
57.5667465565 492.334971183
19.4531450158 497.737535367
17.6433781 643.8161451
77.5582612114 640.569103183
153.950750441 398.985095252
91.1923774308 550.409563399
67.7442225828 664.89839446
718.406066217 613.111384367
91.2965038366 681.289902076
722.129251932 682.808779056
102.721763517 559.99244942
72.2548202965 551.616658349
55.0165767686 543.305905801
703.101988143 565.157892032
739.205210331 544.10620404
505.96090882 123.254779818
102.043595919 682.97811044
30.975270962 354.289925434
64.3788614129 167.81464709
95.8911791543 135.071746066
335.701784483 561.674433122
