676.416866801 653.468478675
272.435136588 319.515278645
440.867122702 631.447881738
553.713394484 491.608324895
336.00572537 490.257690576
534.188862833 211.244777022
538.207264372 521.448552414
445.503254952 513.206091367
643.416766215 547.559970933
499.119100686 294.762868358
506.317729519 107.505694111
508.716429625 492.627505709
303.805929791 693.301235103
534.751667577 502.268911662
274.192172994 611.967940884
523.391154495 246.271526636
305.252790409 608.487199255
148.505524661 417.715666137
461.597626031 226.70957715
319.42662691 471.795169797
645.096383761 648.13967761
354.931845285 430.394185077
372.377049918 438.245470524
327.230667193 225.241783375
549.948645187 412.484238325
535.106505471 624.171981065
125.038506307 98.7900056369
560.751425069 226.695468279
380.251778309 193.609273389
260.886402089 305.810530337
163.942742372 97.3094033101
568.292510321 208.475338093
222.740653554 290.360354246
100.287887513 551.971778631
528.268363369 645.685614778
355.758816465 492.537355939
272.083693651 225.524821627
235.873005484 407.175443726
195.661911488 105.564027909
313.853811167 635.898861689
448.725698043 414.505632828
199.434586067 350.418731699
312.280738629 135.109227607
546.388948658 652.652069788
476.406308165 283.877722592
519.328821898 228.991685636
401.696783616 127.259506857
592.986064572 196.731870489
532.558616946 185.955773396
684.781824914 692.049978031
503.425627293 265.265448367
491.565470624 234.706531591
509.814772178 430.370757769
286.456229966 701.205099799
461.9659207 305.054956316
471.855236561 212.069895545
298.306593279 106.241555309
281.169858914 675.559960879
395.586556962 160.891432531
369.021991187 213.689566903
446.348555685 240.566588289
655.031845133 582.980604114
335.26852273 242.233783115
275.504603895 654.888741647
635.663655109 517.931042662
408.621938589 592.971603794
621.582303467 647.664810398
486.549486721 416.311208269
284.698269511 501.477925292
547.880293459 196.795737542
634.998497508 624.821375061
176.049837582 125.344195686
395.279577769 186.88151159
298.215747753 229.570876192
668.392107246 552.581230234
478.459195884 688.747464966
334.812967155 463.122766822
483.473916376 269.791464173
461.970867888 412.136291208
276.420631657 247.159247212
213.721820107 321.108629424
114.019935322 681.019817576
115.552968253 543.738320069
556.351120208 179.151054768
159.286660154 492.350964364
356.480699596 472.452154932
290.65056401 634.588969633
446.926191437 442.260395481
273.727410235 690.724215113
438.851822047 262.215278559
135.101672831 477.670263207
111.660029127 433.646125676
417.143342925 623.198206855
592.916366289 690.136942299
496.454412324 131.048310689
468.310813346 441.414280937
354.710880849 188.061831756
117.979931701 200.188226592
218.835931994 95.6683597746
543.332556415 436.369711471
