641.42456062 99.4364253863
610.286173517 131.592845355
654.936288233 179.252816971
711.337295897 362.060898456
510.399781257 519.566109052
458.83610879 480.230589501
459.55543439 395.443148013
558.627873282 412.635203726
715.11916742 415.166790663
415.679473612 383.460962248
665.653388023 301.225055671
730.850146414 326.602852233
267.838301632 306.279161357
642.497691385 213.952432668
546.65309065 452.173454973
647.049571208 391.163764772
719.957815024 376.170341765
584.186300545 523.43668698
567.745223847 531.434747648
391.694245337 322.925532205
595.26194934 295.011595718
723.032660569 337.590810797
586.644480002 462.028094502
584.819345814 323.146482993
544.055741549 370.988289424
585.279751901 439.059907502
241.212821231 281.976429982
606.179490939 387.870583333
615.69375918 99.2161979054
687.94668879 383.055689594
666.906580405 415.857554042
371.838412379 370.676655746
579.483940043 372.537973358
565.972166731 364.721253718
623.573137113 287.528035237
628.656853892 195.475871974
586.176728654 392.104300623
640.526128534 411.433721046
647.258741376 123.003547212
434.110260343 339.903731
613.438626095 425.165139202
551.540856109 510.599771353
703.592958637 334.626801592
594.132264333 337.640391527
674.662074379 492.534915131
338.432212612 348.307254723
645.100887032 437.946053065
611.687172772 464.293585293
279.609229441 269.701434909
605.596849346 355.001934857
669.312364536 277.241128925
662.934662264 468.29390757
705.76862646 367.240939569
717.378145324 393.349350543
553.995238671 548.588017838
649.43524822 485.441529747
628.636498914 236.903372872
643.094860705 256.038143242
423.890972325 307.061223412
726.128446791 400.813454849
260.051813358 252.708268744
742.15350915 371.236888894
629.25534786 265.169524967
531.036232335 481.137514517
602.235445357 495.216418201
457.826029001 362.639542919
726.260805061 359.625064985
577.718590742 490.157556822
615.183173079 527.427555222
663.188110321 233.614590846
662.396625003 107.704575767
665.13511432 361.113107063
659.207806525 139.908308521
498.148906177 367.377815831
693.166589195 297.24576861
536.633082463 524.209980822
653.247034832 158.230735729
630.060723344 311.644507911
636.084468709 116.551071343
381.451190732 333.580840597
653.739439097 88.0331304711
617.15253047 235.163647077
714.607529052 294.715370366
633.865548776 452.911464883
634.835052574 497.341360461
632.770740559 389.277368539
604.251309206 260.404445432
696.70605187 275.486622222
705.176510373 401.938775822
470.975358396 327.999207159
687.477020944 437.549341542
691.207868378 323.163621614
246.572920537 315.689748763
353.251154936 308.823704681
561.775791509 336.471051109
361.371780168 333.22358453
637.794237157 140.987751075
225.540380438 307.030482823
693.025752074 344.908422347
708.681328171 453.205465175
