262.326611181 680.358141497
608.690068369 57.9297935363
223.8427597 177.909426039
272.873531733 113.66203624
432.989425895 61.7461770391
381.28221165 99.8828071665
623.411811407 17.2673090098
556.846146839 84.7930823652
188.796894676 125.404197633
305.684322435 81.8891047753
167.439355467 111.688861727
111.523149786 60.5565935033
407.759823789 90.7108627515
185.406345585 187.081586658
346.730905853 69.3863071784
229.401207835 72.5941059229
145.237195382 44.8501622992
287.300225327 98.9804361692
695.998491161 52.5228633761
380.396277598 127.050066617
588.357199931 100.852053243
117.362152735 75.0153523262
668.755781835 17.8360241758
329.179207884 88.5315275155
163.9486937 646.199339496
262.574527273 87.7079156645
686.977368789 7.12112885042
369.326248281 150.353228897
607.571466005 125.565686517
585.326305303 23.4692134777
548.481373533 116.94869996
186.077603112 98.6611787854
647.23118007 23.4666764276
158.223870066 77.8413171235
434.09697931 78.5399179378
271.917493014 659.439019135
356.040899544 100.604466373
334.544244298 154.859904728
676.837046372 28.4666732788
541.362576256 139.40218017
345.73970297 131.479252992
696.671014539 70.1222814622
424.776144353 47.0055748916
287.708949479 210.627962355
484.72480246 99.9614990036
510.959196239 150.972430492
125.570821081 32.3628713856
655.819505388 66.4720083714
228.327540117 236.175583046
251.92420109 198.09408087
497.314208443 69.2566131952
699.313680172 19.0135745147
442.687089282 89.7875170661
298.83961875 107.786498931
359.4114186 115.291914179
403.577710524 72.1333968069
96.3297644877 64.7091262023
422.486165772 116.592390233
224.795908943 208.007194128
535.037354457 61.6398298365
120.479361856 48.6656519041
542.837928077 155.165215732
568.973487078 141.216682253
630.498350228 32.0662122413
113.577765226 9.81412470936
281.937681986 689.291036438
546.887461705 30.3273342749
640.087837879 48.5825690719
503.041035685 118.932898704
621.319529083 76.9439687745
128.633394747 66.7333667224
323.898825932 103.45878793
699.34976187 28.7938420629
87.1943794052 32.1783652733
316.830939962 122.746841647
288.629843693 143.783462376
354.849652952 80.8619790471
669.413490593 43.5883382599
714.312884378 33.117361837
510.056407075 47.5445059301
699.01572083 40.1949121114
211.780524462 101.059809587
572.2311365 51.4041586918
237.442358817 96.7698633528
377.104403602 87.0103618752
203.115198214 85.0910740697
100.518763261 26.2801647033
304.34615428 182.451927443
81.9177497345 65.5844836909
519.613183599 27.139468698
257.801485503 154.049246841
396.473655922 102.774614401
139.034973644 92.06361525
459.887310658 124.826718621
233.451933419 119.426715489
268.408542207 182.045126027
658.753831505 89.4982077552
200.268614939 167.712275927
243.473480661 222.088153218
379.125604408 65.2296057785
