26.1993326578 178.161628725
698.139741799 119.644692615
687.740518882 76.026288275
67.5530172642 155.875940479
712.585604933 96.039657183
37.7411215682 201.32282713
313.538312604 59.7109606803
637.502662804 93.7352635865
7.88583707928 160.105160857
311.556126515 238.618715076
707.91841715 72.9167548087
50.2956619211 195.707755978
298.012122895 494.432004295
270.965774064 113.888383248
229.786515571 116.58341026
291.03974133 542.4786863
263.192788616 135.938420593
251.531182106 424.044415877
286.56260322 86.6521253806
262.65978645 203.626526311
240.268289888 171.249105659
286.307166179 243.594327631
246.205010422 489.616030913
399.017405491 74.1949142225
479.846782812 111.361612438
33.7700537905 169.177471332
161.958125827 162.414570146
396.964938366 94.0439899973
168.435657096 146.333986523
365.29872713 104.444857181
355.668430349 80.7993933179
15.4662851646 205.923261673
226.122856193 300.460955055
216.754000143 192.413467058
327.989896235 307.987102586
84.2935511772 178.919427819
238.473491481 233.023995065
44.6309463029 236.310660518
181.895775829 174.041050777
331.00982119 91.1763557809
269.65407305 580.738421589
436.382626201 112.562743272
281.227516022 262.893528027
285.596071968 307.471178358
457.348219385 210.98809964
691.146016938 97.5422651164
208.806801516 171.264547581
219.781406051 168.005212834
193.177665485 118.937116512
51.7271102768 176.064462228
393.403926024 121.752038952
239.804414029 324.54642117
255.781311074 542.364899638
293.200394326 422.173837216
272.626117548 351.641324877
395.01025892 112.36519317
671.115535442 107.391211957
325.373224718 348.858740501
223.562628409 134.011614956
620.14368019 85.328663263
317.583573098 266.479810377
51.1603359631 154.560574277
302.993216534 118.176179149
190.331010143 139.748652717
290.759339584 578.619973413
18.9048953071 233.64993715
296.006995664 105.42874685
268.037756737 613.274755655
223.701447729 361.478893955
318.715527818 80.7454819872
27.4069682523 155.079372529
248.335515553 349.958533525
256.349672996 403.389016598
101.819924723 258.876613448
18.0448696304 142.261665548
289.920001187 603.367053056
243.155220694 257.267061068
328.97498755 110.709016142
268.096566486 458.682926087
339.273963162 118.116299777
235.484186771 141.179451916
292.849180543 284.23476323
251.292542066 372.951523864
523.297686445 107.139274088
261.201693232 323.227848956
272.930430019 488.149822118
292.675356763 333.04215073
223.738762461 519.035149404
660.068298824 90.7241104453
232.5639975 446.487297406
228.334834881 386.752474747
253.987417883 285.618090557
70.8649722073 208.615676514
10.9654317574 183.074502528
219.751819052 156.961450884
246.876516006 589.987548865
162.764075219 124.772563223
259.942677525 235.664681028
190.426886722 155.303401266
508.255075298 93.0008997262
