221.802619746 200.621072599
412.444404166 222.065307925
278.245368661 619.944202641
328.115891718 172.44973636
245.32288383 131.401846181
207.725220135 139.762223446
235.145807484 150.196424675
462.049659789 202.562237323
210.455579903 657.292019805
109.921352766 293.883373983
225.540913288 697.82483844
257.199435625 249.483155382
262.949211031 122.682478918
245.145719105 701.755977073
265.838217825 144.165008129
274.711343095 176.428436739
290.074459841 213.13776056
299.469274399 164.041103345
663.709051191 150.394309457
374.213531521 185.615356891
352.124684956 225.533720175
267.289834156 225.410887143
311.283483079 109.253153838
148.251593645 281.211765888
249.957821507 205.10479637
238.207266197 169.77081195
502.033150999 166.472221706
359.877350289 212.245194619
694.936383325 181.699159736
356.042125362 125.28999418
102.90574748 448.250041735
261.731611932 635.635414944
157.484205857 242.676047719
244.177590891 616.295241703
537.806457055 273.893680576
151.119456513 303.772891454
169.305312233 265.005367915
341.129360247 167.984468449
464.285894604 180.198199625
655.393041226 181.324764343
373.424698915 148.542576696
704.633003833 144.458862828
260.361060846 95.3737133712
384.104832531 222.229312862
431.532088761 256.814517985
269.472231002 700.400177309
112.503765077 323.604943016
488.983582674 198.47616972
258.530962563 667.981498083
320.922477216 242.930339751
392.214784648 180.208668762
286.697284653 121.685099235
400.658434162 209.967288451
269.1377898 163.409023881
298.335533554 137.895530883
245.342639669 111.6966924
205.231206028 298.789086139
436.586344099 224.988266717
266.066830973 651.870501531
421.444251713 205.336999248
239.186306234 227.126682833
82.6809801176 481.989000072
679.58882252 179.246843976
425.248293539 175.307203393
192.077107168 267.615328326
280.469564436 195.872243897
121.897731568 260.210854567
439.583802974 199.300077006
85.5150969078 467.553562399
695.948409063 164.171775763
235.476531794 649.442983
282.740273392 153.048673182
641.445499566 135.433206266
148.002921189 339.026851365
325.417594745 141.007185287
308.996484735 154.63540478
190.372349147 122.70747371
638.89006493 163.93306741
692.53228541 137.604384059
94.2262873848 270.310406687
675.233885719 150.63493068
286.992759979 270.872510009
407.879594159 190.844536946
303.569551673 182.569866183
205.887198443 119.565728402
292.081547675 231.685013945
165.845686671 318.617410567
362.853126613 202.372726413
233.205081258 274.656942643
277.284403811 108.607464061
290.5116631 249.752541417
378.34291233 170.598157508
219.276664935 674.821568754
266.750581312 679.819091364
312.174517131 203.622415674
334.735145067 196.869911063
674.198109341 169.306938293
238.699097501 684.931908835
340.501585301 214.146385324
222.112755196 121.669578287
