643.252376348 440.288382588
606.970388951 387.415783658
760.168454121 589.185979087
547.606048416 207.12280919
303.155751023 369.808149314
258.015418757 407.724557575
283.190009507 401.454702266
644.83612015 406.062565907
709.339108592 659.364917903
580.672075408 444.585452267
724.87540853 698.957556215
683.58975153 490.52458542
363.132619133 360.571766444
744.406677171 697.052984755
323.032014204 364.045343999
307.674972825 414.663422696
657.514319391 436.032270526
413.670931699 346.542267827
660.324482187 388.124614984
611.026460494 341.224545361
626.734550447 413.959853326
680.172910227 465.992951105
566.364587938 106.914398079
612.72647714 456.938560757
655.491029752 447.6536402
283.35143689 428.669800986
661.507640124 408.662237635
579.022004853 388.15317615
696.630190554 402.828488118
423.657992441 309.072851677
581.246519785 467.411720502
759.531497844 621.769226647
610.050744326 425.990583867
726.12144009 584.4027828
726.588375279 458.99609049
619.730511557 469.997473897
629.914449515 446.318709552
712.233174858 235.844137394
642.834406446 385.20566085
703.006389253 433.922439337
740.735174071 173.169932017
697.249606037 348.660273563
405.83835614 319.623682608
392.720528857 375.227571894
668.516872606 428.426475529
768.636808019 700.123992003
590.358704108 456.402677301
679.255300423 430.143785795
757.702121426 666.999449788
707.691766705 469.835131519
738.391565225 226.251063432
446.734221582 307.09064056
732.345318872 250.957275114
305.427128116 392.010342919
529.053480541 199.833691321
372.775908924 333.477653218
662.975066722 491.922188091
622.187092986 375.157382217
764.719324875 645.390651846
626.118922649 348.380680498
663.272632179 462.706325417
549.949153808 475.861336298
691.425075162 417.66106324
771.089793833 199.061705379
647.319593582 467.64350752
320.922246056 433.388891894
588.891139598 412.529814084
764.878709756 234.790302588
559.177514047 468.630002217
686.060860718 359.476040624
734.615030905 648.192524524
387.076372118 349.687020375
649.720762598 354.122189976
620.566697849 493.329016456
718.387318952 199.61807894
566.266451912 127.946068518
243.184305866 382.887279276
678.597051502 401.240734989
675.492449753 325.081400105
560.918988908 423.928125918
666.053252067 347.255867341
708.054675182 509.673755869
751.574426701 220.368933414
348.090301937 364.948540839
268.21466593 377.753216134
688.460951861 458.230450042
636.831483777 480.208098324
587.94501991 350.878040233
665.92289657 508.037410333
432.899493632 288.565516847
706.089130564 484.473825472
738.957519745 191.388414808
718.843762757 677.51470678
765.704170287 685.033576485
343.999860376 421.878922436
368.952249714 371.808213431
680.195621889 383.127181265
738.386204609 675.56802443
330.404059728 384.766657539
289.201838564 371.112240137
