287.417934407 335.55913273
210.554971096 234.371965829
416.404284979 190.325952548
179.666916459 213.886066849
404.739373413 358.398321174
206.979407335 263.193573315
180.757544503 425.104576119
226.042177115 461.248897292
454.171131275 179.350940305
181.730966442 129.829189106
266.888273219 288.802720236
689.3050171 140.543756426
216.710281948 119.715200297
256.400588406 211.570388599
739.625398124 70.5657653658
282.364753757 179.138607517
224.043546539 193.921955257
693.771549426 128.972150941
453.557768186 201.071788681
331.943296481 297.36982031
340.397406896 174.748509147
233.850563914 181.050959763
223.234718283 384.393368119
232.563632253 116.457380341
296.614777452 272.634670695
194.094548114 121.845829003
498.024173671 134.842723387
672.713303764 115.540718045
731.064108076 122.937197924
192.481329989 393.628607368
239.315923361 276.388549328
208.326915181 143.314672525
341.339597175 200.007907433
180.645413313 152.794305182
309.489072223 354.231194709
229.935467903 357.450587272
294.610684269 121.397875089
196.076280326 365.605488801
186.318251134 455.753279004
534.294629121 125.256798171
269.659397756 535.873200623
368.294025992 175.645102331
345.090715133 226.671183076
512.571095866 206.697245375
298.726699962 187.401767641
186.745256286 101.910221996
272.713268793 162.640364207
739.551382808 104.640807438
313.306125774 227.319346986
241.926360299 447.163201486
383.928975495 141.183742486
197.034027081 414.225965155
340.769383173 333.454904214
256.08688766 126.646125241
705.193847526 90.0860339477
262.639998944 427.315264101
270.853967901 145.520795102
283.683810363 286.008952254
232.06886217 146.500986328
203.494840145 214.492192811
222.622082152 636.929096648
245.227848201 259.207894217
599.971211009 163.202994523
457.468017285 163.315012893
697.111859501 80.5450123466
310.160255313 339.856569905
398.215431585 174.740657493
716.916148383 107.89096166
335.169245917 280.556612516
356.999136468 315.387951555
701.172252199 118.904480049
295.940053338 162.805126442
343.471495943 254.366971049
154.116233067 133.703924991
203.006214526 162.012055027
302.812816081 317.051559266
371.748966369 198.84716937
268.268343139 204.010122901
199.093214217 439.808077085
384.24116299 163.01306979
695.592267391 110.651994465
249.932454991 306.770573886
201.826262606 182.017434519
291.482204053 248.794748069
304.165333993 152.305218889
713.917636837 142.028872973
714.783643471 77.4664370395
322.079200831 323.819355331
246.526400102 163.526526492
298.262129202 214.513590416
317.910759621 257.019170235
275.153316577 321.605971413
217.431244788 423.133995205
247.198023514 239.60330579
386.765173619 211.540785537
304.525779484 304.005214948
415.412362506 163.910067226
723.323205139 98.9654522399
172.380974078 179.92741801
267.833937971 125.425311384
