745.262413555 455.209802094
541.745745454 392.534558468
724.23380288 438.109096187
731.063562129 397.595027813
489.623783423 401.351034084
729.595188058 349.076556785
767.999272394 318.751807763
745.115609688 314.369398048
753.836832806 403.317991363
638.744941724 539.994296209
713.067281048 507.185396184
333.606231313 338.800810154
715.229139991 483.739346637
675.809616762 506.836350267
766.931658996 415.844363286
526.591530724 483.029557521
686.528118167 539.482986169
732.795257315 594.799526151
250.932494889 373.444528321
367.025085415 316.622079103
446.066262621 381.36383656
743.129618871 572.006759964
778.835926216 447.463727155
745.077664813 420.800597816
269.982609834 414.795716578
470.117390648 426.877871786
753.488743708 174.906396116
775.368157343 142.562666073
762.158780522 348.457599403
329.981660492 362.656764923
758.062135129 446.814624019
692.796435584 349.803240032
528.786855171 343.548806665
275.403008247 356.250742445
730.881121227 552.442627055
332.273924091 296.250758202
515.93173927 383.251280529
756.618283895 474.780667876
671.058105329 350.734836535
411.129782627 384.309450578
716.297301948 330.936687505
497.85648312 344.184364753
771.171379193 479.28854902
209.903317977 419.136305722
637.429047973 390.398558668
751.899679121 345.574344762
789.743758812 169.317018704
788.992627516 132.998905382
554.662827319 407.557273002
717.442495418 308.769740044
284.045137177 373.644507484
497.441094829 458.455266633
638.124120953 360.664124306
745.306042084 375.951922212
772.108558821 430.787534868
376.396617623 349.247375197
641.170004005 505.929943702
594.281339632 374.344407284
770.450308577 370.904048877
473.531886944 353.052089015
750.690905842 154.520601347
698.023832318 481.54136732
740.889921304 293.85986079
246.286692438 391.391151913
712.986961863 398.176433778
307.992959487 387.957200944
777.102769652 346.57249327
227.926195961 396.732651551
707.498590205 448.90605861
736.955616178 493.562052934
730.522161674 359.110431994
368.915071326 487.158741823
764.865789432 95.6837373356
518.177358652 425.649677832
708.132141474 361.900557718
526.648166541 446.581996449
332.356982288 315.924068615
754.875015078 120.45723647
719.308817851 284.482648428
736.572191953 325.614565896
771.684708292 185.80865876
715.83076981 528.332871412
742.163523536 102.460080241
732.682329762 186.148879758
754.633722332 524.263877502
680.518983522 371.277162239
230.587205596 427.899342017
476.933721963 373.939841792
568.829549583 436.257742802
742.261815171 134.67788961
763.098118604 388.059656178
300.667444442 326.701651667
789.691218403 107.702433086
677.891026036 473.107284581
442.985019135 332.206573849
779.089544964 130.027160185
428.24407139 414.548510194
761.573625925 204.099037711
765.268076146 108.647200553
209.275870753 374.010403591
