100.776980561 287.566085949
410.678104231 371.793028082
129.684289442 602.987474566
255.212626922 303.436791155
114.635439346 202.42586227
76.1187641044 205.343312432
109.227854558 228.8808727
470.025297638 351.641195378
63.4832892902 649.52298287
16.3522340672 276.232152867
75.8685286856 698.857793244
144.746168359 347.109844457
136.012491839 200.283882332
95.2973019364 699.847216763
143.98582193 230.460918432
179.714196944 292.312695216
210.354900989 339.371143739
205.756192385 280.920908171
633.780296078 297.21815666
344.670330228 331.86726066
319.149594363 371.494170442
164.888933346 334.115904578
214.783103285 223.589736072
23.8378130075 269.095525413
135.167674523 301.193615793
127.177927223 270.25991334
494.25832285 312.922636943
343.192236968 360.630082864
697.859042425 331.289665879
304.469696585 264.601386767
151.722425251 513.464143733
112.494115888 621.217362582
40.1559081395 235.106812998
95.1701037724 600.354706563
552.762055822 278.290522074
28.0795648686 300.246464333
47.4765031466 264.698535633
298.553325406 311.501067135
464.511106405 329.680324915
643.184630637 330.748443347
344.662379119 294.909540981
694.084168908 293.580676433
130.020607514 166.525164224
367.792351598 370.775950059
435.848382908 402.979979292
119.579385031 698.141520849
9.70179717656 310.728171682
490.591174129 347.430336166
108.972135536 657.331099396
261.872687704 379.396566749
382.550762223 329.523946547
172.734310095 217.927596002
390.116767718 359.300746092
162.911395268 269.09110827
200.530662146 251.010443889
114.391540283 182.221808647
73.3873043995 336.291110882
447.959879641 374.202791038
116.669650473 639.715436236
425.499200766 354.909426854
123.375647593 320.819892364
140.066730267 546.47524705
677.216884261 328.955282863
425.688419199 324.582883531
62.060445939 306.615243234
197.216115781 320.556321091
22.9085814582 235.540938066
446.390712216 348.523038051
144.645408584 529.764332416
687.542823267 313.745720605
85.8977840246 639.244930343
169.271178972 251.038751641
627.774747309 284.488097149
30.2214704734 341.221857997
247.443597678 268.88238124
218.391701642 274.035097064
54.8423054127 180.701386673
613.562107983 311.239504758
670.974959836 285.923164882
22.5187372036 246.244702488
650.258200461 298.450713714
199.230532357 389.359237482
403.588306742 340.134794063
223.482018066 309.266489351
68.2219504186 177.512954026
221.603246603 362.550228852
48.7373636689 335.773905642
322.077195239 346.432894145
108.846786481 354.183681403
152.218624711 188.381615975
230.668157874 384.719405521
368.281921902 319.881553751
69.7330606637 667.444915486
117.046120893 675.683230564
251.112376825 340.35626094
288.636039023 339.42065832
665.042086739 318.778893152
88.9847383564 677.745830675
302.798938258 358.769359799
83.58652399 175.831789429
