231.938534385 358.831998702
326.273901805 619.745160706
481.92558936 717.183332691
275.262667126 784.478029527
396.478376356 696.150267415
200.427851269 765.444932176
194.722135535 422.927435368
275.246506553 175.261490783
249.82685596 193.728634688
504.276298867 698.332130643
357.958101924 628.709460616
237.058952511 400.435334842
224.828604585 782.759777277
374.936251326 501.341972212
202.033423011 359.477806896
416.315590812 727.56043202
448.063423817 675.74678122
251.004550987 124.566757998
330.920993905 719.692923378
376.979682603 672.233110395
332.721757988 648.981001842
257.312599609 101.882632526
214.725670312 466.925357655
187.999355225 403.349585953
186.135547274 693.030874863
250.908837503 786.265988637
157.325282868 719.75104566
237.034258433 303.29469459
220.993351733 118.605880302
230.603051125 730.778784392
208.00450847 389.844142371
376.581630444 607.152611707
315.845585066 756.218277147
351.827485616 704.915027482
199.859764537 727.774227742
310.706069279 775.001290682
341.840896936 668.990760893
139.240561077 604.556694125
365.263777848 657.840438591
227.292579042 378.277100542
175.542571102 750.429772568
356.05929158 517.593482393
221.60774867 343.429122467
450.261057606 698.372297263
418.767085331 686.706233115
393.393537447 637.77817062
305.134839703 706.753577037
298.067792624 674.060308319
319.425654902 781.043477959
352.768802776 684.142184062
150.772538218 628.38883651
296.525255153 749.152141497
310.363667365 723.78611822
475.058656217 695.220367989
240.159211198 237.345735486
258.751023775 214.908613473
482.487084585 671.444496867
353.461530179 716.612071643
223.362606637 189.296879637
348.975059833 763.539002105
251.109730685 778.913496447
268.379725161 260.122593408
281.145195958 734.38223887
120.917822509 618.298278702
392.972826893 688.155625974
291.454271317 779.430796807
234.163149125 101.474350253
362.342789195 731.984381064
329.899830258 706.422425226
247.31509449 90.2448654412
245.22611895 170.664637976
401.467401955 711.426018066
226.14376958 423.719797318
346.931706031 746.905549682
328.524253255 670.917370386
229.612273274 322.112278473
339.432723592 736.429867051
117.770482474 657.411410455
280.51427766 143.378461563
266.978031721 115.464711604
262.253827516 373.267193727
373.804883538 643.170276105
230.745626323 758.537938666
138.618279673 704.375190933
237.377625367 280.680793904
355.21218759 697.386691864
134.104111551 647.84848344
447.730787403 722.353404007
429.057699651 700.67251812
154.140162014 678.168327814
244.224728183 148.797293938
328.665802615 736.176401855
278.405602896 759.748009528
254.563615649 340.202310379
273.152373901 282.488668986
284.263996179 100.747924081
177.524160364 716.290573415
259.012836922 306.780096281
278.328459699 706.93676912
328.321138514 693.086790531
