543.30460563 380.75279238
561.037390901 420.15043023
757.825444631 570.153549877
402.453202403 503.324214896
712.425716154 610.035111509
258.061102396 552.073118778
487.419749844 415.29356288
604.02818968 185.513233587
578.951501193 194.761164204
771.278021222 531.584115672
599.343460824 429.71879164
545.909669344 411.433135404
321.41055981 509.658007745
532.233226835 423.444406198
502.990595789 377.897962606
727.11786207 647.052066202
723.659998897 510.09498847
579.802797039 132.844958915
589.272326161 520.514251793
675.068876614 537.734619528
561.672727556 437.88570561
586.437186615 107.301626871
467.359783982 411.519921506
473.31493281 389.675888051
223.2289495 540.901516462
359.692141532 504.243631918
204.878630975 595.147068916
559.95307292 321.233356668
549.749895797 133.985135864
318.888662174 466.546930585
509.596327754 393.146447132
643.716844601 433.17157667
527.826820981 508.826073183
619.231453262 518.741202683
241.919926837 538.233296224
491.172960979 505.9173137
570.093268559 451.198539314
160.016651143 546.200095331
633.139921703 480.146185283
535.971191434 391.317021043
240.128945925 577.027791226
511.614928446 436.93814719
533.022402776 363.621517077
733.69970625 549.07223359
711.208817785 539.567280994
666.506780452 465.39580352
485.559708159 442.635970299
471.732486162 420.780569257
506.170926663 616.60094134
589.629739585 467.578290202
182.264682319 550.332818143
450.072283478 474.528826129
507.916899526 467.592173635
749.320166844 526.252194457
567.965999738 256.293987803
587.830378961 226.127145413
752.213498968 500.525088505
631.564277927 543.17534693
552.477095504 188.148602548
622.969520379 585.816428501
340.587645033 482.920439672
596.984676702 266.847948606
395.829836613 441.527857497
134.835777669 550.004589197
702.214886466 575.926394421
383.871361394 479.289468145
562.961588983 111.564772059
646.020933946 566.016390024
561.035598989 481.715493077
576.552180913 98.1329631377
574.503764123 171.896697047
716.587521239 630.97359891
521.079011626 407.244331466
616.267056283 563.095120699
540.880751011 439.893265803
550.102826734 340.462231025
602.588201993 544.402441689
133.231730202 581.536048349
609.76452073 147.884410601
595.825847423 122.744363289
576.626378599 386.272209064
631.984824925 452.297240493
315.280697338 480.453683831
168.857271742 586.85458294
564.60350595 289.187595179
607.289406739 489.158036446
155.719259154 566.509867203
747.508278061 616.222163734
732.857539127 583.251112118
196.167918097 564.078177292
573.262919755 151.900169006
567.149880075 512.280601319
363.660233057 455.573635543
573.122421409 358.108740912
599.692614624 290.74074691
613.722757569 102.014089099
219.895799047 557.982884926
584.852084905 315.037785346
386.741513092 418.783099899
545.136321491 455.856309628
