460.843260748 385.880605337
704.093736909 430.288650883
687.526178152 547.691188204
666.96503698 391.956190025
705.074133806 548.097587098
146.320623152 340.025076704
156.805032621 406.185581536
372.497268894 390.17217834
692.482357793 535.499615457
729.696785298 249.13168986
182.108986184 375.716545511
681.605892487 506.182753478
738.651753642 110.249047128
708.989341097 408.004298564
603.676191257 401.213697829
722.044026865 357.028082884
695.790204747 391.927707884
681.862567295 485.822390545
722.792930436 536.873550634
531.936751979 332.699947636
762.023472227 380.25863375
711.493328454 371.072397598
246.037011957 413.615964677
749.754712202 92.2356701626
335.598778663 390.059650113
717.76795736 127.52820845
779.030663512 98.7711917473
490.249101604 351.062508345
702.551992607 489.699984454
187.324080069 401.845724445
126.569213297 352.4843402
724.57085915 150.975661756
316.191266781 355.014263663
720.641902119 264.669714473
589.583432323 441.272351567
207.32296413 386.23719483
773.298447276 139.721240476
132.496804997 381.490009911
276.856512821 419.364199044
790.696341522 85.7122133433
574.288872094 393.543689534
647.380250733 476.683054913
339.457307306 355.362509329
771.658376884 260.592636793
741.229149911 377.748613609
730.527337061 94.4188064092
735.12671299 302.499360195
700.013629951 469.231787307
286.388181605 368.97684817
420.186006072 394.893596355
674.10732111 466.552683826
223.913505793 400.681513657
639.968979056 454.280076674
761.423706424 103.829475587
537.778294297 359.574459863
443.347963132 391.426561601
753.490469901 266.010640435
268.768146521 389.635159754
753.482748972 142.067980395
687.061481537 408.28569199
468.001639119 351.684237536
169.575511907 347.527432262
781.47078038 282.92956636
710.695837065 517.141850161
477.51586133 310.069093455
507.777447717 369.150337952
661.612396817 506.994524971
690.529529634 463.356105319
468.841854359 321.137737127
656.059158552 426.098202428
662.706361826 453.936475551
740.06496544 320.628210262
381.483026902 357.181721235
742.60385144 126.332722643
710.241196583 295.590448512
447.805335555 324.481858683
641.629444775 493.389507191
736.701209832 393.301636136
343.119684665 414.695179215
661.298092349 487.335423885
628.936665906 434.783040485
156.013427448 370.584852536
689.773114131 358.535979052
231.587385352 368.256164859
758.819745922 283.738058795
694.020838228 503.607377194
494.983859821 323.011534655
516.151066763 339.860210199
730.225499272 279.778005181
258.533326226 356.417960324
354.004147308 372.796944843
398.644207933 381.344101149
309.752470598 393.805312301
731.228284224 418.920225804
667.358964403 523.173645318
423.622796989 357.17022845
684.99866382 517.682257334
658.727503432 436.002981514
122.194936334 307.573436668
774.466872556 116.239259546
