197.672943326 352.767986555
447.744588067 308.550069887
228.91802235 428.231632798
370.396056073 288.154632133
283.057992399 406.421374621
36.6875257755 297.015800074
88.8003616889 360.893695543
63.2994006196 169.706742407
297.911931029 392.515057302
289.163871786 267.008129571
92.2148890094 333.525749481
248.617009388 418.257725874
170.451502675 195.552736536
621.424176052 308.569187674
290.755626578 353.398406895
676.659951655 283.855260843
600.943826221 286.083336819
331.225332439 315.483813693
335.978526154 375.931065099
180.566028347 290.763625726
690.744134717 308.880793217
638.289913214 306.102378786
110.674775129 332.130921951
205.068694888 213.570210848
36.3102503527 121.213569716
129.796517263 182.986013809
247.58966006 256.530808879
115.213929592 216.874293495
485.69839389 323.741569082
104.299626022 360.424577589
67.8342576346 331.314653679
149.980179012 226.327039916
33.8927265918 93.7613483378
261.259576166 295.192851513
210.974465577 384.794502999
105.201996312 341.808605909
330.759836355 283.961768432
65.8740627529 353.188872594
128.316933761 338.206281688
251.324883279 238.444546907
227.098911584 358.338624728
221.52784259 410.082223247
49.2366232885 93.2690681865
650.637919094 292.746916387
697.912976145 297.150120763
131.032334954 140.53280715
454.337358022 274.451531085
648.804168657 330.508247828
43.23300152 244.670671742
102.637908654 255.847045918
403.680612233 319.979400504
117.623574028 351.057193089
244.256934894 395.67467368
237.456708779 275.452441163
191.453770626 282.773767306
147.878562884 316.537307733
486.535235887 268.223202749
101.037240216 312.343248967
228.919039895 300.454340155
478.776719622 304.281742307
118.66628077 264.788256708
65.4923507778 306.817407624
667.38338905 272.898652267
357.546536836 351.528591711
111.227842507 102.79376211
185.414857543 326.77469615
186.818219501 410.261666741
510.836482057 318.112345843
92.9537251166 121.577136095
358.565565277 318.071059767
250.950448142 348.325470988
691.034575294 278.383608176
58.4995246837 108.346181163
174.849791074 244.470465475
275.110666635 331.469814645
71.3377898009 90.7490057882
166.892912835 404.629562308
670.125310578 307.310457698
55.9288633781 233.64022309
268.496203336 385.931007085
217.144307863 330.685299355
83.5577352844 340.114977791
414.99286829 288.319585436
84.0973132322 303.815694531
626.415626779 280.090233762
310.743433173 345.747138679
101.655612215 152.01511577
136.878010633 252.486869957
292.304280452 305.593934843
20.488909801 220.540873844
45.9428939817 135.91202989
78.7766944167 222.363034497
36.2555166075 204.293915027
661.196717364 326.100214519
200.805695314 439.799700848
80.7595883719 184.895405985
312.108209057 378.002238961
314.003304181 333.141968036
52.6791974308 320.053922658
333.379226766 267.828017861
