266.777067993 504.331944903
428.190310797 723.869196254
219.273716081 768.887626319
328.502082248 700.342274029
262.690133513 190.6878552
275.449275112 671.113460749
98.3848765851 419.191982984
309.929822992 504.698328992
262.785437467 214.277358575
254.331090498 749.399432891
242.249686988 554.849150678
287.001432277 158.942601153
239.344847868 678.044359103
214.150414386 618.752186128
227.314631321 688.162883094
278.988247557 745.492484622
235.417172385 724.381011136
245.410164149 195.333030831
434.311348099 765.764244045
237.141920584 588.570992778
200.567005037 751.940871401
512.014580383 167.034908514
233.741102272 707.609252723
117.007361234 463.133321493
255.780902258 138.253600765
262.417981535 683.644672008
205.332150853 682.686487182
283.188689605 221.26479265
251.967439231 233.825435938
224.789647908 788.415764379
132.811173547 406.877255543
264.542269086 549.700559832
308.034268587 652.830808443
253.884625573 518.994414247
290.406605049 705.376582691
346.542823643 711.329402732
251.610935791 785.564247746
282.399895633 528.641626062
255.586211483 540.794053259
287.003721599 122.243712553
233.630539842 751.09399377
237.106162423 497.199013208
274.878804415 206.410903944
226.725840275 160.794083031
262.543142291 175.966632793
273.012950472 583.813070634
289.814661722 680.401792848
297.374073645 725.522309396
277.988598341 646.268099671
252.025436362 769.10373248
260.278531273 163.712236922
285.756627682 696.287744505
266.806048515 733.614306966
214.512583228 704.901986929
228.508636155 558.766442137
371.162215713 296.477176027
253.874053784 697.996836481
325.833132382 690.28840844
242.529631074 250.987272967
242.9430894 612.284893731
274.665556332 658.935476802
325.996608207 529.397245255
271.52576049 708.268222469
283.030561945 341.135396199
137.628727484 432.553710826
260.032830064 689.107572561
87.4782986352 457.635575857
252.100828732 709.725165706
428.204153627 742.837619578
234.143303795 189.825810034
248.061982934 219.170653825
215.314303701 730.287027906
230.32227067 227.646841322
318.434035558 706.486293316
333.362378789 657.133599707
233.228410707 523.593286451
409.073889128 743.4218254
108.000950406 441.227106678
291.152057175 142.83374279
311.793010457 168.566999376
296.038407505 182.94060741
242.11837904 646.388619766
402.336140412 724.118104367
154.497606067 482.343524109
264.739544278 492.479023642
241.105335414 736.818783002
287.772991268 179.733013558
277.613885258 721.206650207
211.387441017 655.26608148
275.985457658 636.266206677
243.399384593 664.405040223
306.028266715 688.965400401
265.10124465 671.412510753
319.131719072 129.014461222
408.059569204 699.031866925
321.809554128 149.306863809
273.5934453 258.125448367
318.014828478 553.593661239
207.39332876 716.663202482
324.666344472 668.102808313
