542.734595909 83.1546298499
456.817964141 71.9881998608
585.653214617 112.538415023
571.263398957 247.083379267
108.674448594 26.9313273576
423.47543566 324.033789065
408.707319778 301.445542826
556.760553125 49.6799026783
213.230008865 82.0872689096
197.588100991 49.6911941332
373.141118411 674.734049413
524.210676399 165.138162438
188.638924374 76.0054520318
384.756024302 683.392507651
141.008737778 28.1771149638
389.865704058 388.653240761
554.180928162 129.129488981
171.061387552 23.5060490152
492.827647139 224.412395956
444.145772265 46.9954232463
456.662946469 156.857683537
623.62662389 101.481794479
568.05916994 140.124654892
419.080122841 524.567608911
614.579539777 67.2801203202
346.897017769 423.914865342
642.13807843 52.4228606983
445.915780165 123.444059568
695.213496215 99.7989340381
394.475275611 224.49104855
455.656114554 198.937276093
409.564717292 618.402028893
478.197409448 333.038868625
389.981433404 546.875783389
670.726262057 137.930420607
424.918552558 443.815511604
512.267277657 52.2756535713
349.231252744 205.493609874
394.783509992 482.1507513
704.212622488 130.731195845
378.816733376 102.98740654
497.394115722 188.34796478
417.81762719 217.750567685
442.053482391 356.785708939
588.96180269 33.5739978848
393.935510989 699.668120898
211.674151121 622.470963352
651.756076835 122.585902503
404.409920971 673.69791402
688.033838906 154.606035765
367.261807828 194.082019022
411.491926338 179.811641108
393.450583484 194.951565113
147.916583211 76.1363367523
526.611746543 231.557066305
166.403957496 49.7133445546
369.491492857 618.672428427
479.307326096 109.979269944
390.208442071 645.949922376
468.830004868 47.4511113022
615.891033151 147.260365072
368.128612001 442.869249556
690.00704415 119.888352088
427.586569747 99.4347071086
603.470289701 45.7956824508
367.100228965 411.753754957
453.923787671 87.0650625724
405.835488607 145.464659719
437.515828119 166.353189117
448.665843256 236.886168972
383.203396877 441.281112343
445.328988329 303.494026745
485.536085609 74.1084841031
396.7995011 418.320467702
349.171325416 163.286541666
580.622265846 184.49702337
104.464207823 73.9509950295
672.141425006 87.8598359429
486.135391618 123.410066909
284.049828916 242.673606167
476.525670742 156.371885987
536.944751797 176.958652617
381.190685414 177.825940842
144.117869457 5.02557438977
124.610921983 63.1913148652
648.062937172 167.554827389
477.745218437 302.615674328
422.837884163 185.465610289
422.538739954 400.412993611
368.247214299 224.09488816
629.471246784 126.832272727
372.339669373 149.910859862
373.720890556 660.588738471
227.336837346 630.81671632
319.969369604 431.057532271
412.657890705 357.979000709
514.869939442 30.9445586717
373.254238699 511.75559478
137.360663302 43.164292194
100.336681643 43.7155195877
