78.0022295439 186.73288273
109.481871158 595.372607397
153.598595416 579.648306838
78.1953954719 708.656616136
85.1134234359 367.026076313
251.194474835 567.050875965
21.4703357923 253.863819324
105.337917173 112.070895236
29.1598440726 128.655126998
158.868881817 608.073974379
240.100925302 535.638237341
53.7179329439 169.799618972
297.759268563 563.946634172
194.280403238 527.068195341
117.445742114 549.182322498
55.0781700334 713.994285222
149.913093915 555.28623457
22.6858993069 100.059893631
104.475819816 661.005578392
38.5135229604 245.272161902
135.134292183 579.785999663
46.6473574763 79.9794103571
172.994056992 547.680540314
30.3418985507 325.523401343
48.4481041932 216.493808457
323.488444976 557.156859556
98.1006889014 545.41633579
70.9563262006 142.320945263
11.3726987604 111.312702977
82.4667326572 620.172961635
27.7152595208 225.313748351
80.840449123 236.810782024
233.338703784 589.876528177
259.589882284 522.381137801
58.4811990107 701.755617118
96.3555201736 704.301374321
125.136927021 610.53227793
93.5603271675 146.45107708
276.290881718 504.290745688
32.8020614263 161.283431235
78.8508267441 590.584941632
48.7491761441 273.408843072
93.1142014042 386.463313068
73.7142365546 317.778495145
91.9994973178 337.57389409
107.068175103 233.349567225
60.5056047338 655.406107607
60.3603522083 729.723955187
335.743392881 522.337044462
178.307336274 580.262506543
61.5385882321 263.022360221
80.0596498255 665.835977185
76.4415206925 689.674824653
118.630175236 572.78738997
24.6202226568 151.37122999
88.7369710202 99.2336669698
196.554213802 570.83587379
110.996286652 683.013301048
12.4613424487 139.108414806
281.134295235 544.922184017
342.495301724 566.261985381
112.860602537 133.505923683
218.475772294 607.808689876
31.4644702564 203.360844464
40.4693214706 308.656201291
317.02141458 589.100586257
17.4752013611 290.740493538
203.492457336 598.450894076
114.038056374 617.920267106
8.75029567363 98.4731985365
15.5652862224 124.882857932
109.478033701 591.823332076
21.0116447485 196.007249315
113.970915308 702.284616914
98.5821192673 585.813750077
15.9047038672 173.789924424
113.704887001 634.208463016
33.0727029091 289.821473975
44.8946759013 129.56189971
59.6364464064 102.744589613
66.9429272608 117.707001489
36.8165546773 259.556110404
97.6790683363 609.793397826
58.2034212474 381.643960935
109.025317071 376.228700076
216.927315811 566.944150909
65.5449227754 216.415793021
67.7899128012 680.434681166
133.548254308 533.344383575
91.265493699 211.487097987
49.7171509662 353.483915779
95.4748565214 684.383004771
304.34261921 536.018763254
35.0792254746 102.123969396
540.733901363 433.316866146
56.9223860157 89.8246702069
66.9926635359 366.337848845
110.633524429 175.297213044
102.598406643 576.667883785
91.3590224891 646.340352097
