251.63387344 457.818790938
485.917572007 555.05113702
201.560010414 511.787691992
322.658081967 630.097714691
284.64563798 484.24289276
107.082217416 481.576978931
133.026700407 548.581782051
389.849807041 452.521182611
102.377712658 599.855289371
248.436170356 401.217833843
154.455151852 502.049977244
248.000941554 513.439657019
360.343680091 597.897730384
609.90161998 494.676229508
113.825380167 576.077341726
700.215070719 473.43178796
643.097187862 447.604550733
200.132980517 552.419910048
172.131914927 575.139138651
187.331078739 428.790489193
661.692122252 512.973291382
641.201464553 487.858062985
305.84780648 393.888539715
419.95273957 536.221618863
395.800469821 396.805666043
412.287354572 439.70359689
173.371174818 471.30663912
318.504998096 551.388815066
420.921496421 623.130965747
189.141326805 506.608919119
90.1819013115 514.854567297
332.082214627 607.363184544
375.418068555 380.776510417
345.052285222 367.620129245
223.667243284 476.60624918
212.665323847 447.511070942
334.121156209 480.998358056
100.918355924 536.488853499
346.865785218 415.079506081
132.764430266 476.10708534
314.859717355 424.279331452
226.067819281 520.036399954
368.937670864 350.942421745
673.72376549 478.977665739
700.808401894 500.625571784
393.228889468 500.930524424
393.52388081 608.32141818
521.503935068 299.973578977
422.631684405 593.036654908
467.480381606 546.572344794
283.871890448 566.337465891
289.397244158 441.581890534
223.316180546 501.417580434
154.919414057 461.777998419
118.11915048 502.956553571
245.381300961 446.289420272
609.672573963 470.897875282
131.770418427 530.293950856
262.018718036 425.144249965
495.07293688 533.456937026
485.533455392 506.378025892
178.359354038 497.4106296
668.07388451 462.93952678
234.993532912 574.557443733
409.285204309 423.915633771
333.975181526 358.579128515
159.87916564 536.57452104
583.133487983 477.464358533
412.112986377 520.092140627
289.12229236 528.538765782
342.847058888 395.978500386
684.184024281 454.263846762
386.37774166 336.489460801
451.126226064 514.45811215
99.9218863334 566.236872522
398.218815844 363.561621246
115.501123701 542.629824838
686.701819302 497.911117846
417.904795024 573.007954726
262.98355564 486.381321585
274.119450667 519.200340578
138.471486712 501.937410214
331.545138279 660.194337523
200.259626943 478.966338936
643.392949001 470.686628773
140.34388241 572.617325177
390.277918657 575.639154773
473.127309005 526.40554197
305.071008441 465.672922383
354.596347509 629.99180871
375.06786316 423.003323713
391.967490452 634.720786267
305.810890151 613.646456073
582.632906572 521.810183361
155.336299912 560.655981565
373.279319601 465.445217105
131.325749636 596.459437727
307.517732272 500.77384356
100.194226549 508.378218856
347.041395326 451.598952986
