176.921468904 359.621522145
145.0057503 467.906396558
200.803923643 357.031434182
198.006216632 199.418072841
187.381955385 470.679871289
112.977712331 354.873886847
183.276850644 437.699560476
73.8315781056 372.694611828
70.5473897637 214.896214579
134.579168306 370.854718406
209.618578688 479.232876272
127.496579617 408.083794262
83.7388453361 370.900454865
104.813378295 146.532365865
183.926905104 97.0865584286
107.122871325 658.826330302
232.253865584 185.147936401
115.829229451 464.831547441
204.886457661 453.975112989
223.619502782 381.393218613
229.020521108 319.308684785
167.990101267 385.747384733
158.088432253 410.653942226
177.138530449 158.222978124
212.9863439 347.491659237
63.6037297244 150.136802303
112.394205225 104.462034851
213.838540186 128.650354847
155.709004257 626.400154015
134.340979558 156.351688998
178.233180895 137.986441131
97.9112581989 410.479143522
73.1457018362 361.13524976
93.2635356576 376.661596269
106.39899545 325.913222058
186.715795927 404.687320761
222.719833898 145.179696612
175.083977779 520.84358541
159.832346489 112.850370526
88.4394533013 166.394606621
112.247693805 690.48210514
156.135983966 151.998593488
160.925730622 649.261533203
118.025101503 190.255968017
204.96433662 219.196879723
137.797923846 556.585774894
178.677377579 121.005087617
195.022418252 108.54517808
158.826673289 101.030440523
183.89526757 188.706252297
191.070237862 157.514114704
162.573505705 464.004582813
124.097500494 601.771024793
95.7868383696 404.382267096
87.060767608 399.946688008
157.999679023 215.842003865
175.924321275 498.234522016
128.427309419 176.481290753
138.783772216 85.9978225674
568.015281225 522.436078135
130.722667156 663.447407526
108.16040453 415.977802615
207.11692977 108.947184954
97.4246108267 96.0449377383
664.222010721 530.176756186
89.0457441233 442.610784665
134.219849213 680.633519126
138.152683345 501.846263989
554.429298043 504.487196015
85.6599475894 194.518061793
104.273757372 220.652434235
128.407407959 231.238334971
172.189117836 325.042998822
192.286209847 325.473391985
134.628843062 194.415116298
136.718525238 589.074535885
97.5750714855 283.264127396
95.7278581303 125.176743787
63.391682664 393.103497448
125.876781025 137.303659607
136.087062889 103.863169391
147.955133306 134.33709248
109.942980358 386.098164215
231.078131264 360.425614421
195.926869666 509.462668979
69.0446390786 414.617160758
168.041731104 179.339422969
143.434090696 343.49901918
140.323691408 441.648644946
544.962580803 525.420606891
108.232192108 444.4780943
153.152744588 247.352030669
109.91155506 573.221389299
82.1944501752 330.829539851
156.92426728 603.780809046
52.1512693551 373.727555838
127.804925227 120.921539142
129.175529392 635.099055759
153.0128588 576.429584357
228.729492051 221.626310592
