144.107345902 286.974224415
232.067427612 497.830217176
138.028912233 211.253243193
379.734314381 652.77421232
182.400997502 668.410685026
178.822571675 627.213149795
102.025291693 166.455621888
382.986399762 493.445122045
395.810901791 544.998579791
163.768301744 485.807607854
648.190683668 690.703468414
232.109621424 654.36149647
116.150349289 534.790514995
647.351866233 640.90307759
558.705147122 624.793954405
282.786364154 550.86231898
215.866917888 551.560063605
143.698438641 513.434279658
331.270041364 628.205776523
110.80476202 129.801564551
198.794818062 383.35307398
354.516671202 586.392989445
207.537214566 491.162888436
550.492977505 589.480926029
446.124330455 514.962137043
293.707664914 343.162805158
103.045802506 508.249640269
63.3719318146 152.804537455
206.392891194 522.669449878
440.886550059 558.461893311
148.605752801 336.916077909
169.112124556 685.114828145
82.6151768292 142.060284826
216.128235529 620.046732159
211.198292415 284.120117806
131.133577026 99.9657767505
75.1208436418 183.538299609
167.812985532 519.333196279
202.895825989 252.834149214
470.667344349 561.723658605
194.518040609 651.786991595
183.692250973 499.248307251
609.080795793 686.054425097
87.6045139117 100.426894744
331.913849375 527.562453989
180.250287674 693.351484957
316.499900554 558.266629022
181.474288232 579.266590232
591.430102009 612.914723368
73.1646324088 120.407782911
129.590233907 124.971045053
162.206928568 365.305617392
326.193127637 669.132903822
209.472246883 640.535819994
171.909896123 642.430860225
329.915530436 652.225596577
331.020440986 424.765434837
147.586048771 114.356328307
611.553140918 651.29287598
202.47407198 701.600149161
101.249527056 206.511014107
222.705557303 681.811798795
184.074795807 536.526672225
126.273948631 507.046367185
174.2597305 706.887947067
584.027134858 664.78550226
199.525127151 579.522585698
344.926418687 616.551576853
194.299891582 687.554119472
668.411911954 672.930966108
344.219434596 299.419880241
450.897102996 377.172901765
166.695550217 243.203764419
446.003183296 621.580777466
349.150800557 666.494389317
142.114537806 554.102722202
187.378793681 273.073741388
99.2751614574 100.924978942
352.548410565 468.463234436
138.70968411 152.035061165
128.943538613 250.809216512
347.880200623 510.496944982
479.771376848 644.918601719
184.851597923 611.229551209
192.953773112 670.411183804
623.473009539 631.971659883
354.866346998 648.831900319
520.089966178 660.816365054
364.255219784 543.348034534
642.195318882 674.621457642
167.200701632 321.429090643
447.452208012 595.565767218
141.754900858 699.358668504
420.145652494 363.801302033
234.380923376 532.996482718
413.640394497 535.616334431
162.743923914 288.619645566
144.61269897 669.337360999
406.348482928 592.661479658
187.882093835 355.063481997
