569.197923551 562.725656866
424.772361778 525.337341411
703.132963845 363.963208367
397.736216102 522.29886226
749.508797545 546.337134327
412.625995038 544.096584672
683.745285624 667.129033884
729.553039185 591.394420572
762.453347503 311.170113971
500.9395313 391.9570828
486.418402675 529.466632857
697.715438173 531.375700445
536.072628086 404.388591466
699.950062542 304.553030652
680.593497825 465.785375476
736.796460389 265.38853224
513.065868454 467.24921829
747.081315909 520.021699345
569.07447109 475.640425921
527.924724587 512.385813979
661.790424622 136.978540983
686.965543762 273.71373973
701.517647165 635.738244774
649.786316229 212.712936915
702.459718282 338.090785027
523.944972789 383.827943506
681.44080971 117.821472838
567.179116423 523.338896551
776.542716136 503.476780691
681.069289521 634.88430541
459.112026153 521.740630728
495.814052432 442.908485992
687.092583709 155.567879809
476.815223691 431.111374367
623.927065563 586.935453535
599.770169273 597.481965029
623.65654085 98.5541823165
561.170279872 581.783175283
694.039456964 683.954568255
778.370281068 298.829729362
285.315667534 544.373320434
734.686693522 191.571446308
742.994788474 231.053156367
668.487484592 543.352746219
690.238737188 194.769443138
513.925654062 353.473548994
711.305711679 247.923221443
629.425189412 506.978575694
735.846868362 321.126819276
752.057204706 576.708691605
648.779891831 99.6374353191
696.612442734 654.917462398
793.63777865 533.958298478
647.576140942 182.72636323
596.383166106 505.630074197
778.379014606 549.323599588
634.347697614 152.391286284
564.244462367 423.25217255
683.822526988 233.539574043
450.41697676 492.823085924
243.708310652 620.632980747
495.427544105 497.405616344
654.004436323 550.993505058
723.147405733 179.340404614
666.11860837 434.787469642
599.145925647 559.650200544
671.048280533 99.8522498241
620.795723391 520.00955832
596.635649072 453.184406468
631.084035043 563.421126637
745.076860306 490.889645761
663.198713216 153.195288304
790.239980796 290.038203683
459.127663469 417.820269343
478.949507014 454.95652409
539.706615676 488.351621304
728.765383432 216.251569301
766.982303875 281.387695578
708.940567125 664.821652393
659.938050458 122.680154035
631.062450849 537.834975192
453.785916923 546.405488687
471.595122191 467.253144713
748.814097356 294.91970561
643.725800549 115.439795544
773.236968929 521.838287524
704.5947197 385.101943514
532.262339471 538.64624716
725.972462578 289.590592781
711.758102127 214.847549482
685.391520624 361.730247513
498.590804792 550.29582361
732.353931553 561.491043156
553.840920321 438.383953557
644.870608724 440.865994307
668.636925807 375.493467347
710.649770897 101.425697607
612.632748331 473.445305955
425.638807122 490.864154608
629.253010245 123.215248161
