676.491730472 655.292859245
519.02349286 590.860082172
697.054358618 702.273376221
543.529022925 208.631438767
162.536095841 564.180908876
126.532403213 608.246932859
140.743512449 594.358563622
682.906850914 631.318205072
530.914816129 667.782368812
516.054377381 626.361912351
553.278546823 698.464797444
667.058055334 674.950172454
358.257159519 598.794031939
580.194765974 707.37076844
180.703006893 556.786800393
157.248925748 601.444155723
692.843554007 657.68349753
438.827900131 584.589196015
627.019776504 593.460343482
530.948097626 553.290903018
565.742000652 602.510541308
719.169758834 691.001335946
562.663203533 117.568292585
638.567702626 636.065866476
704.022439232 676.254562314
142.264883006 622.390108269
706.321782929 641.7536985
501.801992401 590.963834223
731.403237165 638.370532176
439.279010208 494.034507391
583.973523844 615.643989613
641.493639222 680.79698473
553.02330434 607.750848995
631.405115803 670.857404289
753.476461058 687.64796923
623.320468095 637.529102946
662.989927079 649.942225136
544.625927977 362.0434879
599.444915955 587.323571109
738.368441805 664.531773109
585.763673621 305.031887155
634.383997962 561.583160364
428.993024235 558.380597116
398.367380138 613.839443387
703.499017222 655.812207433
603.426326692 699.689772251
609.852114753 621.115992929
719.297696132 659.536053341
638.073233119 699.976984336
743.673574036 694.40723307
568.658983768 346.83342407
460.806562324 481.948489383
577.47345352 381.098182379
158.543402614 581.724114012
526.529511554 199.457948892
387.639799208 572.247530215
610.881886193 649.811540417
553.074910599 578.241290994
612.18364118 675.211160572
547.748720106 559.610819887
707.714327315 687.422668301
488.030962906 647.729950505
732.469892357 647.334157208
614.886861704 330.917652505
692.738665444 666.050296022
166.244483144 616.665368898
535.25672892 600.991543441
605.91611262 364.619132663
541.843620154 620.393057653
605.500399669 568.563315248
578.319008601 666.416614991
396.626159414 588.278406325
576.41034626 560.493360826
539.777666985 637.200315986
557.624360727 327.525128867
566.929718187 136.082858906
117.440205608 586.925588204
716.783198446 635.530864521
599.858595316 536.070692551
483.986293649 610.58202314
596.351549535 555.849302004
683.783924094 689.143269497
593.751374061 349.946113928
340.872324421 593.563409909
133.262525574 575.910545883
730.691588617 682.994838178
588.531043249 638.211643191
507.303627016 561.519780658
573.003480192 646.184912103
445.333195029 467.339311264
723.257392616 701.817574909
582.628344023 323.105561338
556.310582108 671.451869158
591.499135883 696.944456693
187.650852095 603.855823937
369.272443904 610.173321843
673.041235306 612.344537845
589.40064817 684.546712285
185.535958323 575.779297162
150.34275603 566.725791174
