573.063809173 311.974122771
570.591853793 251.083344952
582.502864192 261.2005118
573.769961844 174.967881323
600.40712121 598.608768786
544.854460006 612.192704653
581.951816667 420.613580345
473.659824481 79.6556997004
486.741812097 126.871587312
547.532441977 160.983253159
602.134895116 631.708802199
599.810493714 488.475960624
567.719287409 593.677085739
567.505059116 96.2061284357
527.578149469 131.682698345
566.263385377 653.621561476
560.16391357 185.987927225
547.713555472 692.70101349
590.380789563 400.978034207
592.833649615 190.125884992
551.487315008 178.587508703
570.66407327 212.95155132
589.266689281 220.329936243
490.418049738 78.1631349387
508.629947993 149.397498173
559.417365498 134.625880314
571.38980025 138.220824599
551.864092997 152.475935546
584.239053378 562.248212428
533.302266445 83.1022355998
580.847962249 162.903051527
542.609814476 669.792358765
494.416232053 118.619221193
567.842999039 283.400907451
532.279181817 121.765983009
591.640494509 203.866514849
531.96702032 173.327430708
562.300079482 436.410954586
518.654369409 149.081460237
531.203435218 103.368223946
569.31964261 681.897386648
591.014736074 181.268011072
593.465985198 658.271906816
541.075302736 127.637968242
577.487700026 193.180544664
582.143670831 339.557486421
542.016068814 218.739273283
355.967394442 316.857790313
491.829697466 93.9565641575
502.038386453 169.834614416
524.091001277 190.025069482
603.990268013 266.343082803
551.129875163 569.852196588
536.992236561 448.168354624
559.320148374 699.193577268
522.321145731 204.942556683
551.733072364 481.693637923
574.024656992 118.837437624
501.525817395 101.55086107
604.318638151 427.014386774
609.349327998 671.8045058
604.912167241 387.360907713
532.187638563 241.109933976
596.501282573 154.808278839
600.149926122 572.868087252
574.648785953 619.328613334
589.50153142 702.895420195
562.368271455 532.875648629
594.421543861 354.960621297
526.883633831 115.340834981
514.161646936 123.785140291
540.356911594 285.550196854
551.461965532 118.938005338
561.994271068 378.441398142
521.663512901 309.553230366
573.867153675 692.634780812
534.022961829 145.950579502
620.216594406 143.918177965
462.151496736 121.322632846
599.549830423 117.105744165
617.562489078 168.745293342
591.471669124 139.65263272
530.789899128 201.55214952
560.971064221 198.476592727
599.525805907 695.084411855
450.840074261 105.792585425
549.628748747 233.95716061
575.731311213 673.499642228
569.124981755 230.199200889
571.056527761 496.863631077
585.587939088 285.534815096
550.104552223 210.727004222
592.358336012 452.305020302
116.039108389 266.099535968
586.46579886 528.536442653
467.998755333 104.419455011
615.989390279 190.488140205
552.830336754 634.270592503
565.882173885 458.851250802
558.395323308 159.949589952
