240.228226786 454.903172795
201.246968845 621.542015875
294.821417992 490.817232257
277.328547715 465.669147306
232.035878181 582.840792786
225.363386916 460.988425843
609.147074087 577.853276521
139.368136303 653.147337415
199.442281523 403.028141709
618.289076168 554.434640832
274.422673252 538.434118883
204.29981798 510.08755474
148.875081181 618.482923827
539.124970071 332.586390069
125.402901978 90.3311356069
163.361665591 649.007975141
699.315420477 537.680402207
199.14169068 552.743480588
637.73497032 579.812140218
658.794957471 552.054085152
680.113411101 543.424026659
636.741112326 555.367859548
243.012501558 511.316623716
133.587971333 149.650439293
666.960715073 533.108964964
98.9198544382 240.550896044
95.7108830456 179.973366596
154.838966039 141.690031521
489.861674673 539.812165538
132.593025664 209.80671397
131.642017056 128.990007659
195.92488928 472.323738053
135.727738342 605.484558523
175.754730082 441.472554279
206.761371326 438.892056202
273.887933068 504.494752501
276.160289766 444.196707042
170.207035091 531.639349541
113.383633251 120.839842321
124.842007312 246.770473485
143.33890737 762.570853473
150.731316352 186.584200914
464.218066251 557.320759422
235.316320705 380.137798253
666.351789045 582.46647772
176.596112165 623.353407628
127.414507581 103.797063069
145.94307612 108.171693215
107.407176644 102.623839433
304.422617057 442.797057722
325.657272212 429.119314436
224.526795315 546.603907448
146.186679107 744.746122866
143.819407123 677.359653123
138.549498129 641.727187572
157.610226074 224.8404967
186.264968207 652.203350724
152.161282028 249.538964933
94.0027669421 116.235330239
177.583829683 594.299210908
419.455741441 555.266826555
207.130718377 492.359226526
157.737415738 123.162632953
95.8821970168 210.244985667
174.993895514 727.415199841
164.139275233 476.798027445
435.26303464 586.736183042
149.680683205 722.298534068
163.180115926 510.373213567
141.108275262 273.875794153
214.56901922 385.466807884
255.091304518 415.497441683
257.963272908 437.683773903
284.987549257 423.17476828
256.564800526 392.76289677
175.482464451 747.894213168
241.24550468 415.948994507
120.228518374 214.554637772
117.101135485 649.994941881
126.871490283 174.269797888
97.0419388642 143.280240239
118.708092873 136.886719425
236.815777153 492.305839591
683.764168979 576.86820032
253.479542542 544.978885433
117.373606113 671.394898693
311.538347749 409.435728447
262.780818237 476.044172866
210.580929933 598.142019458
156.165666806 588.577819891
188.763684677 509.306821973
289.200704454 396.3525003
172.126103984 560.155422902
180.617134662 411.943362744
470.951272903 538.563607119
121.175080339 633.880121239
115.004432693 160.058251249
438.096869617 549.166665054
451.675263734 534.774077735
699.972408375 564.431611094
