198.381436661 713.79980871
339.25281505 439.137463262
147.349015627 466.337600253
269.374550043 402.226487053
311.244058675 402.942937714
300.084647156 429.757764353
612.150581031 432.816952082
461.908673546 403.626344255
230.047480641 411.999575586
131.266981842 397.797973454
208.104924784 410.22365672
160.821050598 421.893482216
331.042617236 422.35291234
106.95007595 446.497788179
155.398042996 397.04002009
197.9545294 343.65513827
202.724280555 375.558245592
185.24874427 344.930145798
534.606151535 466.492117735
178.282026418 672.856477993
582.687256792 425.547902656
124.169672142 449.833285515
659.463115956 433.644719862
169.227281311 361.970186273
129.040916936 481.821816108
131.918549453 380.048773707
640.367338209 444.615964886
178.475172017 689.189529386
508.093115653 424.443383562
491.316147956 406.957814081
484.887044757 443.95793805
249.746175695 410.55970724
620.494199527 453.062571702
191.695268478 440.419725899
367.506430322 464.566093288
213.495188237 728.563418579
229.167140266 320.982276265
178.51280941 720.14376577
673.30778246 455.879231507
455.91597312 457.746013473
149.558512019 502.250795238
699.650225449 493.465236052
284.925246672 386.03207254
257.240235798 432.918726024
347.334743429 408.979265884
170.629338073 511.332090382
183.171345203 383.197266349
610.225091356 481.939687885
145.491215505 449.605590946
214.151338005 434.140329174
306.838188895 381.553989042
681.10609622 445.908910109
547.482615917 448.852814643
212.585569141 329.111266218
278.656301211 425.770763202
265.379811379 382.885173647
128.098470456 429.227309906
318.553658764 447.295301251
193.576832568 410.636829549
410.589678291 407.639460508
143.17064531 426.236446331
214.785224414 684.266802646
510.960498988 469.673060978
588.788129432 456.796117332
151.147327991 368.656844373
202.173528248 690.69595445
435.373744012 410.046711076
234.549138207 683.423888013
415.303727545 446.532317503
223.578080146 702.650180611
175.656127475 409.264953448
258.630199485 366.210367946
700.572269558 473.170608024
115.878212973 390.27828016
296.037018885 416.971306236
257.433487237 456.119812758
178.741136025 330.422387035
640.844152081 472.936531791
699.945344059 454.061591103
332.276005614 390.068041641
661.140619352 522.39058301
242.297052533 388.28865182
469.651821364 427.468125149
238.967257152 363.97515128
276.98084673 354.500092637
223.733530235 363.631572844
158.894390059 346.951483208
165.081921538 685.915350151
113.41649153 427.298897501
249.904982743 345.081337913
117.917037711 506.165219712
186.772428773 701.078409489
169.65392671 445.031833375
437.976731929 438.611625955
203.539925997 459.238049854
134.841361798 526.723732836
666.507449292 482.56570082
222.941350753 394.227725631
175.121910861 467.083022317
204.02811259 315.500551285
