213.413523317 273.418162037
196.002657262 751.995891526
288.782445746 695.900562565
250.621288747 789.063852657
215.796559773 507.068270274
356.460738847 708.133775807
177.52628463 366.568223889
233.479543107 122.235126385
194.609572453 171.011879845
300.321795563 712.391616157
341.299954665 679.753477148
208.601275796 248.152164393
389.353609049 730.739329814
302.284503538 657.783014538
209.850836451 713.439145193
219.283697562 788.741274656
274.113563789 683.953388984
186.771324091 118.01945447
290.947714395 725.080776799
204.777336741 347.895602365
263.497005264 710.161762663
189.711007941 100.005983345
291.809733489 668.170031237
187.18665769 440.401336827
201.222732254 326.650083513
412.60108259 724.756538091
179.897310778 717.953851399
205.780495149 205.913617212
169.164665598 154.14110761
166.718261428 772.180428637
189.129721896 336.207816286
228.578838588 336.58507449
348.168125236 713.221912242
356.051866455 675.430931043
192.541337794 787.412773232
269.442787403 778.949111045
286.438545612 706.814181085
227.110345744 183.797916183
362.009828501 666.411761777
192.761253784 247.811703556
131.871745213 756.520913549
209.310188532 383.865607862
202.996050449 545.995297981
228.196464524 435.897146933
225.257559533 477.636342263
245.025613984 323.703183858
141.976403534 786.224261518
207.584183482 785.767984136
414.471590114 699.645694232
308.432864514 694.772219515
225.204166953 365.439849059
250.975581946 753.778021465
239.187182024 779.308061978
259.587579754 699.276352875
199.33494514 224.503085505
230.58635225 100.192561852
321.520777403 678.671439447
295.686322631 741.340828953
166.937021524 222.022866219
376.255115886 701.819639873
436.293490124 732.683740731
240.098584974 155.222204038
335.998579699 733.468714835
200.811889598 295.262817897
202.830139795 418.544308216
416.361554747 750.11173054
175.174536048 405.494357517
328.055268 713.492101278
273.224629642 722.190735369
172.252648639 127.174166981
178.147742065 186.124127861
222.658085014 738.512747562
186.653942732 296.912640412
295.609674169 760.198765885
234.067551556 718.999922969
180.868436734 265.015626222
273.015430657 740.540406046
198.44417329 395.443461337
212.056307327 156.537729908
212.700529576 117.105554441
224.157233236 136.678092941
199.584700189 366.206204587
115.542904602 772.335501724
182.571953742 532.531442446
218.187224442 530.972137024
337.814044177 693.643689578
220.682164832 313.352032156
234.923476606 759.698926465
231.838191909 690.393634472
239.525366702 291.976483205
201.652993013 477.864800329
268.702678329 763.183262445
396.515650207 699.146303493
202.464906617 139.629087258
555.10077562 423.787983814
219.801049251 99.9995802784
196.939759693 515.443229313
239.167521671 234.058778372
156.400425733 745.967930932
260.756992678 730.392191183
