215.337844444 469.514872248
523.376268014 155.957235886
505.721525014 124.172355823
131.01895813 466.6835375
486.772956888 234.534711607
317.611082401 223.203507562
737.247586367 97.9191722843
779.567795421 108.848929108
200.100574812 432.896855428
406.709618331 283.976047444
523.309229329 133.880759668
104.761316443 491.151163446
761.524297441 150.905695333
146.416330709 488.772277592
350.917500817 111.437723206
766.271512962 178.914282219
116.345446044 509.841326894
750.12245819 124.369827196
321.163123965 205.378716573
614.395843484 115.490031114
178.643322966 492.081162531
376.154951169 321.54075524
345.660630263 671.087902938
239.599953231 146.638507491
782.042407937 78.7471800526
235.283229611 483.529824344
285.596187428 141.128586219
559.843234668 128.887346768
289.164382546 124.297602177
357.739086999 169.165811355
289.542557548 158.493705045
279.82429595 201.199867331
209.410842596 187.25984925
363.347868549 295.969426313
784.168863621 118.729549834
324.480482209 688.902610088
642.539203556 111.196533319
314.162891061 661.503598046
303.599376916 141.802422627
302.774091602 191.748634532
357.687397866 628.46992461
477.573960142 158.229565892
682.223380482 103.386860027
167.348201108 468.275170951
382.555092739 282.377818947
335.023592912 200.082932091
379.377752612 141.511357359
402.694917314 118.026827562
303.008044507 116.625893288
246.902076279 466.584489873
397.263210309 251.564397201
260.757206828 176.599634945
353.40573601 652.66673255
743.664922986 149.073961817
329.557180234 608.551669365
767.432554591 92.8335016407
461.005176957 134.667722033
775.680237563 137.491995635
328.657184087 109.177500659
341.227469942 144.067613725
761.631800374 136.250068802
254.931696083 447.164929927
368.220116526 262.607045259
259.36101519 116.441415116
178.883812876 421.974700049
115.667447351 458.776783305
152.337568326 450.506990939
365.353585829 667.308399119
671.510039393 124.317094065
228.403323402 192.880483374
233.785635257 450.910116461
324.970793246 176.889425399
758.806481134 113.051679816
215.20320153 164.855284208
242.233300443 430.380573896
777.269242734 156.772977424
711.684553564 132.835546086
741.331175779 148.046963613
346.147470463 605.919683041
413.932607221 144.558226462
337.456152563 227.994953516
441.405667421 169.896019982
327.704787659 642.259765255
709.38839448 93.1472166295
386.966971204 306.45033239
323.308513776 583.933941224
746.579163009 152.78383067
336.901492059 696.267383593
752.773275304 93.3707412494
727.931621541 146.04838299
726.191052383 136.378326723
717.645584001 115.169783463
134.901962302 509.552470116
204.152713224 461.847535034
356.749947975 131.301462382
351.083837491 697.802880144
281.555525062 105.605796413
300.456430445 167.166405893
317.529839046 139.861319178
260.214266139 149.690685749
