270.344806847 360.199410893
185.361666526 250.647427222
407.902684926 219.076758143
151.607885327 224.500847517
408.820362987 364.313840602
182.124382393 279.959022179
151.649635567 432.331770682
197.188356949 469.413890901
445.195994359 207.963796807
151.937452541 133.287639068
245.152232443 309.479784429
687.132192421 170.374890243
186.747679262 121.145563474
231.571232084 228.397921207
731.662125731 99.4527636368
256.785005655 194.786906344
197.311869202 207.520902315
688.054145832 158.321112635
446.050582397 230.098773979
318.550912934 324.189798496
320.861529656 197.502416388
207.279912086 194.94583761
194.764333046 393.848974564
202.593736775 117.302630731
280.906710884 298.168057044
164.19283395 124.217932129
495.942258511 151.638244407
669.56277542 145.20105933
724.859359497 152.258129342
163.051207923 399.444396086
216.863895598 296.282570441
178.494446429 146.433538597
323.749760422 224.303150796
151.199885673 158.513159683
297.09666172 381.526742567
201.918553662 368.165406006
266.726621236 132.444418733
167.10776951 373.389391619
157.385685497 463.544116866
530.974205829 138.606634544
269.568117519 537.566251166
354.341665537 202.192080985
330.677065442 252.967105238
515.284031535 205.611700393
275.186981523 205.989748194
156.748663581 101.533597477
244.771899103 173.560549232
733.408792831 133.862267978
295.254593098 251.267158044
213.380541154 456.385529834
373.687102057 169.332471556
168.244279104 422.531408653
329.036333488 361.061851435
226.154766131 128.518823787
696.78667527 118.847899761
233.863278078 435.419323545
242.355020601 154.83430511
262.197576368 306.913461826
202.692469521 152.560342092
176.463364926 227.502131236
220.689837803 639.205582476
223.293790166 279.674692231
599.521180838 166.034411763
450.029893965 192.370649694
689.078754034 109.404438785
295.587468996 366.070106658
387.943679037 202.893646155
708.810360614 136.734682658
321.441857194 307.22430457
344.674320265 342.738440394
694.375066074 148.111111546
269.870755236 177.645981235
329.105102063 280.694109554
124.243104906 136.365499197
173.872498703 169.163287448
288.787682342 343.550584842
360.256037675 226.557848885
243.27938613 220.606454761
169.922170377 446.802599887
376.406997402 191.966021191
686.725874921 139.263845887
228.654959359 327.909066329
173.180910326 190.899836549
271.752431792 271.38943396
276.626868255 164.144245422
707.0633538 171.208759445
704.01992172 105.419024664
309.472481644 351.027265212
218.035069655 172.881499122
278.22543771 236.838764407
302.568411371 282.787596711
257.04998146 345.504962251
188.554428671 431.254562029
224.660064489 259.392518181
376.695005523 239.795348833
287.964991244 329.015816435
406.830894392 192.64018812
714.855110572 127.623289212
143.980927922 189.56848843
239.111973872 133.964203094
