169.178007354 746.980878464
696.450639879 765.519114417
649.448077638 728.37887724
388.580417629 658.000880782
702.383921539 742.347354002
150.921347087 754.251736823
463.617728506 266.309301327
615.196329154 745.481289455
146.378339611 731.821409637
427.7383697 329.032907618
676.773662337 726.61630307
300.17353838 674.669401501
438.362096515 685.780353275
449.561808089 209.302985252
437.505443845 145.630555544
444.25007267 700.414527638
433.780503546 237.995680971
302.102689787 699.451047452
441.768597705 261.420470342
418.281359503 254.656050704
431.624987528 217.350937084
426.316325976 285.771144003
345.49910644 717.715556297
471.306418374 609.388514983
637.478191059 88.331937771
361.139759636 648.875135459
353.232567027 458.976089591
500.583000332 621.987482135
405.82814185 279.00027708
473.498664129 630.14471016
446.841095398 614.339263983
125.332715857 746.00883547
411.927360471 676.991766039
209.177224555 711.555785428
323.771132937 610.786933755
436.445651143 670.232657998
312.429766876 631.396477408
178.375094899 761.636165643
385.484763832 449.483613233
423.407677933 617.52424111
416.111714947 723.955152266
520.20646338 636.863266165
414.758164614 345.163083881
438.381006983 653.058758678
653.547244466 102.484859714
678.295117377 751.260511613
368.83528352 322.601544964
395.727311554 343.993427108
406.924955787 173.970118657
414.348066614 662.136081466
482.192637481 650.341211092
404.434094 671.146023932
420.111599433 712.256836392
425.708652815 698.98385737
455.255034066 689.511843921
504.323021266 648.418488266
659.59263027 762.501945429
465.979274659 648.442587589
429.361228915 157.425043451
616.419378441 727.139106899
412.213320449 431.750912882
200.124993889 737.36189297
420.627285993 458.186177745
416.636033389 213.769201486
449.317433224 710.217226066
105.644890606 753.609224072
439.888448736 363.852798446
396.190036548 714.145427599
124.829635366 758.293082892
391.957111415 614.359454401
163.818117023 724.520919758
350.124203004 664.437439247
360.593504946 681.982075707
369.91428946 662.188080969
180.44426364 710.698210227
451.628174073 722.843603719
355.16368351 643.352219165
416.006686149 635.104824853
418.741870421 687.090091015
457.325900559 634.615853464
446.923628331 183.52126382
397.534319226 473.534833184
332.380284755 675.39216916
675.822969421 89.3863687887
458.74730366 672.881717033
414.973738062 696.042525406
467.095890824 659.563105282
344.945890397 691.370069296
639.416447746 741.171981851
309.122523134 718.789917807
149.767057756 763.638138395
414.251003834 646.819061831
246.377173382 732.894091907
122.398508602 726.217528937
403.202799392 250.972391532
390.878857681 690.690336236
423.686414425 193.4042362
412.132637659 320.119186764
406.169346742 217.992070918
658.756969489 78.2415455587
