463.129856905 469.917837755
544.297222422 317.304945698
412.746129921 301.486564593
470.739770219 260.034546456
501.526819198 254.354783384
494.900638638 303.079015733
632.563861986 186.699201583
564.189154174 187.127097345
437.021886814 256.174872318
111.495909945 169.755523677
416.948375417 256.436797251
181.369802177 234.97567072
527.600298202 276.772709276
100.159532268 245.806711272
143.682885832 172.820052468
315.259001141 224.19221177
309.870722328 241.56752462
284.086408932 219.243616756
584.000992925 308.760946356
445.977883721 419.737330374
612.943676848 199.819767492
122.796094764 246.004738595
667.399743268 179.281299999
207.936950192 192.830386158
396.065301316 301.017793417
102.130913948 182.76864712
643.112374064 157.033634126
446.141803911 440.550481632
584.398675185 220.429666664
594.41336159 175.229406977
580.002718208 238.304878148
450.195135266 258.706165137
651.939023647 195.927969832
396.036612383 260.868303565
454.83319501 396.524670274
469.042161558 491.667895897
374.043692902 188.251421536
431.732120515 486.550276733
679.13861473 192.559145131
568.211099708 263.049900872
459.619559278 341.494577947
678.515199935 241.284357639
484.072511431 239.074355992
456.580148379 279.758354665
530.217378031 242.170752823
476.18228083 364.512839752
260.40076777 229.331811294
633.220617397 255.835229088
155.564277535 251.093474717
437.762677205 288.789686672
490.497016264 216.192977397
688.179216028 160.365610745
604.664017927 228.607129154
339.534699445 204.489340392
479.185480458 269.765350376
463.24793069 226.44930819
124.000963004 223.524302785
511.93615699 316.789885914
313.455071913 262.467122081
528.563521434 213.852453815
144.776076269 217.392544382
487.283121192 427.960008505
595.863622353 266.167735721
626.476838257 218.002031201
122.808164646 194.987446321
461.741843283 449.695513964
537.005434432 186.314824048
523.0696156 432.697578472
547.573744837 251.52663139
484.992004875 463.825839292
286.531925104 247.94768771
441.032694325 219.146625432
697.361744665 203.133619656
100.216334794 200.273227246
503.312523946 265.602939862
470.677567201 304.226813179
257.370348699 188.730626835
648.271176469 217.155183687
703.53287335 171.341929245
507.668885795 219.712311945
648.174037034 270.218491266
427.764339731 235.562028339
563.514282663 205.51796197
394.806376152 209.679072073
457.790139882 203.388611353
359.298456906 216.307712833
166.876161462 199.808061286
422.568069046 446.342461315
99.611720245 212.548687866
394.221279054 170.60256495
431.052972645 349.065275377
441.316482712 472.078829049
283.997848625 265.613205854
551.275543382 221.045934296
445.955528897 300.018768213
410.807194902 359.817950733
668.381890533 221.128861573
341.523327577 243.337120529
419.734661237 292.494212246
300.919581604 184.76641858
