457.818141029 528.287304859
390.189593475 692.374113617
499.120843817 582.960206031
493.982779141 541.689055634
416.884887721 696.646104991
432.082565273 557.847465234
621.790133564 779.674064699
238.021257478 741.468608089
422.007178661 457.36975664
623.399434454 757.144244793
459.10137236 674.284406766
371.499779619 665.164975316
260.478959283 709.770743591
547.767647411 331.061594657
355.168091104 87.8433342098
327.082895585 707.30046246
699.009612067 750.529723853
368.208312627 683.210407051
646.587028047 789.980353777
661.100032356 768.538568943
679.85473465 757.317660674
641.940446085 759.201220662
417.71383515 657.375521364
362.783475027 163.388051402
668.211949906 743.313992408
326.889206141 268.835910541
323.953109067 206.710797453
384.51996575 146.947427653
499.458679828 748.185376735
360.835099095 236.901024963
361.484887571 126.883441891
349.235702103 636.107044615
200.876272941 699.040092815
375.886035951 524.631718147
421.37161399 520.235870852
454.574878385 646.070794814
498.186003622 502.988234963
326.496555908 684.710403673
343.161700039 116.119449023
352.665641776 277.232611466
349.98831053 727.344228599
379.283973784 210.772659568
473.974733474 771.059685895
462.250077477 415.737904252
667.078005765 792.426288213
350.735940356 698.980875308
357.152319569 99.5294001424
375.586254912 111.409389152
336.933502895 100.033248983
532.104925811 471.267135264
554.478754947 449.38176675
406.812997609 672.410390723
356.121107211 712.270757658
258.536828262 745.079260157
209.634589523 725.955558748
385.921296787 250.978702915
382.242634704 695.752462303
380.727849065 274.105381849
323.568960553 104.047713805
346.854089778 691.336962883
429.226383788 763.582077501
361.636145876 661.216463113
387.398262411 127.943459189
324.102215172 236.681033348
394.726448095 705.837488668
313.802524432 649.181244768
451.730372156 786.079784489
366.298801003 701.717929092
312.145998956 676.355910635
369.067733581 299.8559681
441.418128069 422.353250668
482.903159547 445.12906622
479.936847841 495.149347383
512.779512304 452.47658463
483.960617486 425.756209938
389.594206854 715.13824462
467.575010271 452.419583555
347.843212677 246.161224605
168.661713401 718.414397884
353.943042458 208.574724109
326.434551424 135.601042841
348.566842425 133.740354259
416.069403842 635.12734514
686.115369757 792.888280239
440.392613296 675.398987504
168.689822333 727.259847007
540.301744189 429.340894379
471.540171365 570.209586338
396.123168729 673.329117059
289.846777259 695.708144812
347.581734135 671.059277323
518.502269937 411.716849684
327.801708977 698.31647036
393.607490596 493.465250026
482.512260141 746.005259334
174.276889423 697.623691324
344.597686712 170.359291088
451.764826303 760.840005866
460.854677284 741.836081394
698.970157437 777.465153751
