663.17921649 383.706447838
571.839257017 287.178399562
653.27921934 359.328312498
656.716844402 318.521148644
519.515338532 295.730776024
673.437203413 257.943700076
710.388318079 233.776213329
686.38158771 230.072696459
670.666941345 333.888525702
657.975778584 465.766551191
688.965101073 423.106872644
314.394487861 230.635814187
672.320410269 397.559109861
671.02731131 428.133122533
689.095175113 340.338211742
559.043643639 384.513416969
669.318644143 458.443414766
671.074995123 540.922757399
213.835976478 269.948753522
339.840168974 210.188110543
475.780054019 275.498071296
676.811070802 509.412323145
696.160747459 375.787342051
662.194503792 349.973979681
232.215001377 311.548031397
506.530367572 323.477517385
683.45094174 182.388128197
702.835029861 152.044893507
692.58665966 268.374104244
298.41769761 257.370020955
674.437602975 376.239962692
652.169894764 256.562290857
562.5022776 239.579280695
241.480332853 251.666828041
667.74385928 478.712352578
307.983169021 189.148469327
549.819386614 279.131218664
686.203748781 390.710630103
637.035043477 254.769531558
443.463848414 287.946710426
659.753998442 239.538704884
532.085052569 239.873640587
694.391845275 400.834312775
169.826120733 316.722953349
625.49666642 292.640725124
674.141740821 272.921295139
704.604823431 175.497917636
703.267243459 127.546998563
582.408825904 301.875832222
661.025987318 219.827288243
243.710968397 271.471917347
534.720513867 355.328589094
622.907389359 261.108237248
668.718591281 298.922954944
693.814058116 355.197243687
352.725736572 242.825160214
651.760291451 428.971623995
604.473420122 274.17072324
693.863690969 295.140977204
502.697524682 247.072579365
671.198040077 156.711395053
657.951604036 407.088747701
677.76809857 211.699751469
205.498139517 289.260124335
634.790487985 325.815833769
266.696048812 286.292829231
706.580172337 266.943782444
186.506803814 294.909593065
641.823545856 373.425339399
682.191126853 406.275364925
659.658660581 275.928430546
364.625960618 489.098713045
685.711678193 93.1177606645
548.53502266 320.428592712
643.528742503 275.793868427
564.347545453 343.66063832
311.399264059 208.303395385
666.978093419 112.842043453
656.722623927 200.318964475
673.844111042 238.500446282
698.873866841 198.437425768
677.10789824 446.006571113
656.968536246 99.0379423535
659.311908743 186.778705285
689.421635368 446.949146324
632.541653771 283.189258079
194.872347592 323.904681704
511.514105043 269.675673994
586.898758931 328.534407039
655.032316686 135.1177189
684.272033142 314.966733334
269.708167509 221.544583128
700.70704097 104.884077769
646.331173593 393.285616556
483.301422865 231.307798278
672.904079608 127.702650735
464.164279119 310.953154128
683.781818403 206.942341503
678.696446588 110.649042494
169.760790282 271.469357194
