94.1380500454 299.034791849
176.531746904 428.037797663
144.180773178 342.726695605
119.69935675 321.356361439
165.276931569 385.887660879
84.0564411614 298.566709626
594.316615674 349.327526361
117.133004079 444.33279335
54.7494189553 257.341130645
605.7363582 325.015921715
152.419437111 362.234482336
83.4905835595 325.324137392
99.9572876717 399.335364333
549.325276871 291.342298341
107.595252278 99.6465752392
147.809274703 455.035416252
700.474994782 307.925724724
96.5764136595 352.044352973
624.890775249 350.231886085
667.354563843 322.375867366
683.058408624 313.915013239
643.859735947 325.670283847
107.223981661 334.42350894
190.344813177 140.613163577
665.012067733 303.228343828
67.2561238586 194.446762797
107.16190358 145.552094486
212.089037534 149.09282109
512.980183821 311.475653287
169.517292856 181.510005884
159.633728436 131.259628729
69.7716715662 294.037382196
85.3265987985 384.894158515
50.5626335672 274.514871689
62.6550633437 277.407131024
128.817879195 343.993633588
112.143419812 314.446021483
69.2683978813 330.144983943
138.523351619 98.4173172337
119.331469369 201.484000379
139.048491384 650.691844031
201.723021142 174.135718324
492.253135535 329.157333564
125.440338029 242.838335189
672.394323997 352.704638346
153.189061794 412.896507685
156.562007299 101.253180386
171.600887868 103.92470552
70.2678806343 107.50560523
128.736075606 324.753332958
141.912193208 326.941497245
108.216312255 354.867167093
137.182619618 624.218595831
113.314607472 475.729353926
97.5598835725 425.628179907
195.94299485 199.075576977
180.372336259 455.956539204
144.042848593 208.050362981
95.1842588418 113.86121643
118.772794022 378.684148175
446.703636891 326.957858756
74.2956289205 319.948538233
197.779896646 118.996745192
91.9889544591 171.872603192
167.366138742 613.609764952
38.36347983 303.715986231
464.791120377 359.294757711
129.501281958 608.517414983
50.5390999573 318.787193137
91.9525042705 222.688838545
65.7221979489 246.399088379
92.5747441103 277.461920668
98.9331010489 294.876478762
113.110531003 297.408562448
90.0342398512 263.02005735
152.946944411 642.858987173
75.1195340721 280.882933128
106.817814 173.697393816
70.4420495144 436.314662504
152.824235392 161.328681912
113.970101035 122.7129775
137.132737812 121.59403937
89.3923974094 328.761551025
691.163863982 347.167742175
122.35849437 367.689363747
85.4922871281 459.63670223
137.699360856 299.507279267
98.4686066306 331.468180795
134.020832307 393.985206135
97.805648517 369.814457119
59.3403419931 328.811098739
116.700420211 281.68836326
89.6393286551 348.785225268
33.5039151209 267.363189637
491.932287583 309.64790865
66.5891692025 418.361209969
84.3040242778 131.537163912
464.929325808 320.889443743
472.605576565 305.961733387
699.882999341 334.694353611
