563.988507174 119.15821521
449.217145846 520.589128282
143.733239537 121.841419843
452.498736772 699.956439471
514.835285361 123.234154072
518.57202945 319.234561018
291.08154105 329.581561471
600.278244377 114.684412469
496.461734897 64.2762518801
468.75923571 366.79364175
492.851365045 150.637287707
534.253344137 104.490010687
533.319740617 197.707452171
116.84059335 68.832540776
97.3721609417 88.3182287113
425.834485211 684.411992314
125.33292605 96.8476067943
495.709020832 48.8029062664
460.077079256 620.940656691
475.174740803 109.821465101
106.495949299 116.721988046
533.004894593 65.017780937
130.833099017 84.526794163
310.695855991 359.701936477
511.525508965 93.0118166989
554.037422466 197.413251615
71.470403827 88.4807440334
560.175082721 106.11898449
455.499557477 68.0240735596
383.778057175 548.358112219
311.492215607 313.58247615
562.340841529 138.710068516
521.023006715 340.648843029
513.478172642 145.117829209
440.053445312 675.948015074
464.689025809 699.969485628
448.86121745 377.518890814
588.60172066 134.14573794
535.663823396 137.937004548
500.02097224 83.2651886322
388.05877763 529.051250807
482.246204235 93.3565809189
492.278513754 129.977708725
502.269689191 112.437975766
523.232877903 120.656968411
569.112358205 154.274951305
409.911163327 628.529418869
435.837991441 691.465247277
583.06669666 197.971312407
464.248211885 339.399319513
514.437893729 108.746738601
425.457157118 645.441254305
407.111632138 669.68885666
94.8923915897 108.833079081
384.696401184 166.923892256
585.83859842 97.5066031017
492.521703698 318.839965593
468.062071498 654.425658279
444.478979362 101.262584163
530.865112137 158.778701533
569.698214163 221.099822616
605.106068414 141.202761292
496.710550711 348.50756181
474.347453305 83.3590637044
334.036149611 326.988389675
542.474187138 225.145165585
289.838921429 351.973443892
474.782254932 345.791461326
438.403483856 547.353110226
470.577108925 51.9004197318
473.516051924 71.2741473346
74.661590543 125.658699863
432.094851955 122.933686924
468.307326863 682.494096271
407.294541439 530.953348192
457.472561795 104.189005215
441.620285301 583.290736236
316.248861143 335.631466801
520.669012772 97.3286672623
549.409306394 84.9769895782
555.182748936 94.8278324407
447.148045434 131.075769296
415.342236994 566.973753865
333.962471623 348.903027611
526.35663734 129.204343867
135.156218729 106.806779221
542.799518983 113.189886149
394.696394228 649.428839714
86.1598983219 73.6651484058
579.71533355 167.495999852
461.790313696 135.443726106
448.842311058 665.20107632
545.330287744 174.666484438
514.082630588 80.6109681607
522.09437633 425.719804649
536.695093872 77.0521280902
480.358221973 118.224780809
603.509420969 166.487609375
62.7424406276 116.148932823
417.266374539 607.886569199
