637.017209551 363.447535842
198.379471257 230.769782418
252.000181001 322.476617493
218.029503249 248.103903944
351.82292863 590.614026294
284.749429875 553.886135065
97.4578402088 245.984953612
545.281250951 308.309400033
340.553394684 277.616798334
347.525989965 354.948627464
181.914999877 207.777517223
260.737502863 171.139019493
303.698912739 614.505113578
120.938447644 198.334448282
314.595222804 685.736707704
362.058903796 318.420133154
287.518356015 279.020684514
329.597747266 556.306272474
357.027738821 560.777090606
424.822165877 283.026780487
280.634667238 334.24490936
250.816254286 254.259324079
335.921252364 700.322101161
126.964395829 252.653527784
88.7121774454 277.946881349
334.247365686 686.097012823
254.209813039 559.653963881
533.602058736 356.304928616
153.963686543 168.63257228
291.870077117 321.497134205
423.746029984 329.507424571
200.568106074 202.043803381
452.455750971 393.417001846
161.48352832 203.811209391
385.251000063 345.883377064
177.952428156 242.370899667
397.902042401 391.361065932
539.815380309 335.572150456
245.428545771 210.111751808
215.862380922 172.28803594
342.141022025 481.753031141
326.526260909 609.35881508
620.922766586 346.294008073
94.352038908 264.498345347
303.415595706 537.064118843
304.848162941 219.458507153
335.660983539 664.213949164
101.732406323 306.781636654
301.90697332 576.717141146
386.914240909 372.319455716
152.096954569 190.517076631
112.019451569 274.346010782
427.954790348 383.873194375
253.003228584 296.888765462
355.652657811 697.873799414
142.148069363 222.17904705
210.317554134 288.520820848
451.391772857 341.555272407
463.711936654 275.432924284
472.797934311 331.460783119
142.00963366 254.607105928
505.750487155 322.736431436
328.797191883 326.665017641
539.141121442 421.872019049
170.932145238 229.286600209
183.883524279 268.038891871
270.763055036 230.939084295
117.094856352 300.782988829
340.076150827 532.916974566
317.978401547 514.459023218
273.438032818 203.407024668
136.377331926 280.77941619
297.955016734 252.465237429
119.637424447 245.160844047
474.67562886 368.394525421
354.768941604 678.125551068
512.568014553 347.679722194
122.824353992 226.498231916
171.767710385 172.149284439
346.966463938 260.464932763
235.297814015 177.779682259
461.454482172 309.307110111
496.42882796 386.968307455
336.160240798 628.005655747
613.514256978 369.270374152
316.26685358 297.096769665
218.097862833 212.488556367
416.953629913 367.930155924
409.747399659 311.931388658
499.004184659 303.641260801
216.266671012 520.492956812
105.037027287 252.558939365
314.360762706 648.08323923
394.61410079 255.715636703
101.616385687 294.642846231
304.674577508 192.03051063
182.208192688 186.104915415
520.288693621 433.424166268
125.550644103 289.136721502
150.329452686 243.702964354
