658.365025858 363.183891814
655.215140944 304.002018221
661.174133603 322.387225375
654.443124635 149.194436526
697.039675303 624.005389815
642.198957538 634.838937912
678.50157644 446.611172641
567.365660784 58.0669631879
580.726010859 103.987867571
631.542992186 126.044740492
701.324740894 644.29412268
695.863743128 516.055419718
665.782104998 613.03217132
651.910500326 43.4885955551
620.279450422 99.1979615588
665.794461972 662.106379124
639.987694179 163.565657113
647.604847049 697.179541417
685.684071186 431.052098184
676.830912421 222.959950278
625.638141996 136.708439582
658.819075845 258.712488232
673.670868883 272.31276512
582.354096585 48.1841310551
603.16953588 136.126694579
645.59346811 84.3951020698
659.502456913 92.0497870996
642.264453017 112.234819422
680.301970189 589.971006698
625.38496931 46.6368009736
657.348556991 104.853436718
642.493677789 674.209893429
589.293992017 88.6938709813
650.619595292 338.726207495
624.820220173 86.0310037298
675.392990409 248.044321277
622.031655715 159.246301502
659.697754494 458.834977898
608.192009524 107.796273528
619.161268792 59.2601367997
668.966513516 685.572832457
658.932588277 115.441923289
692.766913757 669.645410752
636.47173128 99.9315247062
657.235978588 165.516690454
673.634514906 379.509638814
632.389100894 258.536614822
367.496955696 316.611276613
588.484332593 74.9258195145
594.244217491 164.169208815
611.789205072 165.536639264
683.8435656 326.354914948
648.253773434 593.47549919
635.121326857 466.723398915
659.144057406 702.932268565
606.760366676 194.948344316
649.242694076 503.656246474
654.845147411 61.1117551089
596.972163965 75.6342306953
699.218747329 458.110203069
708.25019629 686.414396443
697.989678368 423.563464583
622.027582049 282.828387058
669.601650411 86.7949195791
697.597660417 594.35800168
673.286457619 635.684181466
688.978994528 712.702267902
660.73530661 550.80474622
689.155832539 386.059653966
615.171319688 71.6945075131
605.440064676 84.4115586022
626.239458882 336.324834708
639.630217184 72.6161419444
656.560031925 410.792840837
578.601227003 347.843635492
673.520578647 699.158489558
626.395234748 111.207318215
682.643906511 66.3790021027
557.643435068 110.416380493
667.071508126 44.0407399374
682.081304928 93.0994498271
664.922075746 72.7249188344
624.763254864 219.916364808
653.780697047 223.35582911
699.109960621 700.786403147
544.468630333 83.2333058756
640.338230164 274.365583591
675.436855727 680.813253082
653.216406198 283.256667786
668.019728964 521.118860595
668.893322827 340.234244894
642.721307923 237.438632124
688.066086197 481.087104316
121.561902404 266.402071053
684.153472412 549.643048646
562.302833207 79.5569384402
677.732520358 113.53515559
652.025476919 646.158955729
662.293767491 484.99405567
649.572238083 128.94558002
