348.837547324 674.665860319
414.769112371 516.164378522
558.201707581 789.050344905
375.478457719 471.027228003
585.699227065 783.501885168
100.673499541 646.32819994
94.0688872222 708.835435118
270.468090855 682.045480854
575.870017319 778.03199491
425.630611064 228.347223668
108.620233574 676.244364733
547.512252055 749.843675051
437.575075691 156.354450033
413.37719145 477.723169102
430.091359342 619.863397939
422.870150477 416.811547009
397.418816724 454.254922051
541.076977654 731.999806838
608.585492243 781.113848795
417.775721558 619.386636613
469.394581944 431.650693109
413.071518854 435.760858727
132.904666403 700.263239338
454.696843674 121.279669554
229.287614196 680.609684238
417.906771435 182.582528598
506.704230673 149.694327118
392.191355586 634.644009511
567.451923389 732.271210792
107.116641738 699.163589397
99.9234403011 660.956857809
432.036835707 208.797084884
215.368086425 647.894200443
417.944165216 254.454640447
413.221082001 672.890549153
124.239637001 684.596172682
479.023733541 196.515866893
81.9485181293 685.732904124
154.244523024 700.274046942
524.781050498 141.375787713
421.434528793 653.951427558
498.628679494 729.706514737
245.723111012 650.073367005
518.216122775 253.787328737
443.749829573 439.676431269
429.614602693 135.712192355
434.054409447 295.940024463
566.10577486 711.479361519
193.716324581 663.714530545
310.681956012 684.700328832
503.505342243 710.400303843
120.702025001 691.258416922
455.744713343 677.080553134
464.419800935 144.487530688
423.454586911 640.456018002
331.157579203 679.905249318
451.043529058 247.222487765
169.678331435 682.141091576
457.902246909 197.642513785
399.164715387 499.688067417
377.746065482 647.062802512
120.219244118 652.891091198
536.267887534 257.089511374
585.916016325 763.917480165
387.740907981 605.826642978
396.649662416 650.025742201
535.132410927 771.972844377
541.972486068 712.792309316
383.665765029 612.776512328
454.759804063 648.971160918
477.751808601 676.913380971
441.101852391 319.499536132
291.005731317 653.195563867
444.478709244 174.162097264
406.865452756 286.869781542
368.339015583 622.228655497
509.578724757 757.00993571
440.714191923 461.507350191
236.127834373 704.828052713
536.288031417 754.205856893
433.490352494 654.482417888
97.7028450204 673.624276738
394.827997177 427.312179723
139.346474658 663.206383284
457.792206497 282.544056541
573.980347639 749.811589221
402.983446873 609.530991336
412.226440913 629.299696132
426.53619107 275.884319321
154.357367646 647.546748347
250.325131451 664.591061856
295.209624403 673.318942083
206.783267631 685.470493667
444.430389066 501.996230901
539.24709317 781.075276183
322.814570656 650.163778481
563.790449211 764.393981776
466.60381507 654.099979051
126.022938132 341.677102472
475.549256155 165.336556104
