455.827435185 585.04896174
356.318238801 694.073736235
418.027914447 590.890892933
445.09002127 550.649639689
334.724657555 723.728634254
402.549829066 357.618870449
437.392684022 321.061203747
415.703897838 315.854957413
481.891177666 558.905935998
360.548589931 761.674798704
402.066224008 684.558691549
308.299632833 687.214954597
409.115722798 669.067441641
376.127784296 704.83012429
520.02338242 603.202621858
339.520670377 773.115399117
384.952456539 731.973325536
445.355644042 680.766074196
246.159736393 717.106183143
326.656787643 665.191527964
320.185591724 714.971714892
450.657992744 657.649457413
541.164536035 617.406862521
498.904222736 623.844930823
256.622904683 757.738024593
313.002231504 748.696593098
407.201844397 186.096074903
424.687690616 143.129397684
560.04307885 593.191990331
298.32448113 713.068675934
519.175616006 626.427325685
390.960782205 509.880731265
349.024987954 647.736783627
260.830418922 699.758773072
427.861316945 642.745558504
321.638652394 649.325131652
344.422183037 690.146316475
514.078889124 645.947579089
377.981005516 522.871505012
314.672911681 727.893726636
382.699947647 328.039903537
343.192679364 663.041528574
545.312845312 636.28956503
205.110322058 763.003782213
379.371575312 630.575960261
426.585804171 350.970449388
446.768583809 169.422389903
485.92528214 142.725496776
358.364604742 704.427647217
385.342157755 302.231319374
278.319225015 719.931860253
317.358798743 767.468382324
380.167114513 594.277415943
474.738480949 542.158050387
576.392789385 635.352339582
318.167500194 697.537952494
367.180633684 736.154024456
381.143390238 656.570261663
570.776434642 609.497430533
341.489186811 682.482310416
413.266584079 162.054659191
391.720854738 668.831567802
408.522026458 288.865651879
246.231361637 736.068280333
420.668377114 568.26048877
289.462181187 736.364584047
595.633892501 600.248798042
219.311620063 741.620037708
411.333421531 644.238514501
434.852831453 618.556093012
459.628307894 525.328619299
290.073457557 763.578279591
424.120338377 98.9856102374
338.643908679 736.192130689
420.90486489 535.144612708
337.174689431 750.270227709
310.128682276 670.687858271
414.793219925 125.450609135
394.339709261 257.283141061
417.699102919 336.094145066
427.39585015 179.466189598
402.090254267 692.888151548
408.665185558 100.710756457
393.63708286 202.066105703
466.070124673 623.072544241
389.124708946 553.399790021
231.471865092 772.322061452
336.883181831 701.67150474
364.298649726 718.247476346
408.660783752 140.005835533
600.635076722 618.900115692
293.690862204 674.377314515
443.395838276 111.169406878
385.432483354 681.607427329
334.295670379 667.60961327
452.667670321 130.148208839
302.097421996 748.921769274
426.988681152 226.376545513
424.15852565 112.994683007
213.813716072 720.06195582
