146.389864448 185.304326165
557.406721732 233.590019671
529.855624417 26.9409112765
81.5829718523 172.003856531
624.23080935 329.720451287
531.976492965 194.774173798
545.337253414 43.3440441063
699.014015049 165.582551984
120.113580165 148.46706086
682.129787688 394.878188506
609.234610236 113.731725437
82.1225167013 193.064132046
705.252985632 222.273113832
103.285682647 192.814146572
529.151356937 59.8735344409
684.182676084 257.923205773
85.1129580069 212.114554012
625.328952658 228.623773143
552.014355479 181.10978094
580.692384783 257.938753752
125.911848538 199.189468188
651.140445719 429.872191318
645.410676856 676.033346673
461.251646749 72.4109612186
694.226017713 141.088280926
167.799782975 202.20120233
568.589379911 97.3376239522
601.077405083 187.909310359
519.13078845 71.2542171858
531.341124591 221.401318273
569.57361053 122.94525791
502.662244075 178.548814032
403.94335271 101.737212109
643.754292707 393.853444854
717.886660357 161.655636561
623.927539757 680.19817951
551.105340157 54.7764978159
613.916531176 659.287545167
582.858138262 96.3944691808
563.266235524 156.839820406
657.291602112 636.408080247
538.842704562 245.051540683
624.930022746 150.667114033
97.7095852161 177.341916098
662.043025823 382.991477916
582.586485251 164.91950359
598.496917166 163.596124208
563.241300585 76.7418889175
542.263269883 74.6612399383
175.727509766 187.113772196
675.28493047 347.974779558
535.124433495 136.922805656
653.154039768 659.542130631
685.669172483 285.256441169
629.328382547 604.837485155
582.763309779 29.0812513809
596.938824285 93.069445846
704.232392463 188.096465776
523.934246797 45.7550534358
572.427636515 179.741278574
675.886042923 195.585797708
179.933089744 168.048549285
649.956446974 354.395339824
507.908544639 86.4868595486
104.227308972 135.145882899
69.3595541786 164.801605895
88.8453310411 157.663931481
664.801146689 676.971806471
612.711446498 300.415579415
436.47436308 87.9450691046
148.902346357 171.799740634
584.033945644 140.533205791
572.670881274 44.4940201072
419.258499188 71.6970398391
158.196304116 154.656925095
719.97010499 188.376956377
645.02953266 293.181090654
663.967648763 263.783129777
645.905006288 607.490365821
566.564677825 206.887942131
510.823672864 223.560781347
532.115147056 257.033994384
627.35202698 643.828563722
566.998349405 61.4073212392
662.827065552 413.793294398
604.501719877 586.003848554
586.726434759 51.9104758509
636.641282685 699.134067667
646.80089087 165.184257213
667.818083506 294.881751833
657.130941197 281.926746874
635.398778003 259.3927751
97.4706422873 212.430789542
118.598521744 177.685848121
597.857943368 134.926085237
650.806105605 699.456427896
507.929462202 55.3510089932
573.918543442 148.151114879
588.064723258 117.688038047
549.893177815 114.729993709
