549.162099047 140.787355332
486.88835927 91.6289866605
639.921696795 171.454022547
609.337915246 224.744855757
161.021375471 200.404483508
134.382566526 167.994718947
545.97437537 201.631717226
460.663154439 156.758927999
553.747426414 258.475083378
126.12093374 154.882171177
637.795505074 203.729999157
635.287761475 305.507941055
105.317014306 167.29246023
604.819057702 187.065386016
512.773125788 227.563846057
286.863662856 172.181017204
610.635224126 252.859308647
199.867368678 181.582096487
169.622976088 175.324802373
531.918200869 187.734712791
474.31623249 123.761497308
618.196986295 239.626486787
227.727946335 159.614381342
483.584686548 127.05319005
473.924768938 157.515127873
486.880398318 176.456341423
98.9939724483 150.954247517
516.627828925 180.732124198
460.743053668 96.724156941
558.369369292 246.943364355
313.46775248 187.441092024
125.613157204 190.034422797
493.500006996 168.051052104
454.518287218 146.233011232
500.29100748 136.527934441
543.301256574 166.348766036
497.34703574 180.725551617
266.151236592 167.920782435
594.537203557 170.855347565
567.305503072 204.284670611
250.508641233 172.749319702
184.675113237 168.184317247
632.75915118 225.810976095
491.640605728 158.142146492
337.875472384 238.703425988
136.223172318 212.469822684
300.940791378 206.61315398
235.075093093 177.405173069
520.816404111 242.599441437
511.58453645 164.389735559
559.060889367 198.449548769
324.949406263 220.396244803
581.648053813 250.825558513
594.896170073 270.790959118
178.780310593 199.350901331
285.386954762 212.690015173
499.405853773 125.197979365
554.636295558 187.285801304
601.196623274 204.786772598
601.665685361 290.720172013
540.666744746 230.54224718
615.428790813 294.270590621
444.0990435 114.63848781
150.824213345 158.461524964
245.313700334 199.445152616
573.831029542 210.735106095
616.752622767 274.600318429
207.327406949 168.429024263
254.85699392 214.139342576
613.877898216 182.974967783
624.591558809 156.535814836
537.071295764 249.110249687
610.371299887 172.362988576
611.46988925 200.674103394
630.308523403 264.5308713
154.038494861 182.581713115
569.13559155 172.733252327
505.003653932 147.908146663
497.900524437 113.864408525
526.321481238 211.535860491
584.349865724 154.347287344
464.153954398 112.109938401
504.082697074 691.907570795
273.200162996 193.692253766
265.952840009 213.251314062
567.073294564 231.827775659
472.602441512 109.30183261
519.260137794 681.679096096
520.739657137 272.98985413
626.109639486 188.375990496
337.923461258 210.574253415
603.849938882 216.76505841
100.8448448 198.678893307
500.741605726 205.199362772
457.447219189 136.48724244
495.34442623 222.906123007
519.423136412 141.03077422
94.1081240015 179.320983003
579.22404057 235.567644273
356.077098382 234.170135158
