468.903365975 292.721287767
377.015458247 403.308865706
510.731615042 258.40321158
466.766778161 455.356914407
141.872664678 414.903077888
111.031613981 377.172729077
571.126334838 192.58358095
461.029500511 365.652025082
481.049875994 406.003568682
109.820711608 328.945990906
532.181889149 425.627413885
453.226705345 544.973709388
100.398340316 358.936289572
543.570316017 360.701493476
498.749314636 378.734079604
302.588732326 321.861361878
444.530581526 492.721412125
155.684092772 361.992595263
147.034125836 307.842496792
560.594918433 159.555374829
443.866329367 355.348763501
494.467721798 461.569056547
216.907198364 355.019395159
502.835980435 336.18265671
488.041594359 362.308986837
557.278607444 282.45834829
98.7714960514 337.604377833
551.412693933 194.74613012
356.670057086 407.248734325
495.454143832 396.876467473
344.927807855 310.053254746
110.991390167 390.980054263
542.314419502 171.164482566
360.139342002 444.723072869
521.391329392 317.657500972
576.217408111 102.624607913
555.497196817 219.422719249
288.21979445 371.500125603
529.625633422 291.320826388
515.136171526 392.509977525
246.465516176 416.47212245
154.367473425 325.95321975
521.523217981 441.037727068
542.933033791 116.522544828
377.938144929 345.308465078
117.858108884 424.295644128
330.39488799 336.355276585
214.980945867 402.942914246
511.874346459 360.432169552
560.638561656 134.789476742
584.685003259 125.416435636
363.328223938 321.433006029
431.340132098 466.500474465
411.576417237 497.806807055
133.367071689 385.733792536
320.648660746 355.087519784
467.711610929 308.827459687
597.498915353 97.9705267701
530.129078321 388.79705192
408.365402529 527.261086735
574.215240071 233.119195602
437.005976913 532.689440518
332.011937691 409.851819457
127.763875206 336.453931636
243.71057922 440.740909195
504.958102862 403.590232963
445.183075397 506.997398483
190.972855208 319.422891194
272.262599598 451.524332464
552.250258991 383.331063909
501.16638262 232.420335393
581.404574038 322.953981097
506.668276779 277.166084308
533.468392893 398.059614854
485.689431548 492.633747525
126.766824389 354.390627492
510.555184783 296.349013576
561.280514999 98.7918072528
438.70051477 329.215885122
594.728649684 162.212175853
481.000809474 273.984437265
424.486030074 361.439898755
504.072752719 695.283570223
284.61753059 407.337570554
279.769674411 427.89672305
532.922713873 357.275990281
395.354171558 382.723749376
520.543579798 685.496257327
462.075096917 401.357504197
549.938106923 406.388178847
389.34058546 302.939709805
515.180986399 417.786552643
99.1158775627 399.827163963
579.096570099 299.815628522
398.185256828 416.665896167
481.148313334 372.296193501
494.990657954 309.362624489
93.2018443249 366.037551754
503.400616028 422.933025517
414.104532126 314.916001934
