653.837807172 312.430859477
692.86527223 421.805247767
668.83643356 327.679778605
684.176639338 319.952619981
723.01920241 452.387063738
634.409207974 340.826231624
718.393460188 416.608673743
213.026955339 291.331938807
617.616234539 284.62552434
653.733346627 367.141939006
744.865031385 447.085171258
656.776354666 379.337503036
239.223073204 300.858369011
649.396791773 233.756525946
768.478917942 86.7971115669
701.304619069 674.81685306
711.736279124 358.105310271
660.455378457 401.206024468
741.052395439 419.993458204
682.546433982 370.718169099
692.858142116 356.549094787
664.450240213 356.763480298
671.848448222 384.028763362
759.826738484 152.901428256
675.874108934 341.508498582
618.662481205 256.210514077
673.914404995 179.337997751
776.614779371 142.040355161
744.602152518 683.547164512
678.895603518 190.879475208
764.57366636 124.652483296
619.345855767 361.142846072
177.505463357 242.085352849
606.365263228 332.210049188
627.416883997 314.856729139
682.478664907 381.19411859
685.663381544 298.65865344
708.949117012 489.20932733
749.008352222 111.353150092
634.355429632 248.541615978
708.509759672 707.046403669
712.634292099 171.609127368
753.648293604 705.256140274
659.123564746 224.147773845
692.080991403 375.274348827
722.223948366 605.966805527
766.163640237 98.6919125253
779.69507144 102.300138755
744.835044282 93.5423858885
684.254328817 275.569760786
693.148583548 253.850764293
699.800291714 415.118175174
713.905723854 660.279990931
230.050326591 316.385711486
181.904779474 269.281790785
694.251290934 191.156598323
717.051953541 464.486794615
671.547054607 201.249861584
724.618922461 95.1216996645
729.639402364 528.359364716
724.695956844 699.504785393
631.892908113 376.3742297
772.926574439 116.350867274
643.4367807 201.868552005
747.561655064 553.132378302
623.82810761 394.285557747
729.650720121 719.525826042
684.212802406 428.918825156
693.360658919 514.773246401
634.791342149 257.53810088
644.291110182 241.662777869
654.311290148 268.76299921
647.813123071 291.619222724
670.859210063 256.799552641
669.465378983 227.091210518
725.870737573 637.805521079
631.494305502 273.548176704
642.48045793 215.964065091
140.823351407 261.2109211
686.979043975 164.642903806
720.475327281 121.794526901
729.774147667 137.109881992
635.534447996 356.90845103
704.897652957 383.771947449
734.101338192 465.498417112
156.141576577 271.795133513
696.453456561 227.305647175
647.309750211 332.629311592
671.746906771 392.544476276
664.274373245 535.673105352
641.20654552 392.189957425
681.099674824 209.913010572
696.200591387 638.729309476
606.988249271 310.352973454
744.804169801 665.462440499
159.07477161 241.719534496
702.637321599 144.180374746
722.090915939 678.632257758
736.874173335 644.354540403
725.076660226 384.828566775
