657.772781109 662.278712711
503.846583621 603.873097365
694.698483941 722.133052243
544.281628305 210.28098039
151.02437938 580.535397336
116.037772403 625.270470071
129.235621294 610.708445372
664.732454164 639.557541271
511.720966646 673.365850963
498.651056461 636.20482535
533.2802412 698.717971112
647.549571011 679.203427253
351.808761333 617.72595837
560.234259853 707.283836472
169.096726062 573.057780762
144.820217517 617.11345912
678.016351386 670.530195651
433.223021479 603.787311109
608.897618427 601.907350627
518.626374583 569.034634165
548.962421795 613.369233969
720.639220899 710.945798582
562.208822262 117.457341216
618.884639503 639.600948744
706.939316146 696.03894357
130.900436581 638.847595527
704.137975263 661.632363391
488.122566733 605.553784222
731.653125394 658.368913229
433.889648969 498.822894695
565.656504344 623.67027182
621.505951156 680.166768315
535.321140969 617.05853137
611.4562305 672.28619115
751.737743481 707.564776998
603.717063482 641.492248754
643.612288685 654.840434473
525.023696922 366.011941339
583.066218976 598.800996908
737.770345515 684.519203129
566.191873842 309.147331811
619.221024938 574.624499488
428.611279641 578.372825464
393.297534668 633.181781408
692.7633385 672.668020395
583.507671297 701.482795075
590.79256273 627.175277523
720.041242321 679.521507874
618.132042981 701.41675782
744.683916298 714.366353839
549.019972081 350.615375041
455.615653758 485.82542865
558.042180188 385.824312032
146.633714466 597.790577377
527.314896336 200.84553731
383.692566593 591.848836969
591.021608135 652.170897328
538.229319465 591.642252647
592.232777922 676.478726349
533.889852308 574.029295698
707.988877268 707.420649725
471.826479634 658.365220615
732.901935956 667.328589624
595.452909007 335.633110461
694.590966039 685.955025229
153.583854317 632.144930394
520.409260901 614.390280782
586.320207014 368.617461173
524.754616118 630.775734118
589.041414563 579.924419249
558.471526102 668.880359302
392.557718686 607.860120815
561.670362265 573.987000658
521.702360864 645.753745601
537.982718672 331.28886667
566.331755941 135.761295668
108.451731942 604.790053239
715.638238089 655.497494784
585.176194875 549.64952843
470.122641219 624.996357648
580.855594824 568.492809031
665.29191699 693.059638452
574.362719561 354.842171664
333.111326169 610.767061188
123.749665603 593.500888272
732.408440535 702.917743556
568.859361287 641.820556142
494.818146644 577.143759612
553.47528421 650.499209589
440.802023192 471.289451269
725.710180696 721.660721945
563.046704705 327.165581413
536.421602919 673.555052772
571.580115475 698.732718346
173.912333977 618.388510291
363.617128707 629.341383583
655.012173015 620.927777212
569.526396462 686.785929915
172.66622604 591.088441625
138.868888122 583.106872152
