353.451670283 229.178650391
333.268971949 358.079060826
381.022334694 233.044579355
411.882075185 158.626329063
372.658465999 357.533420189
295.242738238 237.83329389
370.544961647 326.857747139
137.544253664 168.538327023
274.401197882 174.964041492
319.019849028 255.370079635
390.71530945 359.531199642
302.4051477 283.831750388
154.846352093 169.527694826
322.228151299 116.115043029
402.444622908 87.6736528717
325.677591305 643.537074117
446.48515927 156.688580044
295.830925753 345.906745861
387.407177866 335.999128938
394.591528915 244.242290799
412.422391152 206.659496538
343.942426512 254.898471126
332.582886095 278.576648942
393.637827781 129.066119027
389.398487002 218.228463512
280.720635293 134.071730093
331.965779993 96.0679740354
429.441379861 115.666312145
374.885843298 622.03728461
350.545505487 121.086559177
395.499841476 112.462061135
255.610031703 281.294332139
124.86605819 157.579663885
251.268388199 238.732555545
298.774244707 221.64570749
360.941621615 271.244294864
438.034967546 124.39980558
359.337474163 406.804191822
378.612776189 98.479104507
305.895970921 138.349267054
330.830111849 678.658807467
372.994246075 121.691892282
379.652872687 647.121560291
332.40764757 142.613093201
418.938794311 177.857106608
355.514602619 547.603515623
396.609151355 98.8606364301
413.173904175 87.4118062355
376.211646831 77.0361233732
395.271139504 148.318908561
404.838212809 125.255734304
344.875943191 345.077713429
343.482591219 600.588398301
143.525789041 191.840180678
118.182552344 183.319992255
368.011475914 154.668720022
359.569629642 382.742390767
342.975320762 135.300092414
356.939405385 68.9314974295
551.417504764 499.875665493
349.541673187 654.433362959
272.284712431 293.199964165
424.662653963 92.0917898579
316.561873007 79.5370311763
661.530276058 528.312142847
261.552561782 319.444474852
353.387975688 674.561070861
320.537123649 384.569283209
537.350399748 480.721341024
302.40730203 160.019710519
318.810765647 175.870719254
341.393585512 179.355147419
352.314723995 202.903299212
371.729121976 201.717998244
347.868795968 147.527402416
355.616020951 576.629129106
299.745404275 201.113901897
313.846801117 101.062150585
103.475964333 179.632392701
343.543020535 108.990306596
354.969250959 88.199236425
365.54001207 108.292632374
282.000589042 262.208991343
411.215794008 236.419568054
376.135282688 388.730532871
102.159836649 199.198557572
381.580481111 138.45213567
328.570982489 227.48930555
318.294583736 316.997071577
525.665952487 498.291959467
277.185684716 316.016715728
360.91167783 179.093119205
328.459672343 573.048692875
259.155505048 211.073012452
375.903884069 599.412798727
107.661644987 166.261512737
346.146525507 99.2085945362
347.970665944 629.693547747
371.522860371 571.569136484
436.981209724 199.038919228
