592.785274459 125.768327881
478.947732519 523.445604997
172.917699327 116.68873211
482.492293255 700.032158146
542.763944799 112.287202501
547.405243755 325.751048321
287.567777426 359.36620408
625.730003628 130.537775152
519.491771162 45.0785743695
497.6640102 374.810421013
520.873746144 140.071780013
562.768962947 95.2438438987
561.793592905 207.095922151
141.937910529 52.8349312556
120.895117882 69.8576498932
455.820683309 684.997551085
150.895768117 81.5786825644
518.249638581 29.0427559647
490.067266101 620.335908006
499.179195725 91.9221079083
132.329087648 101.950690267
559.760758424 51.5490065025
155.716675587 67.9572344773
308.121624601 389.58701221
538.359594048 79.6964422195
581.564195483 209.340680678
91.7149637204 66.7457844607
588.878778307 100.713048037
479.675062199 50.2776634154
411.849691339 549.372518246
309.472589826 343.507743797
589.795344657 150.780006054
550.345645233 346.967747579
541.310712369 133.994780726
470.023655506 677.233358757
494.673617203 700.284582378
478.179633229 383.864761952
614.171897588 149.800396914
565.403820296 136.387209082
525.12367464 66.8379566436
417.485954057 528.543548229
506.048911653 75.0976465365
519.563622335 117.511326784
530.285208756 101.708368621
551.440508948 110.44591825
595.739817515 168.078963438
439.83916194 626.459792155
465.755398836 693.599309094
609.812918097 211.551933484
493.275466957 346.971957217
543.367930115 100.842250374
455.445944717 645.999157262
437.073617744 671.166583231
117.822953868 89.6234903491
387.529433236 168.099547264
614.267153201 106.965994481
521.851193813 325.134574807
498.061357995 654.59903894
467.304323199 81.8029889535
560.051125337 165.287264655
597.293931463 232.779050105
630.335230607 157.302624443
525.924794098 355.315228695
494.568346538 61.2032429194
330.551426774 356.769375391
570.3668109 236.187087012
286.610095037 381.796352011
504.119217741 352.027632155
468.337997879 548.661936555
494.784051703 34.1839752441
496.252162605 51.7031490573
95.5233737941 104.447904745
454.212293578 102.715619266
498.251948327 684.271142667
437.217794913 532.712791105
481.394708111 86.0878427511
471.556800555 585.127031095
312.809873148 365.42465974
548.416990579 85.9260319653
577.89786714 75.5787092421
584.723475346 89.6230545811
469.869922262 111.505719312
445.322968147 568.005444667
332.882753247 378.880726536
555.215379607 121.022771872
161.75242043 93.1796435852
571.296704591 103.834837103
424.643746183 647.717756579
107.480355818 53.0163158706
605.233824843 183.24300322
484.487428251 115.836263541
478.801710708 666.576721494
572.874320392 186.474482777
541.293316576 67.9867909571
523.831127212 425.987857571
564.379588032 65.4994739326
507.095662968 104.629722904
629.002631635 182.299328593
79.7632302933 91.54998141
447.242435781 606.846421432
