128.832859494 410.320757096
110.23476515 527.778928312
153.996321485 409.023708985
134.533101906 228.820124509
147.911930782 527.833942534
89.9913032605 418.868404719
148.207704961 497.717794835
63.9631013678 440.847505833
23.7403692469 241.661819406
110.038909988 435.317222602
169.57743389 536.293497836
120.562925418 476.409876398
79.1934157437 439.757123144
37.7636648264 161.866012706
114.445821274 101.070828583
45.6107767254 684.635668137
166.003660413 207.702504299
93.6765415613 529.902255853
170.505868436 514.540709482
179.838721502 435.963827904
183.969987801 372.724664493
130.793007399 443.310332352
131.693645811 473.833136537
109.5833118 176.534011246
164.389988596 397.864781854
9.18010534747 161.782731435
45.491424917 110.23727251
145.380155408 143.034885164
91.2807429474 651.222863408
67.8395813965 178.075550031
110.549957392 155.699750564
92.4924921075 480.105064661
67.9447013552 428.732963937
99.2157947608 445.395890002
83.0479739283 381.838930573
149.535580208 463.440378639
156.57918875 160.753282562
135.575177906 578.207839836
91.0968285268 125.859201252
24.8260838274 189.704348419
53.2951582161 707.855890928
88.6613638139 170.531104016
95.5303511474 672.671048153
55.6136546199 221.122860338
140.175422287 245.536939926
77.4772284657 591.070029145
110.715579837 137.630969272
125.413139229 115.77680302
89.8739069807 105.572741241
119.024468746 214.953945853
126.123593339 183.477771557
129.438925555 525.179625154
60.8503419778 629.500589984
102.989311074 473.985633098
87.1096508469 469.607654534
95.4867341301 247.20085847
135.569418031 554.742812409
63.2327200343 201.647371928
71.1759083692 91.4633997431
574.429813399 537.791123269
67.4434372528 685.958658114
113.680109106 485.535601801
137.776937332 114.704973968
29.471646651 100.151566051
669.012633433 535.336345879
83.3757782247 512.084215369
74.6563304674 703.711268222
101.292384092 560.750113325
560.637659886 519.249891036
22.9163817808 224.222299666
43.6248922529 251.580897085
66.8177780611 261.680949163
123.601387334 375.353917783
145.460514673 377.446502303
73.2912702182 225.940843098
75.0307339761 620.05869356
82.0277364264 311.883452528
28.0733013914 134.238716105
60.8977182459 462.436428826
56.9244438385 148.873564313
66.2630609285 107.140476403
79.1127176171 146.883629825
110.445442559 454.108951956
186.555605521 414.274408051
159.362473983 568.969633101
72.4186911476 484.11118656
102.609883002 204.144053793
100.520042023 398.009032102
120.259702452 507.198019425
550.512516917 541.348707899
101.548688288 512.865695131
90.8889455859 274.337855179
50.6272409851 603.800129548
65.6035405445 397.129830649
93.8306702755 633.451407515
46.967336841 442.38876621
58.2611915757 128.805250731
64.955769538 660.294149158
93.0987194654 610.47642314
161.489020127 240.563090831
