210.002207321 694.043839356
185.193322875 594.830779345
260.653851291 355.160849865
166.554007247 600.835086132
326.131753785 443.826049651
164.919065416 631.491388666
656.51694892 493.032435518
312.100585485 511.353355419
385.020830133 343.193648098
255.321449803 493.983707359
192.176260751 663.555868628
292.316591988 478.194762323
271.560902291 546.588054881
250.673652367 291.650438617
291.795282714 443.079073978
291.348940917 272.501996946
218.314143764 639.338856263
325.326730342 420.260516581
232.25268476 601.182080301
214.359797091 654.86326018
213.088399978 142.629112884
238.753446595 263.762334092
676.142422115 464.959975754
201.234828914 223.089423224
256.325433693 320.938108509
252.984405946 458.953137143
231.887715921 121.9929642
222.276572021 665.817614524
351.359701519 393.719393168
653.078535785 469.201858629
193.27944472 623.479624687
222.404300282 630.898276719
237.944855565 165.012726797
236.114044508 536.744594776
242.267341018 706.027727947
225.324312284 707.857042051
174.482921707 101.714970233
212.782756074 705.564193311
668.498632633 523.488650147
412.873505569 330.549419693
218.585146771 467.929943986
433.790795546 193.40958328
296.560477434 251.825518824
261.986997053 632.94734895
241.053972314 200.711996354
253.760706125 430.889105642
262.673187419 254.9777295
255.495115266 652.209988142
291.140194775 329.630628099
331.837364314 474.687307937
199.392783736 99.492110177
674.952803783 494.503946963
372.887107255 432.837567458
202.512877001 196.83382293
238.688542039 625.146110443
352.965312804 442.338465957
186.063155032 171.850846798
260.995848142 592.474966463
234.437126182 232.802957333
203.224281962 583.584389499
201.215599295 520.991397581
204.746635417 644.265656641
254.928163388 659.744919962
415.758557717 199.205107935
291.681889637 413.745660063
227.852454533 683.390427842
221.792031339 102.318103679
251.076107378 669.074782757
259.334402536 615.867717675
245.669581969 695.263690061
324.907159882 391.865461932
214.03698207 158.42274427
548.527767526 321.526121104
231.421107378 504.705587161
224.430003717 568.514275662
226.82834647 649.525982707
281.232932344 235.989793206
396.512424754 314.476548122
683.437393982 513.054151185
210.687628872 119.658947594
255.278929562 682.192226976
186.765634709 649.988370327
214.987769196 599.829016553
313.748191396 297.458443068
194.391649626 125.531262395
350.257894775 416.257871731
302.933219202 373.79145135
213.771788514 672.33203991
279.558491417 288.558325607
262.506746836 227.064621562
241.966511691 343.832188697
207.307068764 684.693591872
316.943476287 472.865392149
254.408900998 578.729623406
281.51538547 474.352050297
238.730043881 377.305591764
279.681735651 100.805385598
259.214744034 644.844410461
193.737647403 564.334075702
180.582469709 133.711822865
