651.236160381 104.759106516
394.592980872 99.5497330434
679.104107943 261.406689016
540.356857116 650.618126887
639.889563347 206.85652678
484.254089398 680.485166458
565.105805201 158.796742826
692.012696628 46.2297358013
657.080467267 86.4179675651
601.5583519 558.517722196
609.581956144 429.994552522
658.018061162 106.641550293
469.529134119 695.73807514
689.706344782 218.821742774
505.0209402 100.965085609
652.321809392 270.166872469
672.141637706 225.556152079
640.455969876 58.4237642989
589.075334793 516.414592478
654.429697138 150.105649697
579.932161157 410.705443548
651.098844498 42.2386320806
682.051767408 195.834020059
537.154411473 128.64659952
638.808359288 121.276492969
507.692987571 699.956915941
364.442099762 82.8435505302
659.871640146 98.4011257854
625.549203787 71.5911152574
140.865290835 83.3714566789
610.939961095 117.582574739
669.401709401 155.327456209
546.873638811 687.258822304
618.372449992 523.974591711
357.161317175 117.763194843
527.12866675 669.207256885
587.167450405 446.068416597
671.080158553 95.9801821142
614.218667914 453.213357248
627.195861573 100.697140813
107.283457085 71.790398943
657.016987523 175.0165946
466.958183171 93.5550528492
657.706312182 205.768324377
655.021092513 184.750125564
675.21791791 132.681069207
127.547685134 94.9194179806
375.462644058 114.989063308
540.117684722 705.537671215
593.666904418 467.881866228
675.752626208 171.968519863
553.64237241 567.266353197
532.472654331 562.445270092
665.385296388 236.938847476
634.845926726 94.2357164268
668.663801642 52.6589344938
688.813429512 242.34376067
586.10179307 585.841445819
603.859262187 85.1969038668
565.775152027 680.226511465
488.534305921 704.186947921
694.504687157 68.6668496297
493.577398769 668.570415206
637.143333012 113.476689622
632.110990265 157.757556689
474.775910616 712.872380659
497.136946862 51.8284230071
588.236427326 624.500730241
574.605680213 487.653728499
621.3752505 47.7229215384
622.140349984 82.7881976429
635.491616926 240.632870756
621.505935883 117.38176084
560.514475623 660.044332899
547.698769676 419.46108944
608.297150853 99.282464447
563.737402172 596.308180591
609.473084218 129.858971136
684.981709479 90.6729796991
654.331754274 65.7272961774
666.913851087 73.4154136118
631.11090322 134.837847413
108.915523592 90.4194705595
369.968600597 61.5127462377
485.881116395 69.1283785346
606.483971324 484.780670226
649.440907801 127.322984753
660.604266419 255.187511431
645.857068607 227.861572083
659.211252078 116.3507136
463.061168608 54.5751735843
546.692251158 627.404160884
497.453001555 684.031089701
648.61478933 78.7219120769
685.793130641 152.361975824
664.136578154 32.7566261527
393.423896443 65.2015848796
681.663369413 108.38219073
124.348489331 53.8013525923
558.088143282 451.750690266
