621.244670362 104.13311013
384.341321173 76.2011695312
655.76007667 242.570378773
512.165547938 660.874596533
615.468757135 189.438763273
454.259713066 680.884664335
556.732661664 148.252058568
665.903835258 60.7861702307
628.824577571 96.4626870911
571.603712586 559.828582211
580.085792601 424.550689132
629.411313081 115.517656181
439.565500847 694.272990456
670.557796795 195.74402913
503.86963353 77.6022460339
627.65727909 253.281089884
651.291356609 203.98968234
611.468775405 66.1259865962
559.400496791 512.037810787
626.657707444 139.798022871
550.230936528 406.557265568
623.063953579 52.9158907087
663.693106483 172.109848816
533.303447012 116.700990119
610.452347441 130.365039635
477.729071299 699.97594463
355.278674934 62.6364067681
631.027181146 106.157815368
596.220259072 77.8782306141
140.717202768 61.8521793922
580.974105451 116.901527259
643.436086641 140.789780484
518.278074312 696.321288852
588.589127368 520.427355221
347.9021891 92.0503027905
498.315681804 677.550076077
557.789959813 440.061663047
642.448141681 104.741201742
584.78854027 447.436563362
597.425342591 104.400009818
106.818240061 49.2527787346
635.847806581 153.846258025
469.284191094 74.5904315995
636.251584416 184.799723279
633.619208521 163.837412634
647.966293653 122.677625572
126.1294158 72.8209600975
368.672886935 90.4195984133
510.320258911 708.883397264
564.09775714 462.81625987
654.841393882 150.535252138
524.142523889 572.651153022
504.169305443 567.421207037
643.04269047 216.938675632
604.879194962 94.995415208
641.685002141 65.6944067387
666.289940693 222.561956182
556.571994327 591.062707038
574.145065846 89.2280586708
537.276368292 689.595675016
458.630124297 701.903148781
669.850465112 85.6768451573
463.712632726 665.780468898
607.544614427 118.331685889
602.943324715 152.397935063
444.788331585 712.156352908
496.672740624 36.5227426701
559.49265264 633.058286474
545.058538413 482.481823845
592.168811775 54.5532611378
592.653300802 87.98579043
609.57018306 225.53084399
591.666261761 120.43946701
532.527038564 670.777576479
518.013968417 415.152043405
578.422627197 101.829195683
534.62481782 603.532141801
580.079209711 135.058958011
658.857886498 105.32495161
626.487266686 76.8110675096
640.9253095 88.2316750897
602.55272301 140.629611328
106.122602521 68.4606233714
357.614775194 41.7287474082
486.633353498 52.8412682043
576.760816223 480.771304241
619.690547509 129.464549883
634.618678707 240.201445184
621.292843705 210.674004207
632.475083318 120.11319868
464.746417786 43.5065145842
518.120762888 636.485744158
467.488353502 683.138494503
620.265180192 88.4670396778
663.573386018 133.72131078
638.900656966 48.827008293
382.168813187 48.0770079726
655.788497286 118.578234969
122.763912753 35.2555298993
528.637543294 446.048490199
