714.127952764 709.338061093
171.024179317 357.008847205
573.887383855 680.726263229
613.702353601 689.299821294
177.059126099 669.783292492
322.970605381 324.662209509
602.457214407 717.093270559
378.131118361 548.818776231
705.660201118 686.152587044
294.33188197 410.027692456
513.756226509 101.55030116
593.427186818 678.057852951
543.300790485 700.757874508
604.113181856 698.984619989
511.252988359 648.342033978
320.35000731 371.926428284
542.558797143 640.437294515
119.758976835 423.062872794
249.317587718 332.721311073
161.582190347 652.322524742
701.199162572 715.488670151
198.059319732 611.840085169
216.737326896 620.826482176
218.879655245 327.612606938
358.888529564 498.314468108
626.767204236 725.029381732
138.324452779 130.233107937
350.190103381 341.587325153
211.634959728 305.734571664
157.001152864 331.984067768
162.009746363 138.435475697
354.577473385 317.21382298
140.481212363 316.333243487
99.3941892126 555.19528297
607.282417331 734.627570653
198.269391142 673.392297133
187.207521511 301.169625494
218.650323253 422.207391567
182.773746395 141.4452533
549.989480861 677.020731095
231.963503654 516.444157688
132.332289573 365.106694813
303.436366857 121.480866167
646.81983891 715.618568536
272.382024661 400.094394744
313.33267066 351.418535342
360.146541729 155.891540673
375.207058535 296.910688134
316.494224172 289.793965423
728.503641308 716.567955697
297.946026154 384.897961637
280.581459699 341.366591925
291.686812636 525.379640326
525.952697201 702.985869967
260.280917143 422.824903992
255.469337207 309.280689988
294.072583798 101.311714304
520.574792636 689.299207504
228.766680554 267.943830448
230.006180597 351.127730004
246.881817259 367.587078086
716.42898645 699.494945926
214.17533397 369.035909773
514.144959948 676.671558703
701.245376305 665.140857053
563.884184308 629.720526661
676.28633415 694.828940698
265.945015517 508.91202854
135.651301469 672.64939384
334.210129127 305.781859251
697.001063314 701.534749408
175.635772622 165.859646784
222.553413817 298.178211968
194.005713071 327.729916026
725.873956436 684.375313174
581.049422805 705.10681595
176.287104894 643.076067432
271.757224977 373.105727674
241.252006718 504.500960976
189.515953047 352.140255037
130.733736975 344.46839109
99.3568210298 690.016832558
114.505969653 542.27218557
340.745916069 283.726819478
128.803051839 469.541129705
199.972294134 654.178900425
528.610493032 662.650887694
228.740500023 540.013792488
512.542385274 699.654554359
246.083140474 396.361717962
103.989906368 451.928817024
96.7955630618 432.16917564
567.824648984 658.462612764
665.352211755 711.144939771
506.832959902 119.99396263
251.538115546 542.769755819
193.661936661 280.466611826
106.452632767 194.32701107
202.424859178 140.531968992
350.111234234 527.04811886
