295.040760699 254.242464964
232.780678978 158.927597215
284.322409206 231.40892077
315.599062634 186.889368454
222.194804352 143.641149479
383.610083102 155.964455333
479.81115912 145.07658527
436.690598279 153.290160924
372.262250862 190.579221057
277.352616448 483.886706607
318.150647161 310.357356063
118.648855137 222.354272346
297.698419275 284.696185121
304.750176228 426.011579356
403.823184537 191.213759011
234.62283327 249.081018084
295.439939314 479.105125695
627.090334379 500.002939028
82.4503871659 129.698386688
138.784172232 205.831244921
202.639129908 117.002666889
618.567676332 476.571410657
415.476428887 198.24666717
306.393399209 207.40973597
97.5557154411 188.684818587
202.347217405 184.284492693
363.771186001 136.10699071
379.078699254 129.735033713
414.964479654 163.501218689
104.991209384 218.345242063
319.610156073 226.970069784
326.423268047 164.440512619
260.384340432 115.379717007
105.351310943 134.086879625
298.915721261 500.804040298
129.957397035 193.419106635
249.837931154 138.716236466
351.857835463 231.464908619
293.833338483 156.227309326
181.994017235 129.295186728
346.025680319 176.353504761
236.904479913 107.105816319
412.63523041 238.177512503
57.0049081788 172.964936155
247.287683386 202.584067212
389.264892927 180.657935449
441.860355809 120.404166866
383.941307696 110.25380405
242.646548529 180.370865063
336.992827624 156.678829194
112.743866567 163.414316645
210.143873702 220.005962945
266.934155594 154.610216125
358.034839572 179.550534383
427.252058351 184.220172156
135.732803266 229.741116931
276.347420874 458.035196252
250.639680789 166.860643712
441.512980079 178.964487111
218.354802015 104.360901466
327.04891514 128.544209912
274.215722016 311.277836773
367.940353438 155.025863599
85.9454085127 165.247279751
260.254784152 216.549134933
98.4591145574 208.935028934
465.009574386 169.537201056
81.9836806286 187.392690755
261.150172709 270.998286139
328.990844091 253.455674756
345.733224692 166.13165292
310.813551301 530.115092823
345.44232085 105.207037453
219.132589001 195.320554506
297.348001777 173.607607241
222.715101481 234.138774963
116.394805984 207.633703695
300.890459293 126.95180364
324.9725689 144.515486193
401.350343636 153.59269156
463.555103756 134.835669841
301.626990229 465.245353723
297.173913006 110.958285364
337.847399783 145.015337793
316.641242244 461.781979137
261.082029532 186.634898134
68.6569512233 207.657652108
219.163492231 127.381990029
233.753077863 224.703409303
280.889888991 138.903026713
397.765438571 173.295705316
116.278662602 196.63477305
398.167191541 128.24151864
266.748975105 292.44176953
198.271598831 100.614144182
324.792252323 115.695975287
183.796650645 154.760099976
415.989661115 133.114763367
346.330184777 126.589865334
68.6563553182 142.115878745
