231.405336087 285.6059163
384.842495639 464.81442633
92.7332037066 698.53648518
251.460412931 475.464551769
59.2710062129 179.154664838
93.7677580438 407.837061541
298.477255529 145.561222816
260.060426862 397.819844147
188.026508189 216.936229187
159.35553713 663.557152811
86.2437090015 303.074566388
150.981465948 113.692217637
72.5437146722 409.734887414
77.3243740285 337.832274928
80.5372518337 437.382452728
175.707330501 514.311653653
129.496468304 641.42661548
32.1827563536 195.989806214
393.720784339 511.602969833
103.838070641 308.789243315
106.272493484 686.738080916
514.990814461 170.972856076
112.040025606 459.566833527
302.843210136 178.554434979
66.370653467 127.380393155
102.611820417 446.021428879
53.4779022028 387.914077506
227.17726546 205.472526986
145.918272954 212.029510164
114.761453785 700.199231465
353.480336421 145.536884119
162.729837107 313.234783619
218.45434447 422.913229734
73.9104806574 279.613924874
172.841564014 490.68985507
253.30027206 497.375258953
146.522663001 699.465543996
230.056437396 332.033069811
192.618018758 310.753395948
141.240133562 90.7845303094
130.646923964 683.969938353
25.5842977897 269.281549698
202.130131995 182.195596655
37.3303562368 143.906063011
18.1116102054 164.9798144
187.861576406 351.549516007
119.614627107 430.622826192
202.848526078 503.162481902
89.1554166803 393.067829737
143.795088691 682.251754446
72.6347321952 152.187899529
183.03654937 472.322874999
143.7298276 525.621688409
113.686168843 620.052137354
43.7627126679 314.485899792
352.67740306 306.658621568
120.920070425 511.143577762
236.666438603 456.910623221
111.539920345 232.337917626
134.383109894 340.845260227
126.68715041 482.03221115
296.825899916 442.079568167
147.521063017 480.718481304
277.309392364 336.282781067
348.535941354 171.185744142
133.991947257 504.670421166
74.4671927493 245.536201492
94.5991750147 526.044548467
384.723461636 497.51653566
45.5608282906 159.165657697
163.546999673 190.878475522
98.7904115814 664.534061362
82.1372427462 203.225630478
212.785845467 488.804546129
249.85679987 439.476297053
48.817126692 281.222459727
360.882354248 490.700926006
312.313148615 162.287644833
122.552029444 117.749304703
188.194662868 140.741830041
145.949041103 147.451802844
183.189816721 387.308836348
336.055594192 471.67186125
37.2814025213 247.243038118
201.041482394 286.465104838
119.504753848 662.346575563
94.5701816267 146.641976135
160.800277155 505.236962101
93.6907879214 353.678464037
205.951390633 390.546354508
69.1898555288 386.921602429
197.194257525 466.180063391
102.969156347 429.582730072
160.199405376 96.5949220806
346.048671898 448.785439812
160.956297903 125.255730977
143.441360022 252.067554123
288.117709179 468.223731221
85.832962853 638.724346992
219.917943345 468.977319904
