442.34186432 335.549542667
332.534062158 687.459248208
382.461444098 431.82402002
384.240306618 355.744011992
362.889116513 738.351875753
336.349102615 663.162815406
401.09441135 436.597548589
418.593992836 577.989149284
439.820886176 277.032578171
451.57923482 646.9974449
533.925361329 101.973918573
352.734912453 387.968284622
437.945060982 600.071743429
378.982975822 392.228102956
378.600693761 454.117599188
439.070075032 621.38110142
342.088693555 404.032571158
380.07383914 662.619036142
346.226751374 642.505764102
346.820632006 707.167975335
414.644130719 367.46139422
393.61606286 715.294020394
423.655358046 698.719088275
386.409605858 554.468384118
424.406147645 545.68517283
448.105578668 360.783920458
435.969587472 100.705544665
380.376419169 638.882208744
376.217065247 518.753750475
313.259713621 678.415537612
438.700050723 120.256230459
382.685358036 616.598416601
353.065893657 573.243844916
385.756332453 687.65225374
449.617462819 565.917224758
417.704197591 723.775564966
363.467405724 474.81509777
403.937428888 696.4598487
458.730576297 100.339820908
423.389989155 559.645535437
447.286738644 677.277573986
312.11937796 699.042621606
502.18605924 127.385196081
408.669222589 330.869280725
419.479892833 657.340424542
404.303037661 619.098345486
494.052877276 154.173651391
416.627401026 536.984074435
392.808784608 536.801586224
465.694341577 320.664832672
449.652641137 632.289011017
401.475710712 606.012463895
482.225574898 668.927689011
449.433723981 613.009971597
428.468830773 669.465566957
399.331438478 472.421047731
500.209088128 99.5633098501
419.772266491 585.383535761
371.932636751 440.518319415
377.660617375 647.902879805
409.298512077 626.159215978
476.480665922 281.90031313
402.081993697 659.895133374
406.285585792 559.655448056
422.318960109 250.9666761
368.672322137 305.690056253
404.540754095 288.172951896
459.705009204 687.223977689
333.939356289 725.206555928
392.693033134 582.534686852
452.811057553 293.144954442
462.813339091 130.281788106
390.265988315 484.582240476
375.393196685 560.55229585
468.14912621 256.46461723
438.7366231 579.71628623
369.298039408 712.913082301
415.118228066 636.146518576
457.454705015 659.513063266
361.367681103 671.247385671
296.829434713 683.936440734
313.316364978 714.974225362
430.681953669 682.022712314
411.631497211 512.51325828
414.45257839 675.822158144
392.170095176 731.268924249
409.830465967 475.681185534
445.89519238 712.291431939
415.61577358 597.909284021
426.728801786 641.882861525
386.958547252 671.998290439
357.695823021 682.62248599
357.214106773 415.657272951
429.018267147 310.861526602
536.22584801 121.584917482
465.875713424 695.99309674
359.536925194 442.204817541
450.788800589 140.556324891
483.241067712 112.001192126
411.076386874 572.498622923
