245.186018436 338.938493615
375.527094044 488.659442546
111.910978854 478.514253114
188.091616584 369.986274712
58.6827979753 639.851415421
182.821269166 338.718191139
104.788205297 158.315359853
667.894099159 546.705629552
309.313495068 286.576573255
331.371801552 521.974485282
520.806782743 546.327951945
284.054106944 410.186370456
215.814358771 303.440658559
334.689064733 489.480187839
103.003518957 100.344382016
68.4413283747 678.069752743
356.848285614 527.240278992
491.714438207 502.235892662
59.6343334479 492.085876269
90.3990525512 458.575180831
288.507653202 444.396739009
456.210295764 478.319300161
71.9176147952 111.947974747
90.4101945862 115.501077778
179.341722258 239.827564819
198.296662112 347.909466193
160.102468488 347.642414828
245.972881357 298.416768186
137.802912567 97.5507001713
185.84194031 218.457075417
102.304215135 118.878800107
684.664058506 570.212211694
114.898829 403.697418921
71.4051074145 478.521590062
204.065517039 281.726255494
90.6615258771 421.957880834
401.572829106 527.665097793
112.096649659 190.068922323
204.920175133 429.967168166
220.876701704 367.582197204
173.276482391 358.783918097
220.379224789 330.280728461
118.611194868 136.48692055
223.307852658 480.576106781
125.201846387 458.81236852
658.355608529 574.757214655
256.510456931 235.696126429
81.0352045846 148.7800078
482.532053556 646.492314738
183.884227186 394.403205608
186.621628236 268.164612456
59.3886076524 623.716574727
149.836583868 401.278651948
202.336657285 468.552445018
147.27225143 147.557369582
312.216209637 431.525477157
446.09362373 556.962346251
83.2840176902 501.093554874
127.558066413 110.858038196
87.645159119 612.918848017
228.337931375 284.465492602
421.426116512 483.679062303
236.545608688 309.110107619
156.580347718 251.980797206
95.1235613279 528.912525619
207.382912193 344.776290414
165.868110311 119.962768687
79.6129646947 561.673565735
172.294383728 427.548771593
445.272681598 452.303243944
262.333825972 303.92032479
51.0099120843 664.301325703
224.23813798 222.834681695
77.8736690766 596.207829162
214.548691746 406.281280959
240.991258174 398.072557818
61.6053542283 526.307882115
151.833213412 288.11096612
594.714558615 531.036382805
636.682677864 536.165411508
645.909414873 566.175405189
487.690924527 562.28067953
218.402920282 261.31029424
151.420380046 328.535864799
238.584008031 333.821828345
136.047956747 418.508087414
177.944270475 287.725642746
78.1494005319 659.865257242
98.0589887223 582.164250846
171.376270647 313.354012135
136.336539205 117.753790063
115.319453203 441.737424981
253.665954798 282.124919973
480.766731698 542.205800616
445.87403527 522.181073384
619.565142572 515.19693009
197.152895918 316.179981693
613.716681749 555.495849335
241.759472335 255.770017983
230.829929416 446.728966729
