768.2900064 627.540512549
260.857632224 319.405709706
458.944437348 612.264015421
536.376088649 439.001755658
388.531990294 406.804420097
667.824837569 181.712719311
517.20944963 469.670915102
445.743993731 500.935513677
622.61890655 501.246129953
605.707648871 309.023863354
508.956400184 32.1484316781
480.784132079 443.533308305
185.186288436 716.993252052
516.56809394 449.072313154
148.401608847 595.004215268
753.092022386 248.9129096
207.131438214 593.067861341
154.361146357 422.592732762
495.808099817 212.518396456
364.824618666 399.591322709
735.125029544 596.714768909
387.115074776 347.939485996
421.172725986 364.94502176
331.605232434 221.192333932
761.4102775 377.127477796
523.078602064 576.641330296
33.2792438687 90.5628887253
763.208367751 187.29851095
427.347195551 170.028498547
246.216746643 302.453829326
79.0778484159 99.9766945618
695.98355589 131.257650062
38.4289248814 317.67750202
109.663248269 556.132497704
515.326371775 607.853473214
409.634649105 425.820210559
80.8586966933 258.25054418
253.04777145 403.37416363
160.178979032 146.13571703
204.627921496 628.266171656
482.945675339 386.025938325
111.966710874 368.030754879
323.644794868 103.147842409
535.803594897 616.815195118
599.309996838 283.555431656
756.011736361 227.794485046
418.831951208 40.6294868848
721.877599613 127.819830644
627.148109461 60.8132734515
772.186884657 766.42077244
697.87765146 277.782339114
691.860583293 256.690353989
741.934245415 383.026722513
148.629315988 720.204502788
547.923032431 310.526855853
586.379674728 226.259947545
299.147981769 28.0511697969
46.4305226264 660.298358102
435.507090259 72.6946773143
408.049437066 193.528954878
466.865382185 231.415589245
671.462122382 532.966371661
340.932638812 236.910613935
42.2651180225 644.688340289
610.78993189 474.476003794
412.400567879 555.004082497
663.022088685 601.415347265
674.116067298 387.451917978
303.745118237 491.93828277
660.446190675 100.956938341
682.121528003 578.433128879
137.007331971 169.152650095
435.181805006 119.176062328
109.839766326 255.621362464
666.125196758 505.564341728
490.194834319 671.391670969
389.361758543 370.744319989
624.607680285 274.747590054
524.58065571 380.945500018
53.7344785461 285.489015018
65.4761285296 341.667447144
57.1820368193 771.308180667
124.471222255 545.372389873
638.600661186 37.7580955709
167.759953801 498.342396368
401.811159568 389.71078985
126.643107465 616.024880734
471.867795036 404.643347484
41.4917747311 686.975715093
453.673709115 255.583034095
133.770862871 470.076478508
49.9229667932 436.800658473
435.126486491 587.476937692
590.577691586 719.388751442
493.447808347 77.8412362067
612.927205164 398.736991529
377.102785979 162.10769882
29.9494477916 204.997940787
203.136685956 66.938133042
759.048912955 405.768411216
