680.247569303 624.346699374
710.304933499 606.747860124
743.696115667 369.387567702
262.716984314 117.244531176
666.345087608 656.14709612
118.396802682 117.091644996
706.567085806 627.810918446
701.821720368 103.007509049
684.250644639 165.958029965
653.503434165 311.657915406
621.0153746 460.102982968
684.539364432 668.776923295
377.948350744 362.481925583
775.549360947 96.8575952151
704.681647038 174.048736757
103.225089861 134.318359947
176.137444511 75.3936309739
351.695091235 385.361226219
652.595119681 626.633596112
714.344502217 241.822330996
676.83076017 372.618582997
711.482226034 389.0820684
682.140784136 270.776954907
716.807844321 83.3911289397
604.425349208 204.331259842
649.39772521 182.905088663
662.576506443 269.496638606
636.469190737 240.43984624
675.671796477 599.975698321
756.542241006 80.783295358
198.140133019 81.1876116929
180.419997985 181.1674603
716.793016319 156.145377908
701.034085434 649.0341803
744.459359581 130.499140812
725.220535747 265.454642671
623.283727691 275.211443435
403.674256202 355.448992133
612.821636392 232.283639047
750.106374021 91.9087880538
149.372584814 161.755475722
693.572615117 237.388022647
593.734537872 461.584928482
748.458103089 150.416768891
734.140421861 403.949784034
682.010882705 686.111083916
142.039645528 86.4870878594
100.214878468 106.335673405
726.586613217 95.5508825406
588.953800742 252.81436064
657.392387813 359.22372058
722.798285598 300.690881645
127.212588162 135.824753337
245.43080991 136.147705046
166.817152327 194.490088489
106.451896675 79.1203107974
399.20162164 208.695064519
656.786779495 208.988582544
732.360967115 107.656696276
670.562736631 699.255845817
656.075154581 593.589147414
719.694597959 687.141215844
129.650653297 94.5709049366
707.95654858 273.806335391
659.312196446 698.228115128
610.523415345 424.337255176
360.344352127 501.172329153
609.480771623 387.652386452
698.332080218 699.759329837
756.910414985 106.483188817
725.687602982 136.44040048
425.256247593 207.886977629
772.987333001 122.299549386
639.695171521 388.936565652
192.279597745 106.755276189
334.113558819 498.548138859
634.221287212 202.705551032
683.973309438 218.192470468
702.095778835 142.300248713
777.501400921 141.889301653
715.987671609 206.604411829
709.819796632 183.878064143
685.810767746 400.51675854
227.850733632 95.2059400358
645.131266406 674.966590273
724.818377234 118.332476905
157.633747082 93.6581886439
586.193003985 409.113643823
722.084248556 418.102464055
647.170573917 440.373550809
730.122117013 354.487858324
405.203959116 181.181344466
393.045605169 653.804155658
582.141439881 221.454368216
698.5622748 581.539431523
705.205098596 121.424152727
736.104080561 230.019690931
160.975812649 123.368039047
645.534075019 411.590466809
701.356433331 352.656672067
