499.701960028 706.704154588
563.567028899 673.679932982
144.047250926 767.014783526
528.059494902 603.45801262
591.365022719 560.686270185
545.967753622 637.614960252
683.366312958 740.016974849
613.500463578 676.585332348
469.10902168 632.841124329
208.274860707 717.861353455
435.692855305 643.423445503
235.152254094 739.097611089
578.655173349 631.551794445
99.1891740947 745.936735155
245.704809962 711.751025398
513.922723323 409.117572079
459.949543734 576.69573093
483.4510646 425.159523487
635.373393074 756.499351658
475.270830834 661.099284067
665.998040867 733.602275593
121.423748572 756.656463682
709.935524416 733.033976091
312.624736053 514.625695539
111.309508069 773.100142292
218.512453733 694.606662922
702.297352203 752.352706327
472.010588212 684.762981719
633.937405515 707.680941769
642.248222547 675.248966958
605.607568654 726.999531232
501.268268067 617.214348892
681.563494794 767.250516474
307.337814814 734.622632896
548.826490708 726.881895272
510.557845095 729.739418155
550.76740039 368.378778285
476.271136842 722.472532934
714.373547319 770.800507949
583.539761092 736.727611466
129.216960188 785.500448727
713.804708677 793.651527236
582.190339841 509.942533425
497.999233672 642.124835091
603.844359758 606.694488905
152.022519168 783.660709583
329.831914915 599.059770879
665.981785464 791.017173083
159.484616494 754.766389253
367.338885192 703.191945082
612.437894904 490.712290608
717.619912068 749.524637601
647.866837889 738.33102642
531.035267053 385.010528592
522.489576887 632.943284599
572.590181549 469.66679685
146.779759206 736.539730373
549.449985346 672.771005072
336.884353028 679.220771541
589.638848109 660.121154372
191.569341091 738.368704162
515.739558058 660.337992333
621.927756422 755.664376865
665.972115253 762.823117594
245.73470234 674.855317714
501.444454595 685.270936453
619.011597708 651.12997819
540.003750737 696.923220635
569.824149555 715.480393214
523.650832295 702.571246372
283.093785662 713.724279945
574.235510772 429.332340229
724.249845608 786.226355325
185.408421711 698.447164034
562.023890949 604.60519863
498.641513749 660.648518208
494.197565773 391.000740561
693.302085799 783.259723265
736.436889857 751.009453783
620.137441778 528.735063662
699.098514042 787.875098094
500.979134715 576.300386048
611.448365613 704.040147693
557.387995716 410.284144156
595.129133739 404.088831687
539.469075163 425.244822998
303.00923476 485.823650654
456.340827832 705.600963217
117.093945208 726.139038829
571.603991331 388.181155924
95.831045219 774.462512959
483.798325418 703.351218837
269.568061408 747.056518275
591.12451605 704.59641163
343.288385016 732.542265562
109.903344315 781.930469962
713.49921845 781.359209622
466.368920997 614.810106291
228.099023223 766.704507895
525.18615472 366.165048015
