641.140620231 83.4526132661
560.273456279 54.8842909312
718.331565752 101.600053049
711.297377646 252.593800448
161.155609577 90.5733405822
140.526300165 58.3834798244
638.110597381 141.870875639
560.944792679 113.430961125
624.689656938 175.200225255
132.448189836 45.3485267795
739.671340472 236.154747483
737.033612132 344.983878712
111.806785323 57.7298188976
700.356385922 151.795401524
598.201459159 158.937328665
303.929008385 63.6846047935
715.504015517 281.129466907
197.003491625 71.9813072169
178.895507654 66.0313976149
623.434149507 127.493535321
578.825236549 89.65058594
722.777359973 265.410562244
244.568487676 55.4341027005
587.824018993 92.6377179064
575.446488372 115.576635236
586.821135804 131.166732617
104.211273345 41.2352834715
609.386843903 122.457340015
548.411609514 64.273743957
640.759515026 175.452428681
328.978809374 78.5849777649
135.660881873 80.6929015156
590.105179296 116.73397188
539.0795437 93.5199231653
599.993998736 90.2265591688
637.557752126 110.303822871
596.538723968 133.297569624
285.243997718 60.121506477
684.928489736 118.302438905
666.035239237 164.556775805
272.399303608 65.9737147284
189.323621153 58.8638134248
736.507811342 255.000477938
587.963953566 105.843883263
370.088810739 133.666968937
140.937787136 102.75956142
322.412206676 98.8492547548
256.040096561 69.8186178224
607.442971906 176.507582139
609.166780857 114.499189844
647.978601066 139.070565329
348.830016908 113.111986134
684.172912634 265.631588542
699.452619913 297.48978272
180.535931227 89.4565947478
305.930390365 104.798755906
598.156882453 78.6317883139
644.747729088 126.9758379
696.528757525 174.43968568
703.940718763 326.700474001
623.107802208 157.890605454
717.877817436 329.779547121
530.529006134 76.3780874232
153.908825708 49.0156679489
263.810403659 91.0663715322
677.977766491 194.13175531
721.168521771 302.931280258
213.15573635 58.9351811586
278.124197582 107.111393466
710.598985429 187.598709695
701.169782938 85.0125312816
613.80458997 170.584671768
690.089255981 104.6017632
712.259333116 201.382016591
735.62858444 289.427415468
159.522909962 73.1075308911
659.664688292 114.132875657
606.445941547 105.497707895
584.821517117 63.5608054875
613.914733999 145.490606246
672.121417889 96.9794755143
568.753421852 81.7537975065
503.593830713 688.267896286
294.286358817 85.7940658543
291.386902952 106.368667694
643.72398781 153.360017333
566.661311853 68.9973946355
519.709419462 676.580613166
597.719239435 194.636115785
723.577844324 210.863015072
368.536952901 104.99156239
704.272645786 227.576470015
109.10634858 89.0975628694
593.036233812 145.535218512
553.294864152 83.2005077991
583.256061974 157.208523681
619.897307375 97.054243511
97.6807593899 69.7132651077
682.451405957 232.84415157
387.896614944 128.950747137
