674.663937893 332.964471081
767.538506441 580.431754918
282.753264632 364.46842935
470.488833486 385.399397384
747.52426878 666.593683728
431.213917376 369.490321563
648.650973291 198.936667146
645.003137172 284.277564738
667.534137727 233.652291104
763.541960996 698.143579195
751.87387859 502.57277537
696.303804738 457.789856613
685.234859144 392.902468747
773.416041479 659.118007699
694.037230747 118.807048272
750.869638964 687.310829873
777.133711068 695.08544662
717.132420093 411.117691092
103.334777505 348.125998033
121.762841708 328.117931425
752.119757269 598.612789212
701.593468384 387.129819843
705.574258472 136.110439538
686.837516425 173.120481416
729.866655798 616.081839077
710.547694139 663.462715655
292.630869102 332.718081766
615.378687118 259.462780732
727.646263527 110.611854552
730.603891262 582.725245545
701.577444531 154.713084956
651.48002957 304.934646545
122.151968349 287.846741096
99.5777534304 329.090582135
662.781578736 373.873250513
97.6428147738 301.5959178
774.452358998 625.576077131
683.740815148 201.358796812
361.708479166 376.281185124
737.677672658 634.609032402
404.234895657 368.374461124
671.362006908 405.607916527
703.532872379 183.803333039
530.600321454 564.332508382
155.037067167 320.269530939
628.365376107 313.991757639
655.274171627 212.093548327
672.787862091 183.318013436
765.124969303 601.613722039
318.091727367 346.28171783
692.358904507 493.373488119
721.949578971 693.679649888
186.694453112 309.207631771
422.539956659 394.920523116
719.05676521 191.486587937
710.750749134 504.685629475
757.365063807 669.761051901
162.579030428 333.445725279
722.481116293 144.525456299
744.695174245 562.19529877
588.433385749 258.628026178
693.631441863 424.589757804
602.244268928 316.859098639
709.501441109 592.024817021
390.85609737 386.462612996
742.419485045 606.953516999
750.167085952 131.303020054
509.82894223 548.214383057
191.522888134 329.927686352
665.556949837 348.797659123
662.036305163 255.208446911
734.781286501 702.164749096
609.120223481 206.322837986
733.336059609 675.927709124
448.917100543 382.825431202
708.966099553 676.509070109
137.843782082 330.500579527
321.320455504 316.650667738
576.259164052 281.146606816
630.264228475 266.288378377
614.423714705 275.649413419
769.915026982 556.858571089
568.620419627 246.503215116
369.145901889 341.44952582
686.66264835 349.08280048
135.766274731 299.64284279
707.338126018 623.408570949
757.643452887 636.394899015
749.236382969 647.998638909
398.849358457 338.993680651
727.695108955 168.078413709
108.576603573 305.74243372
630.800770425 230.11239548
747.895244578 524.178534994
723.35091429 487.191456408
640.703036244 249.956234035
718.477572915 643.308246291
606.788553197 289.003161641
601.424873148 225.468113591
481.527076562 535.523106867
