488.378484478 310.802158817
712.054046328 353.994910045
639.664918018 483.788154615
692.413381922 319.596059996
661.888768105 480.999324315
141.077035284 260.267383962
155.924805069 326.239562459
401.152922721 315.487669794
654.440333831 465.165310892
748.959141585 185.013891623
182.439902066 295.865639173
647.97287026 433.965876347
725.878325293 94.6904503165
729.810185085 334.915946452
618.856985243 324.82856228
743.412098686 285.072826955
712.644347749 319.28950449
668.299781245 407.281993333
679.191967444 469.966372352
556.832644301 256.695882387
776.013730169 308.324756042
731.15440251 298.86834132
259.033289371 334.689949878
736.411894924 78.9589025828
365.115100538 315.73342144
704.303934628 98.8646988004
755.167341974 94.9834825148
516.17714758 275.447197791
686.756212963 411.462747808
189.789837969 321.910975585
122.891210585 272.611206535
708.410154104 120.181867298
343.45230671 279.961653593
729.831689138 198.834650408
591.819287204 373.944891042
216.526429936 306.807406182
764.55206427 125.566544166
129.762724497 301.586244547
295.584270225 341.708780717
749.05159378 79.5430030568
588.737773363 317.824014218
627.066375489 400.127831063
371.459418683 282.052987645
773.485661508 197.953960783
751.389907933 303.292956214
706.30886863 81.9829242936
746.380237239 233.990916058
700.582466481 389.865962836
308.428291542 292.202411494
446.528307651 319.405687584
659.876080475 388.075789892
235.7358161 321.620121683
623.459349676 377.032333097
738.904781512 101.914649346
558.689373709 282.401300571
467.760432774 315.286148275
759.006520403 199.37829785
283.23695593 310.963934415
737.127767755 123.647355926
698.216775724 334.130818735
490.349012295 274.947536667
160.515997929 268.25621573
769.921563011 222.352238814
681.176176727 442.998565868
503.320086325 234.410290107
530.809206723 292.568909405
623.993719411 436.91411822
683.643791556 384.023923605
493.839038551 245.160483446
657.970291457 346.507770915
641.496100117 377.380859158
755.009419212 252.000527898
410.440401801 282.651913623
722.240035271 110.300829231
719.51301765 230.06553295
473.984322051 248.900527742
606.2080482 422.553264813
749.406287806 318.423137122
369.567970724 339.309827442
640.742958869 410.586043193
618.653829836 356.355476386
152.458949723 290.70367868
707.37894318 287.21213257
246.713579106 289.70282493
753.35981397 222.11573457
666.842147766 428.522709962
521.791050064 247.678644928
542.044079007 264.175946159
734.188336717 210.1261977
270.70236646 277.395185004
384.69989424 298.960938932
427.554625293 306.803290289
333.873834744 317.533571678
737.04707135 342.494948229
622.226668018 457.594822945
451.474895171 282.181636282
657.346062575 442.719747604
655.703787168 356.259855825
117.12730359 236.958830753
758.20442889 107.835341867
