739.722449395 221.36479512
413.772528326 267.735980763
743.029617345 397.402469767
693.207652272 594.198372824
636.172798715 335.293615515
651.67464782 661.133871571
571.445768206 242.083815437
792.512084931 113.015418209
749.138606058 149.735086894
761.364457265 546.907867621
766.307564702 474.979351048
749.700268288 195.370013709
638.616690654 694.685281752
751.764127088 360.04446815
497.912817084 267.869946505
602.473990102 395.440796783
726.191120736 369.45052947
742.767893438 115.401549168
748.951918196 531.769568953
704.076830638 292.503926063
725.767228179 441.472636425
743.679250918 98.2912605468
733.537955406 339.216025582
539.636044353 255.169995644
705.517299899 256.851270913
675.054731612 688.950988383
379.638674409 250.391604055
755.018938684 167.324136605
724.644017428 129.342624938
134.096394824 252.243854275
653.824763751 241.204210518
736.961308834 294.467766139
704.072759279 623.326604286
781.002549905 537.137836453
368.977979015 284.231236442
688.250448444 615.623498863
745.167796611 480.103410885
781.20894652 156.561137353
774.8774555 491.633616006
724.3503976 198.529869975
103.4301517 239.419536224
698.12736941 316.587182995
455.639035207 258.963120615
697.403344528 346.058623955
673.917065797 330.346778864
752.816203301 267.347001325
121.595283258 264.58472902
394.387418546 283.49267898
699.462213775 648.455934093
756.542454985 498.278188089
727.112458155 316.310871939
712.07425242 555.016985361
599.033207374 552.96936186
708.842859002 383.851028642
738.427277232 178.355051964
789.677613931 98.2378413533
760.377092496 379.681253693
746.719075821 566.924629117
707.456467288 174.471625708
724.266020217 619.187158713
658.369494871 701.977558448
797.576341033 136.789553763
659.355220031 645.454776065
716.750878616 232.081869902
643.613213673 290.828352575
644.442809044 714.493912966
492.294423429 211.996691188
749.070353614 589.17939909
735.663131069 517.328424962
725.230657551 103.895344571
726.960786309 150.711886984
616.885166707 358.023230354
696.862650679 236.899894429
717.594403607 599.606215522
683.133595174 444.406415431
694.342515967 209.517620121
726.665390674 566.265814167
620.929204581 253.997733854
769.532970246 138.691213802
767.777261879 106.046139419
780.136198077 121.670898022
667.587798825 268.211577331
103.998809407 260.317392885
376.095011287 224.659438868
469.396852171 233.250831022
769.318489244 510.840376329
733.786560107 257.978924011
639.215792267 386.372066444
673.184979424 361.918441495
751.306603792 231.123487017
451.026194445 207.491516337
710.020859889 585.163134602
664.573622928 672.311739969
756.991001314 127.433854477
765.627390449 286.356300507
770.589974416 89.884748528
414.331747523 226.245184883
775.421371661 184.351597998
120.399725935 220.139657968
715.566320035 488.918458957
