212.370760549 89.8714662659
181.509986852 135.733933622
226.928652483 151.835771135
462.419053395 693.082853538
198.123969916 739.9314735
178.838725089 726.167093446
112.686412244 544.382529237
164.133294379 355.156313006
449.4586354 734.147311476
169.047120483 706.076817336
421.667952233 299.450321625
534.071813625 665.454657873
143.938968439 713.22998343
217.505884407 166.385473063
158.404745291 514.542100046
379.02830872 694.67810888
485.796586421 706.1449262
280.900530149 739.446822197
253.983317157 734.792546886
97.3856988337 513.478453398
176.473694951 239.673161611
506.515870203 671.247887309
290.095609436 700.459896094
183.607814053 268.455443656
163.414546733 332.451065669
186.501114542 373.449946119
143.153255585 692.370048079
213.552105954 355.602595983
186.212625178 100.65004123
419.170015788 700.867798593
396.803170692 708.758808391
175.45124962 738.334209819
188.314809509 326.961486144
181.968258355 311.178165623
201.535169682 234.198260536
202.931508384 148.577953446
196.481991852 352.352929109
360.058800884 688.043952921
217.888709029 111.44267677
115.084755122 509.544357898
338.642248618 693.785183806
223.569102689 709.88615619
490.354348507 667.909462657
207.663605635 293.044394637
392.365928048 754.435649671
154.681325936 730.206829842
376.678228458 721.574893985
321.031551742 702.525902472
230.279628 475.127778945
217.740638607 327.6454204
247.170006301 230.229518624
382.184582066 737.423881302
449.137710565 700.298523504
472.848613483 722.68789505
233.861265385 741.860374956
362.762398198 734.631532959
205.260205114 180.154519703
219.507419799 203.168349354
124.103791098 500.972777026
492.331561879 726.859057028
226.774327436 456.00778764
526.632180347 701.330385145
206.10520474 212.498649522
196.22258833 686.651393887
309.634017204 728.110485333
128.815884269 534.036027675
508.966748487 690.300384815
257.398926644 698.688978382
323.389236702 745.795780699
237.618829711 183.733130121
232.903906584 99.6431347581
405.020248371 679.827696265
230.000395099 123.937626038
141.495664074 493.882615966
527.666337802 639.373440242
218.514893247 732.881199361
224.400797077 135.104686882
215.85129697 260.069187995
207.731266907 101.819731213
97.5799278557 540.802272475
224.967486314 76.5879949268
194.279552007 173.187993885
555.983642901 638.62904504
351.483679245 708.237688753
342.962351988 726.250346674
308.929342033 409.891522405
182.323817632 203.667419463
558.158865729 615.222178393
429.938402252 718.25821563
139.116316161 478.141429624
412.134194144 722.610853104
431.25959108 652.909988723
137.251823204 730.251168792
88.570804716 531.532877928
177.75327283 292.36180282
105.455817212 568.005074022
208.935084777 125.511673157
121.164165004 716.864147416
431.363952878 673.841483869
422.147656158 736.762182013
