542.374246759 132.706502476
222.92050629 75.7253141586
548.438765079 106.34083599
699.829769942 441.127358448
611.237910562 649.024685708
607.071492522 593.350712659
521.069554694 104.23336376
624.50580816 140.086372805
610.779778555 176.979710611
170.456416576 60.9629823198
658.302990011 269.914208285
659.13472138 612.290913449
130.043692633 109.399426576
654.824938991 221.299979314
618.262123212 217.875351848
306.528179462 512.043722179
218.15985424 128.433434075
154.085966613 89.3810683775
659.773444614 420.187296025
527.486434776 85.0743096387
562.262181537 170.510418259
575.797959999 222.672842289
203.176243264 69.255983465
629.687205576 182.978896338
641.696187057 137.365397036
592.857061997 137.766752354
121.145640539 82.9917223386
477.125356433 85.8176870279
208.452110301 99.5882103762
621.424785889 171.64681389
532.938600937 148.324979689
598.634186068 683.952961528
504.514312121 99.1353470018
643.725613189 578.739426654
603.586391201 114.233906843
553.100450574 69.4408694542
484.111071435 108.226614862
172.407133559 96.0478564321
601.958425299 96.3234085671
638.24223831 168.526916441
622.235583719 615.467447907
184.987196013 76.9336217609
628.912188375 266.251705482
507.336721297 68.4123178971
558.547724206 198.952243811
609.1173986 669.781957674
369.392500028 439.302659774
227.726239245 425.936607469
639.759643423 196.825294261
491.638084507 84.8084814236
549.357921274 83.9735681242
541.134002395 166.619501039
658.346750348 472.501139098
637.138643338 600.65000679
600.428413147 611.662441199
654.919856369 446.781076284
585.054687132 152.219955479
568.849075912 84.7172829023
642.203154341 236.35652966
631.56594243 700.845959533
512.010255332 122.001634875
649.699104184 639.469114953
190.950237319 112.68204308
144.290632095 82.3705247983
603.852275195 700.331601304
630.233372048 252.711984626
245.851683514 413.855195791
574.864260194 256.213161302
623.704262125 680.074005103
668.247590762 251.638100917
618.749417237 116.458015589
652.948935384 114.201119517
572.283832303 107.691381811
602.906073318 230.678711151
674.900778019 460.52069691
155.837709367 129.17915884
588.081058287 124.105547496
519.391124389 74.4407388305
610.252619099 133.526077486
556.016508423 101.42832481
533.87276152 120.270251073
592.558857379 159.851726329
602.960772811 250.91556005
613.062673542 576.03412316
620.981594031 636.669967654
637.243523119 218.485179389
672.3510615 434.257999837
605.941407661 269.166810172
588.886034354 181.103544695
649.542857549 255.601482761
551.015819483 133.360140774
609.266767061 201.459450474
570.679579172 696.030151379
630.323760643 106.617316793
233.548402385 109.263222276
616.653658102 160.864637691
557.345722069 122.877894759
574.12671848 666.298015965
599.216973054 216.458772413
559.186408003 145.959962886
