435.993605025 644.304106284
295.080104458 537.965821137
575.154226117 639.741449961
545.299982867 219.861673268
128.593633957 659.711242519
109.770850534 733.335106284
123.556653081 721.046306511
450.004354681 629.356379123
276.636727186 668.191261375
278.173774052 650.043413108
291.267302787 765.595844817
416.725251601 658.513931734
203.069137264 693.881424095
310.893918927 743.04523169
174.168404662 655.816822802
160.759674765 748.25818247
461.139203288 661.564166144
252.355455674 641.959680481
370.000069747 614.794993961
309.072402351 508.68650502
325.484709871 590.459897691
615.288926582 626.493337377
554.761378797 117.276812217
364.1051993 684.281776443
595.033282524 621.135709155
118.730138174 769.729328532
577.053103507 587.794490015
282.581633519 584.771944625
657.818422554 584.267142935
270.531704581 483.056895212
333.09911051 615.044215823
363.469454562 705.605216269
296.462976662 692.979018809
354.366998784 700.787234037
678.980899163 635.158959314
347.398365543 676.524885919
409.013072155 640.147483198
267.304987165 383.279842698
341.0722295 685.135459681
700.656038347 628.667209677
308.096945392 329.57119142
388.988391502 604.82592143
254.750204244 600.491396378
231.427095927 724.999857052
553.298370744 613.06345671
333.539639698 755.381375322
341.241743554 695.793623999
646.895637615 620.945283207
360.678411264 723.402213249
701.054587728 656.881317721
290.431617166 369.973502095
300.959592581 462.777668482
300.93715031 412.741562626
136.974916266 705.931083791
526.375907426 209.564409692
237.703292235 671.987593514
338.00588709 707.827176283
322.814793121 574.34289755
340.06286502 731.795627079
325.737133337 529.3991808
621.63473629 663.817512245
254.657036843 753.156792294
684.304354065 614.5640567
336.836410123 353.651626793
579.550954739 613.662235097
137.971276585 765.301429441
305.217829554 563.713401272
328.263334155 396.411818821
302.680172144 599.17463529
357.190625813 633.742188415
311.926392323 714.023997487
243.421768397 707.804386451
343.428991077 558.276874163
283.55703081 728.787458898
279.340430448 343.079511056
558.750343319 138.194720705
94.7704417771 708.995294166
613.558216836 590.786244788
368.689559078 580.465337173
264.311954669 692.365512507
359.135333284 606.41262689
438.515547884 678.708796527
315.756474772 368.59938847
214.076657413 666.845576013
98.1763539152 701.962566058
670.618416495 667.929084738
315.332151752 676.696035075
285.145538692 530.417486236
307.708634796 708.222245719
278.192184688 440.790201833
660.292687322 646.976655533
305.123010259 351.200101866
296.820411971 745.0034079
323.076532432 734.093158058
176.577987457 778.330660686
211.241337978 742.119870151
425.838228341 627.44952497
321.627893571 725.581700243
156.516604886 686.591022642
114.230604478 690.667315472
