463.528536486 417.074745975
488.168719107 472.938960382
678.156451318 600.891340785
391.476416708 590.363633518
624.40493329 625.230223357
267.243338646 640.794383153
423.799823658 478.52039099
514.199710791 190.30129168
489.218747421 200.070370936
695.933080931 567.010648637
529.029883438 485.427109436
468.342405113 455.820327364
316.994383175 599.508812799
464.356575953 482.290288072
431.53517912 425.165768019
640.436303868 661.203986833
642.43853252 542.10824016
490.089899995 139.711384393
515.454066107 571.929700044
593.168532028 574.463375853
489.471005282 491.457535528
496.729538542 114.427788733
424.372887955 490.066531738
419.570417146 458.594349025
227.55362917 630.569395448
351.684692688 593.83076274
203.513881776 685.034559593
472.80322505 340.494306192
459.86426221 137.425210919
313.419920876 556.373277929
439.277963787 445.62944788
572.311802175 487.857244129
468.588711244 576.447003202
544.735124535 568.65121536
252.641129031 627.32229866
443.833978107 581.686268302
498.866843176 506.007299743
169.570771081 635.582817431
562.844047381 536.220915591
458.603431171 434.745042942
237.773364303 666.80219558
448.026033369 499.308274411
453.093870279 400.290224998
652.480158449 579.276745609
626.463468705 569.741751687
599.208690027 525.04274057
430.911564479 514.018713717
422.459878541 495.971617605
488.258732293 620.757791709
516.85949071 519.973090085
191.833405263 639.529877901
414.808108194 551.578809635
446.644518887 533.44113354
671.509684494 568.612290521
478.213850189 262.447896979
497.956751921 230.173517386
673.707586207 538.728606564
555.554662817 591.21947337
462.85038049 194.152231734
547.686097414 634.98614165
338.293583507 572.779141549
507.467220335 275.491392314
385.299142201 529.820269244
144.83862838 639.251581436
616.40112299 602.874638171
383.043656002 569.042329249
473.182253102 117.046505344
570.618889517 615.096502713
491.028377955 537.642139435
486.579816796 100.301099847
484.786400207 176.341734714
628.544328939 642.710576226
456.687721549 468.836889881
540.20574091 610.987036923
469.17644059 494.009899895
464.1613738 364.076450009
527.167617891 593.256469798
143.175081768 670.90050419
519.938484207 153.12109505
506.189827587 129.778714908
495.409920231 422.494665823
560.490207982 506.837458508
312.46680118 570.374890406
172.833460871 676.641610533
475.607039521 301.089018798
535.107866801 542.730931037
163.5340201 656.018576361
661.267973762 630.020227948
646.088569734 606.133616239
201.2875744 653.911550197
483.677220296 160.100407094
497.053285409 568.460732789
360.313392775 545.466289252
489.05337677 385.152732823
511.257650911 305.163184376
523.916602097 107.352282056
225.990534161 647.375958814
496.476840598 330.253689982
383.675363134 505.722810595
476.791433729 513.986588426
