580.8081507 634.540119259
611.082260644 613.534949431
648.575387921 387.362767939
280.09052907 210.476308211
566.634605597 662.655727638
117.487629144 216.977096557
607.261336277 639.234725795
605.570900821 127.877412523
596.520072083 213.344437875
568.854654484 364.647840313
537.020265615 508.676386953
584.935381487 676.702402954
377.48569278 370.485822956
676.077132177 102.775784753
617.220746941 222.460307112
103.874291717 234.27199698
177.980280255 174.353555928
344.291013875 397.010730562
553.141208321 635.693690048
631.182545528 297.109845203
583.085785375 407.016386902
617.097019495 420.947425537
599.949070146 327.439239344
619.428883045 99.3033498839
539.196442225 279.987011465
581.230079144 255.917110572
584.516328016 331.7366186
567.545834334 312.827833842
575.957717113 606.66501072
657.39412176 88.7257986475
203.803187608 180.935309377
194.474137069 267.682129272
625.861548332 196.610538398
601.180074797 653.422469197
645.200245104 141.043085806
640.487035782 318.111937663
551.770622113 344.703148367
404.427717541 361.417393226
546.348137417 306.887935907
653.000303159 98.8991381301
161.125180373 260.149405431
613.816438061 297.641574539
507.907058994 502.40781195
651.602761282 172.471161008
638.818379451 424.923045071
582.174659829 689.592230934
141.013597433 186.206533903
99.2669322275 206.169608501
628.800027109 111.917584279
520.154975223 325.031371533
564.254408692 395.458962284
635.820292108 343.101750148
134.250038249 235.541016761
255.427561947 233.657707813
177.749972982 286.083588948
103.593234903 178.540449245
371.942088813 278.875587074
586.796968413 280.365405749
635.097980297 125.679679695
570.683025169 699.614953018
556.187123417 597.461238228
619.915951314 689.141589004
129.401595315 194.478655211
621.917524564 324.438244114
559.448311463 699.849207409
518.287859889 462.806676851
366.440178381 497.741515421
517.660824147 427.208811502
598.591353007 702.051437387
657.493485603 111.585826112
630.840312499 166.31258985
403.88105445 277.534168918
673.531262066 129.40913247
549.126255974 431.226669635
195.829016868 206.615662814
332.953215248 495.545222282
569.113206578 278.510508675
606.972955968 281.925967198
611.445547246 183.632458285
687.935000799 160.744167407
637.428301332 268.31725982
624.281349537 234.592708606
589.750613963 428.063667216
237.967581415 194.671905502
545.209185078 677.548309185
630.391510917 143.609841053
158.802088662 193.49236224
494.736682261 447.233326979
628.701743921 444.955441295
558.031196205 484.163846446
638.227048756 385.161543696
377.179697303 250.120694508
397.283802367 648.359383483
515.267446614 295.750102832
598.63848523 584.097461385
611.759156621 156.159876733
656.809606898 290.70078339
167.894505106 223.087817299
552.757112302 448.721370358
605.540988445 380.994480102
