532.889199328 135.874131753
225.846332896 85.2877165069
538.836188228 109.131985901
689.864594454 440.29352543
601.377054893 650.687071186
597.127925803 594.411599507
511.531800548 107.238566889
617.641742878 147.358553208
603.13012306 183.420422591
172.720909594 70.7032118536
653.909590857 278.897417282
649.28947209 614.043359285
131.680439726 119.264570212
649.892139196 229.99868532
611.937405994 225.621186348
305.108864286 513.17011079
220.479371233 138.160707121
156.45423577 99.0965869535
649.851676564 418.938889538
519.359058409 90.9006080682
553.879038471 175.962290629
568.273073327 229.258894261
205.959153443 78.8609514989
623.731558837 191.011969966
634.557852614 144.368552138
584.392450942 143.091257935
122.742843775 92.8633453978
471.480566355 94.0721612677
210.344798592 109.407463456
615.280040267 179.53618023
523.931102857 152.668362972
588.634309845 684.002716169
497.182359077 105.935528218
633.764518209 579.620668279
594.6094238 118.640045321
543.29334447 71.3955228432
477.141107713 115.397361386
174.08283858 105.906457382
593.622062134 101.846546188
631.869419263 176.233224077
612.312725524 616.707159664
187.869223395 86.5093158959
624.105354685 275.020647828
499.782868127 74.9651266298
550.670854266 205.113000254
599.150819579 670.598843604
369.64760506 439.646803831
228.159728707 425.847838792
634.378255748 205.253856812
485.048682105 92.3304343603
540.501319814 88.6169085798
531.902972764 170.465029866
648.375126258 471.748335668
627.31112956 602.499323675
590.514080574 612.96858424
645.046061531 445.197354243
576.563780702 157.502427249
559.773522749 88.9166084188
636.378428799 244.485033358
621.577253554 700.370465552
503.077599881 126.496928701
640.036415792 642.044469888
193.668191765 122.305593549
145.769703226 92.2605373661
593.885974502 699.511326653
625.225416077 261.367640407
245.723872551 413.323124328
568.43707475 263.874185207
613.754984435 681.079924308
664.114585058 260.744047537
610.617003661 122.277280957
646.181098331 121.562938696
562.809563307 110.891104765
596.440035884 238.30697176
664.928996665 459.769979498
157.435497694 139.050687215
579.242230444 128.782632309
511.69477599 80.8255819244
603.037724768 140.450331943
546.511877574 104.536699376
524.679835685 124.205999362
585.292170879 166.7216075
597.136940384 259.044703662
603.080801097 576.635972371
611.065257729 637.960810145
631.4579059 226.641565439
662.365496923 433.720877814
600.847579988 277.77221078
580.884873465 187.101996532
644.467956257 264.218058466
542.159159536 138.00336967
602.737494264 209.033656487
560.747551875 697.194124648
623.428375632 113.859807079
235.671707022 119.035201473
609.76822757 168.116592351
548.719648097 127.936634505
564.132843411 666.647960393
592.532619545 223.896474893
550.077217972 150.08581516
