297.243818796 98.9796634868
476.85343193 448.851419648
417.259012969 156.835561149
230.284843659 124.736321773
526.529306691 529.405938003
444.053000971 406.500511467
437.356650804 163.170300091
567.433435396 345.429972118
278.163436779 51.2831379116
706.245993242 532.234071038
786.99113434 103.130818419
217.846484818 143.232480239
613.09722465 399.990280877
246.548031333 146.48219582
426.748756781 188.246307281
635.753762431 422.608568372
208.25228349 158.36603933
531.532925834 427.718077705
468.238079268 394.124143222
491.176907481 467.978674407
280.645689092 123.335589438
619.136694269 556.018231416
697.889776981 656.511280249
433.421434723 293.110693234
589.09655878 323.837638016
320.177983262 115.310469736
714.537495209 102.281549782
519.973681956 397.14246433
462.837809085 266.646674555
447.852433601 435.496422076
716.934059198 121.401268173
449.448147281 348.493339877
393.488148524 314.950459304
611.541692854 523.034549249
605.74975372 349.97403799
682.795095615 659.635544139
470.551228287 225.411532407
670.201707886 627.093898827
738.316512803 100.185187078
548.555537271 316.35458837
719.858558772 625.610029776
454.374718688 458.763770128
773.419636738 127.866316096
250.754208862 102.202141088
660.15038394 515.52067032
520.620546183 364.784063752
763.476927413 147.318496289
533.227224521 286.825052817
489.789346942 281.391436073
324.112335533 83.0785111541
690.462163956 490.939644165
486.202416248 339.926085752
748.751608375 633.077424742
674.485326841 448.656788584
691.288070937 581.006845177
504.169646427 218.649902254
771.603195301 101.00100689
590.266416348 375.764392067
415.78890381 166.289636871
497.452914121 395.402922438
560.949208225 391.092389744
331.371435262 59.986927372
631.110689584 499.516354308
463.675243864 299.818410856
261.618726389 37.7576221079
215.383568873 78.6168175361
241.909696104 62.4744796066
733.718144355 653.311299689
499.38022814 499.877669246
426.023520291 311.44283147
296.849709164 64.0420976322
741.032197555 133.533001206
499.871926596 238.862051742
404.618304465 293.834985821
307.366785868 40.6389339975
617.19592024 375.067517727
552.691529835 502.3325322
592.561094297 420.226847987
723.666844804 579.336470268
488.449280507 422.981058476
424.31204404 436.213841816
449.184601484 470.623971068
701.715007638 622.686944182
514.615393931 261.770381392
664.705353692 552.563052172
597.943214273 587.250562769
539.598053905 240.818311338
718.790895451 681.769901
550.390977902 356.011104417
636.929034183 457.649181304
578.389877934 477.895210422
530.503893056 462.816347531
234.133363283 165.080373731
275.391140208 79.1016063601
792.851680348 125.612748421
742.204580446 673.785805866
398.146670595 170.801881015
727.274924556 143.845147548
757.21442466 112.009336513
509.538947161 315.475232659
