102.23380932 419.295711566
683.245092071 388.695527348
649.351524491 342.654980065
131.627894049 395.513252948
693.658689499 364.641924076
116.023802035 445.160821654
147.087285034 215.818646745
616.064722345 360.622463476
91.3503261458 402.316430148
70.0643736198 247.108278771
673.745245069 340.214578692
126.899954895 437.995602309
97.1012254485 589.989379233
82.20027217 119.364531957
64.0925765371 76.7341697229
86.8081840803 698.088006046
65.8207304022 157.06034838
68.4154101024 558.721936663
74.5820175781 209.13913362
44.4120747274 201.957496989
58.7491118022 141.102506178
57.6282060673 215.311102732
51.103996776 606.73791497
285.419115276 315.809411643
462.537925827 182.888567964
118.874072346 409.983378247
26.6522103485 314.495645521
296.145227985 341.71443341
32.0829188475 218.828495108
261.065330862 349.005678979
244.272126811 321.781681208
103.093762973 445.795635904
146.434559952 441.536505943
101.696745461 382.508224128
105.419231622 338.806397393
159.64442659 431.926218603
77.5097395888 346.294981934
117.762713525 477.607184486
42.3597722692 308.982058716
214.376188711 326.564636086
62.5281658343 728.178953583
320.173888209 349.226533841
52.7705039749 258.260470535
170.006639154 395.509954279
473.619799139 218.632959965
671.333622922 366.275473469
13.9022275066 244.584819678
29.2648339271 260.724112934
41.9006167596 86.5631476373
148.242429652 418.834820727
281.69510459 364.831579169
151.324897716 463.2161755
62.74583125 710.642063455
108.054516985 547.782964465
169.785977033 475.537744615
300.971000749 363.827152767
650.402485655 376.110639506
187.717675145 400.135788046
53.3788053767 93.4061845103
606.622881748 347.739450843
79.4938431213 287.982574947
112.922224988 404.565008528
107.314417046 298.816058628
52.2362992094 128.018042254
87.6449304105 728.420949986
102.058667146 474.661331079
87.4516188038 260.525165062
65.5336683092 756.188400332
92.626716918 502.370871833
197.38893469 308.710147512
86.1719411737 391.394735014
125.166952136 497.267310288
97.5851577814 539.905436365
137.176437821 478.689990322
79.537127484 379.174117636
89.1087610259 750.774252846
113.965633717 373.494679181
218.283023206 349.419540184
80.9159792016 581.120979466
235.816766639 360.199790537
73.8566785539 102.502235679
67.2529735312 316.788868461
112.089066779 518.149790278
498.509095781 171.44914896
179.556501379 452.848228367
75.1205779165 602.430837267
182.597350399 432.012263299
71.9911390301 631.239718899
631.860379103 358.299514754
51.7747121112 588.849957678
82.5327026573 528.960969732
149.675107802 397.062510553
131.507961623 459.905470211
90.547436285 428.071567257
29.0440598733 188.176480179
47.7348939128 742.813305681
54.9543713014 108.77132816
41.8573116383 241.622853731
30.5984738416 162.581163772
478.785964801 168.002859556
