770.96632209 606.208091649
42.5529010591 456.059906464
726.48981675 636.367142966
735.848938227 599.885802043
51.0334584883 721.789620877
179.351934337 415.409485519
742.296296207 638.876819846
358.726038257 567.33803161
759.942070613 570.452512277
175.628966318 531.619114805
511.994604825 107.091382763
724.168274266 596.189780993
712.552632162 687.677937248
734.676351771 613.77892142
679.754761935 630.243160485
189.007324199 479.57692243
704.018591239 600.577345305
67.2900220672 476.913506006
93.5852111508 400.000187769
36.6343933085 693.761432849
760.557829178 614.199980762
69.9999056352 690.416959954
88.0595680439 693.989475857
67.5672062016 387.926267305
342.728809848 533.946482318
761.732642495 636.07348423
44.4140480944 133.714876677
205.939990689 431.282031731
53.8331185886 357.808363397
33.4948264457 424.870095917
50.8342129715 152.509871753
209.338860365 405.453412005
16.1637579046 392.980435478
71.8940565655 601.650923962
753.30685133 666.123161577
67.3006332478 727.867478583
29.5717851831 350.081262217
119.215316032 545.121757789
66.4602334508 141.969993204
717.550797332 659.075957446
100.5809229 622.417486695
26.6445847073 473.300220961
305.577390766 120.841365072
746.58457183 596.138485239
152.654522872 520.618841119
178.896620931 455.389755731
366.690970098 151.266997265
227.150776632 379.994650679
171.077414401 377.497969206
785.726570655 599.342951778
178.596269089 505.820464745
142.161817713 439.463193152
156.297522022 621.736397137
695.560003069 699.220599757
149.440503365 551.578749365
94.3796914686 350.873476174
300.500539454 101.558343335
689.907891475 675.855134318
72.6298735364 320.583183119
85.6636544183 437.516510459
109.023952716 465.4223364
774.638643952 584.680406198
79.7564881013 464.913716092
683.243027005 661.439242523
735.678144398 553.186546989
708.58423278 570.28201547
735.665684537 567.365818998
131.809152125 611.840728747
30.1750842271 713.998284039
189.142946795 394.026085875
764.922383676 585.641664325
69.8745583642 165.435352798
65.4284614992 349.228981031
42.932190131 394.112168668
776.152240805 560.568980878
738.877209575 669.464653865
51.6553392344 692.144400875
143.696910907 484.711395425
107.082620782 607.464548963
55.7219861621 443.466017038
14.8236035305 448.812246532
19.0143535621 689.575135441
86.3945385009 598.720513578
194.003328091 369.102402528
84.0935205729 501.209923878
70.6303896029 704.49532971
696.459421698 640.309437443
98.5338255302 647.419713933
681.954361049 688.149199541
126.303242682 516.67959207
67.0842110525 502.370500242
48.2479292622 494.320187038
719.955747339 607.769065719
758.177206174 589.507651532
506.243686977 125.241386585
119.354711585 647.57603999
42.1619909202 322.820354185
54.7403853451 180.416337068
83.2881003065 147.356654351
336.330284042 557.015994386
