303.390486235 509.557193787
320.878476329 486.615359765
454.039456651 545.371653333
309.011725141 416.223522561
259.523393698 619.596869703
194.485782947 610.020397434
274.829782456 545.064283758
119.543333232 108.843600341
135.696288256 183.950820615
206.650438702 271.00607451
246.702111204 644.792762661
284.281723104 582.642010179
224.387817827 605.882993657
214.294980954 108.054894096
174.877852558 176.610802838
208.630850525 658.315026912
250.261392368 365.217245869
188.185543506 694.828656306
297.510189297 543.77032782
533.635594628 527.499283449
212.824760764 295.216098434
339.055532158 471.207722688
441.894595284 523.639333241
136.339074489 89.1994062381
156.179431267 219.620145584
206.727821855 184.104309495
233.937988481 249.156089829
202.764388813 229.55964992
251.816472521 594.717139894
179.872721708 86.4854804418
296.878950004 381.473682941
183.179948598 674.046902476
138.713052278 148.359783135
342.856589941 526.057083478
180.251660005 130.792708403
554.231247906 546.076720843
183.073793811 257.968918469
225.195131791 513.969410683
172.262291299 235.366554536
175.792913104 100.958894135
210.256476216 682.085081649
515.913875429 510.534928782
235.895002656 662.60654503
185.256663512 149.961963433
395.709947509 476.162349942
323.458566949 541.402937709
233.362548811 398.814204389
189.862193096 413.441142274
136.290504065 101.330144488
159.328896893 275.667392971
182.179929623 299.53031372
500.370985942 553.852720907
206.292294808 587.06910707
196.891114477 516.654583401
200.08093154 702.51115949
205.019011239 374.366887366
211.910432403 541.29181364
227.623591022 204.512976643
144.787960257 108.960418856
332.594257402 575.778672342
250.625458422 679.952467118
371.815200997 581.391041456
232.795836862 431.942755424
518.82156675 480.586079253
274.230445246 610.351593207
221.981595349 633.969910771
230.244718055 700.961558412
219.658793412 575.088226423
354.65710096 563.863306366
177.088562451 111.353928305
157.478703112 135.143499744
257.415419425 474.614216578
194.339240434 126.065545626
250.590080874 512.136974785
223.633838765 472.812433343
214.70297166 690.844148437
181.761474147 211.996089836
543.449690658 473.23470266
107.725872718 155.116487423
471.484911482 213.004172571
560.527290761 516.55541755
440.036217331 294.969614211
198.534213137 337.811487902
270.480333724 409.38137945
240.49540118 700.791540423
95.3489809641 115.692489425
260.552946186 440.5069577
217.321039522 677.533263846
374.282760593 512.595003716
234.792896306 564.945099305
417.622315206 554.585881819
284.799199127 450.849960436
297.745624675 582.274830882
102.65289159 269.620815514
253.029277217 580.020530286
113.038406599 130.831616823
579.82066469 539.374954099
196.492147965 642.191534228
237.666236933 551.728205541
228.947661695 290.231945715
