410.443659759 650.782445999
636.790057002 752.601752652
317.193499681 730.74088828
489.359424616 732.594016362
446.040260133 674.825739377
100.417029639 723.822246091
153.438977006 778.630544524
632.484542629 499.339015362
110.531152766 778.569853629
388.204137004 601.639893194
197.438386201 731.469882402
376.77893232 723.354117207
524.683279459 704.85263419
663.045323376 736.419490113
126.611492944 785.20880801
709.113192858 721.82576563
683.250054264 693.481613895
312.164623815 757.636137066
192.076247738 789.473743598
275.691793709 641.558500203
693.662353881 760.009047102
680.057901954 733.894757091
553.081998232 419.360464324
599.515806204 701.109797583
643.417687256 426.2879285
656.915249667 485.257998576
262.82879337 703.582512447
484.720887326 704.48897816
582.852922033 735.847850113
297.208474864 730.523014338
90.8234637956 755.904344797
502.783657715 710.124913971
624.434667601 399.628921829
592.160009438 399.772578439
353.585675972 688.501245654
323.334763696 666.800892854
492.598627161 656.979355425
106.822616476 765.719946375
591.88582329 447.077781247
123.268875601 718.399447874
559.024269784 449.701865725
348.256116071 735.820837518
617.939200539 371.578940909
692.633421305 727.914299527
718.842791255 749.475757115
556.519271176 585.154827223
556.572942389 713.560852567
528.884055391 280.958956477
585.031587256 713.466372516
625.751883938 735.263854052
466.232486152 714.658768421
445.617954641 633.284241818
340.103790477 718.64284176
234.566884618 695.607951653
121.999122362 743.635272827
391.869620137 648.180882538
666.652513077 711.208069541
150.293238332 757.425946908
413.891660549 623.209092818
646.053203027 730.903472593
639.86804491 701.584033293
249.93323515 730.664031519
698.347404317 710.170849945
344.879264238 759.98674732
655.338904875 464.109331636
582.289672975 382.150865132
183.031567232 760.853861166
657.52097585 709.53279468
602.181096858 678.022871652
462.748759843 702.298188878
590.483990587 423.754040789
704.074993224 702.943202157
635.41979821 353.745009231
627.159144346 689.06651216
92.088936582 774.073174757
647.27187673 383.125282364
127.77217271 767.150085731
702.998783922 747.149365965
583.55167977 692.19836956
405.75493019 691.370582017
432.318230963 711.334993666
145.033605139 735.38579486
498.744264187 747.593316116
303.162328576 706.550376233
681.869442755 713.482529782
160.435286787 784.401847293
550.867107411 686.84335137
630.353847387 714.967265133
468.986706869 653.857523894
523.372639302 726.035015691
621.832504316 456.349363795
553.830878584 732.256830308
483.694072142 722.942134682
661.047709466 755.042322688
177.727702541 778.623312409
551.467523985 548.200678219
141.156612695 771.897906272
475.814428161 684.827524126
101.119319355 745.059242305
499.079263074 516.59148862
