248.143101912 592.733053974
272.912457056 571.618258975
464.757666022 639.573552523
226.23856198 471.652696635
179.669973277 679.754210081
100.192646041 642.999811192
202.226498511 613.821215822
21.5546982088 124.101964272
43.0057129282 194.201254289
108.636455034 290.517939014
155.203395596 684.977037349
217.741105633 657.252929597
135.220848635 651.066221046
114.977438934 119.068035549
77.1669803811 190.560631595
109.953909188 674.300466793
171.359958383 423.977994416
88.4596177368 700.689647448
245.407066434 629.044350054
559.232510998 624.080922908
115.140064175 316.324105429
313.312932913 517.120232391
450.634105727 621.339578546
40.6155196563 95.8388007607
59.3715345108 234.373748224
108.805976856 204.101361887
135.386118706 265.788687547
104.633265344 248.104172588
175.572100615 659.368630097
83.1681524748 99.9405312597
219.623905055 441.82566601
83.9215834368 685.584855284
42.9896942495 161.583727347
289.738893441 610.744030311
81.301044511 144.509266114
587.727812953 640.252335473
86.0385681543 281.6595876
137.600497499 562.171390909
75.3857314051 259.577795599
79.364108497 110.204278099
110.501835346 688.181794064
541.84461155 606.976772809
143.750840107 701.075730171
87.577114196 168.825093844
379.133449189 506.571744715
270.359467865 626.053225914
147.886391423 450.685395149
108.423719594 458.51756706
42.0347846233 108.972384413
65.9489237781 305.850032121
85.2695078166 324.048522387
528.880378793 645.060475057
116.902402956 631.180167461
111.598465895 566.3291928
100.535120315 710.689887584
118.92906453 425.078700628
125.909623649 592.149874307
130.071841375 226.345639009
49.0878101553 123.282351233
286.953127326 664.724507545
154.963200083 708.106175914
324.482441917 667.159570169
150.318805348 488.306389179
540.16725173 573.293670343
207.731101637 684.791347235
130.121793971 673.364528106
132.025009014 719.051845851
134.337263298 626.885375367
305.971804445 651.188501716
80.9847918494 123.65649626
58.7859224039 150.532491635
172.429621141 526.96511365
95.499729193 140.748948559
166.364603574 565.574537419
137.499349103 523.431591778
116.487390854 708.730561166
83.9463884886 227.837828904
566.0054246 569.104958062
11.5473931564 166.967357679
470.408272882 213.011347558
582.33094048 614.124493639
440.253337256 291.867681293
104.174563031 357.912516186
186.84343788 464.002106081
144.838582527 725.448966711
3.97465130082 130.544603031
177.049065738 495.330070029
120.092656063 700.475027414
352.122391668 545.289393316
154.637461019 624.520428192
437.184224666 647.082938268
198.647936012 501.385333888
246.452392979 668.092673145
43.8316974652 288.317852296
177.906327231 645.90224495
18.8107179676 147.698779917
607.277345415 635.437202626
98.4249864912 661.414471907
152.736235142 604.2049427
130.593062469 304.361636226
