702.505114247 382.118038621
451.320169307 113.229325077
473.766498708 152.917147933
466.511846526 119.904732578
630.871592686 571.132922335
420.906487157 546.30467271
189.109192781 40.7793788303
617.427723973 52.4424963777
546.770433686 90.6898812072
525.192629099 141.76100653
382.243261192 69.861350139
510.076957556 52.7760082495
583.343862983 607.892613297
314.286399334 38.6741227317
594.304901656 681.133587475
543.865819911 108.707618499
513.767603012 114.860917021
608.860887947 543.987218576
635.063859013 536.318549698
555.116691007 38.5425356166
493.292605379 152.66163694
492.098185665 112.736972244
615.388877498 698.813277167
249.945857859 41.0237910937
156.749251718 73.9642977127
613.991425799 682.891137616
295.710375203 557.967285079
613.572824913 113.766434213
349.005266492 26.9453817749
501.817197201 137.044943391
559.308398592 94.8017162782
458.051170668 93.8607971665
596.738347532 241.570749631
361.057488376 71.5700904399
548.048743832 124.065904662
427.145309797 119.855669269
568.062307021 243.821369247
617.419638172 81.9404287443
497.483751396 93.0775404602
472.674446532 70.5067887779
422.368832105 476.581287634
605.995284158 598.657495519
685.818507714 378.513744515
167.773435559 49.968945548
582.869167911 525.74126417
527.29651307 51.3640367046
615.526717435 661.790912973
159.624327562 96.9975357643
581.368164339 566.868548783
560.379118059 209.446331593
350.90523477 41.0056010755
195.104511973 58.6100322225
579.442573848 216.737653957
477.129453891 129.850546374
635.170265452 696.983416144
339.821114113 82.1163660066
450.309668994 144.995849631
570.739002747 99.719034898
572.476675014 24.4325245702
580.5180704 84.0174152235
323.93575367 117.959415437
590.801428173 68.6185868256
524.06007494 127.993881628
527.325357717 420.669364859
366.13530563 89.5300985583
430.605256251 137.999939725
516.413774058 96.9253705707
205.551451508 84.0375134461
618.77484281 512.434556111
597.224678865 501.70653675
515.557940066 71.2734458152
258.411738495 64.2296628653
522.740114097 86.2463471772
273.606391241 34.9792127666
566.820677875 116.358301429
634.565812577 677.90779272
595.188431284 96.4819408957
312.787287536 67.564698888
377.004498583 34.4348111857
544.114739495 62.8646562371
486.358744421 62.3350588448
562.293614875 53.1190820329
591.995296788 205.271802591
615.769024792 618.745554078
672.790034069 388.636881319
523.269731072 110.003374143
473.921070095 100.539142884
569.285827972 179.954571854
553.063520652 76.7628833536
582.864286979 43.8980036433
221.133112957 509.899636377
214.751662086 37.1260249868
594.138926508 641.140559325
548.180609176 30.6977106337
170.600310119 70.002134383
521.297029603 26.9519083257
391.573320624 54.2860301888
500.00834759 433.354355024
218.373528438 66.0349073692
347.216861367 113.756685486
