260.758797876 685.347131255
660.875116139 280.754739952
446.232724146 304.904023361
472.652500877 267.549477388
645.523962446 113.199318422
614.459398487 130.093265982
670.383045595 197.299876707
647.976091743 304.523075533
387.751713502 285.967234177
502.869159811 218.630467742
355.764469033 282.190520361
134.323316084 307.602950287
628.932359764 137.676437821
405.825641002 313.801579972
567.769535414 182.747060265
422.282966838 215.422947909
317.393908417 226.620558794
482.652215159 239.099773461
692.249632075 294.374149033
587.292343524 267.906293395
676.860857888 344.100240657
148.513866193 314.379153282
673.547172641 212.483377107
544.627121888 197.665803189
181.651447909 648.994261002
457.764809914 230.383941399
696.587843885 247.419821373
569.770538866 300.007242266
690.957973093 365.674206497
664.749833151 113.83529433
660.215360556 351.448690232
376.977330758 256.514129652
677.129197646 169.929144282
343.467931445 243.285183011
646.995540615 136.215775408
261.733552193 665.199245467
577.026165291 207.432284595
547.43016415 288.338301415
686.983597291 248.30641714
665.156934833 367.8837852
558.904093563 255.66165414
693.097218706 315.892228395
639.324389481 77.6994265709
507.027034732 341.52364636
631.21344835 312.488218597
640.575448931 373.022237679
177.146687486 276.903508345
667.41139358 304.423849807
453.864160098 358.152620916
476.247815758 322.524344467
628.265743248 256.994317204
695.164696972 200.907209862
616.363077113 266.006745652
497.89369503 255.835885095
574.558066828 230.782855429
631.241302795 105.098457486
118.201799674 302.779044166
607.274203144 293.585874728
449.770132137 331.961156034
643.085732923 254.907846404
162.218069369 286.146285745
658.807270071 387.130547306
675.271055985 377.776961209
672.096022869 229.099285968
145.513681072 263.485476793
263.436187563 699.935026282
650.582006411 176.713924214
662.603218382 256.523629212
634.839659864 342.682525975
669.768142057 318.926314852
303.335116966 247.847277512
538.516453612 214.808856599
704.27245848 247.841967365
100.900276596 281.691410307
526.937632427 254.661163419
506.073401938 271.454156836
589.600882192 127.696557934
681.660766084 259.867520381
704.450224624 267.075259271
644.182107852 199.156300218
691.60506009 272.64551791
408.09644834 254.015800892
642.49966301 236.290756928
433.050057729 236.79834171
609.525313389 117.698537859
397.320125623 225.108639799
131.286492875 271.62280337
522.648298888 306.476822173
101.161364482 301.531718217
654.028697212 96.6409068824
474.848151748 284.355550958
601.439638078 244.898871289
321.1896696 258.244957757
608.933850455 336.535758148
440.172212357 263.471795739
490.633830618 306.221561809
688.478126395 337.856164307
422.104026049 296.198279689
471.313813203 341.630525157
608.079288531 95.733004352
