186.258312758 694.898375688
94.9877752048 289.881956005
92.7136747955 128.730610122
63.6154779264 305.593839858
173.352827166 196.358345243
56.5549071844 343.165098391
610.621012882 117.730269867
201.322763399 224.211212616
313.969933319 351.252520772
105.47596952 166.638323485
148.566403768 576.974417817
110.487477225 175.437251931
167.510728146 227.957177241
81.1311675654 116.582144108
117.139122091 154.008607095
172.006736898 142.410188183
71.4471848278 377.937797587
158.438260489 169.247480998
129.374618959 306.26085881
170.995605675 575.806828616
266.345411082 105.49278615
98.0587316142 108.767468718
636.884254332 88.477480703
119.143750487 114.77457997
77.7434101583 136.325804717
101.292661392 151.798932155
286.682223305 102.208084277
167.647303827 603.832271464
236.340532018 173.271732716
610.410505976 95.4274557864
87.4592510102 323.054436906
86.8980776279 361.386757015
278.68045144 122.067089993
132.167004107 197.063119754
204.727736268 700.202913853
187.957920585 711.754499079
197.950029033 99.6757542116
161.114391274 699.090886763
629.029732403 149.395432321
363.145766318 322.990059704
71.6259942234 163.704141172
435.856711486 194.436014009
223.690818625 144.176697899
117.384429057 368.837813022
235.463444381 135.262135381
91.8352505476 154.309100357
127.66921997 117.688974006
247.092011542 534.712997029
98.2228894917 130.935782259
152.457041675 198.36425487
240.031052764 87.7737238554
635.267792648 118.172940528
231.831563136 209.052249318
182.851881332 119.514238667
120.930968468 336.963502521
206.650847065 198.71423874
106.250663045 111.963964729
159.081339855 293.229355248
138.454959842 118.034956358
119.926810668 251.161422484
84.760008965 174.5895215
211.635833397 539.047150074
226.289461215 561.103638625
416.3956953 207.762340799
114.836460244 145.106691622
187.512779788 666.322234772
268.757363959 86.3308002634
204.914935126 580.240503237
150.67243141 321.34006799
203.712083726 680.43228062
125.809936882 157.440034339
212.35819205 119.021764578
537.951922823 329.066685121
98.6575841354 166.631915034
129.665132148 226.033042983
188.853967015 558.322504124
149.867405048 133.129568128
340.668219048 303.49141701
653.306834384 136.586048563
245.403685757 102.137037899
208.559562181 651.307781012
45.4918381518 368.517645251
115.230004237 276.426774562
189.044153673 157.360787233
216.468474037 101.650780969
193.099066254 183.871945698
113.275969439 135.166412014
150.333778815 665.593043193
87.7000440161 124.469116246
194.682338111 135.553500928
59.5902818604 137.330838201
164.226053042 681.369091157
117.163866519 183.484238889
142.853783831 268.827252811
132.088932087 169.56551374
85.3650226337 154.488759679
314.962949093 103.338534715
99.5351273488 388.729107287
94.9821405984 203.4670863
154.135489613 103.690245818
