363.037683236 126.734745151
237.466875601 230.543359763
486.386687983 342.44038149
253.851309728 676.037023983
409.470924782 306.549534193
195.904146991 654.727149995
307.130462799 201.042344843
424.969152977 118.784217371
370.991975141 106.204658213
450.43624581 596.156138659
323.839908907 383.151917387
375.04951343 162.704165726
180.800288548 673.349698452
473.03285296 254.483565795
305.792181695 140.852552627
435.119470686 356.511288959
464.0284082 285.447784556
354.193342307 95.4876997333
304.68090051 463.822002638
406.833575409 265.138597636
293.289316795 370.410853916
367.496721014 78.0220232126
440.966801749 219.656378484
289.243741133 175.932037774
377.937461196 238.066907725
218.245810216 697.969971171
204.066318135 217.341880422
372.321392727 124.475222157
337.484299842 87.4956157789
130.927323202 252.336447329
324.52157316 157.982977931
412.851764038 238.217164183
259.490740973 692.879817346
335.368183528 473.956636448
191.31630774 239.394004202
240.314563621 688.91442305
301.308118483 400.999529527
397.246642515 185.63216552
328.0031274 411.21301932
341.044269431 145.815427032
100.222758069 242.69638315
435.154022548 272.771959522
282.424994942 147.222740694
455.919693069 315.202498559
438.173058064 298.337937336
433.796783427 252.297330759
117.373411143 270.049876462
213.931411579 246.053558413
252.273321697 705.985714746
307.320333477 424.252976658
414.714748114 197.795931828
277.345127178 638.895178531
273.741802499 622.239140409
474.780013669 329.244377021
346.428721475 114.198589577
392.265401959 117.197733644
484.865832705 306.179801204
302.340864909 639.543250622
315.188648698 108.94124936
279.481977746 701.7987672
200.289931703 677.124351226
440.870648524 132.879406916
205.376174303 639.317797326
359.756551893 191.803245084
391.67615954 292.753357231
185.717314161 698.150708869
306.453307543 97.6847726934
302.469160473 668.229377986
289.233771385 441.02968312
334.06000171 74.5149044157
333.842586663 103.670492784
413.01894003 337.824013567
336.18404455 166.924486236
274.740520204 686.524558481
261.220699893 378.179191173
320.184070978 127.87266696
280.771382419 656.265851244
340.40309549 233.652845517
405.039275949 102.902138101
375.26506672 94.8836465158
400.438408148 165.982507778
380.275917088 268.551801509
102.171990086 266.417319149
209.678561264 203.203524562
292.158223982 117.30270084
319.546240107 445.738071647
378.558407247 218.483604686
452.305126082 352.748938213
428.823643248 329.785823525
397.93855034 221.392053925
274.25586169 102.126332665
261.070605507 665.416791108
209.217532163 659.036595868
384.068653405 140.010665987
442.37318009 173.869528006
390.075846505 95.0623826278
225.534800159 212.408912443
407.577846709 146.239429977
112.628376221 238.27780267
272.830677085 402.449693177
