141.90151272 578.51450489
382.803528946 160.50779225
112.976736474 189.131289972
250.713324897 127.157686709
336.61170259 126.23795576
287.976764109 150.629214319
645.783938513 145.209054785
507.993719716 117.642962658
179.00879044 145.850545127
85.908107575 138.283480428
153.389911665 149.896704301
120.847373741 151.661217196
371.146654738 146.495454808
76.8857376363 170.861345709
97.6627278128 137.798017401
151.581173527 106.724660577
149.689944992 128.628385061
129.788428917 105.382328645
564.67304284 235.418040084
124.847338372 524.098901673
612.019165246 137.224227188
90.6633225844 171.373960089
683.917306695 145.212983806
107.843095086 119.766721172
101.814989446 205.579472991
67.062663721 136.269683509
668.106048443 156.762126435
123.947294286 543.622700211
551.541774865 138.006191941
543.102582536 122.22202573
538.205399383 159.442351543
207.525348149 137.956073054
653.506689593 165.542033116
138.013509465 170.58799628
350.297153616 419.35476302
148.284141306 600.291477547
184.089120332 82.787072881
111.377874643 597.660674472
688.357628544 166.705298268
512.22936067 173.451182527
135.506072655 270.457814816
698.762265177 203.837107208
282.49428062 114.176016865
210.903384713 155.731743977
388.330565336 131.304075476
148.580421796 289.41935181
118.824906524 132.179570901
641.344567107 193.73643208
104.50887943 172.429817577
166.096775817 165.982183828
322.222547605 106.982711774
697.52639727 156.939885753
584.049138209 161.580857992
162.426841005 94.3731743407
250.236607717 145.930963758
244.127618641 114.645033502
88.5747651857 152.847517276
346.936080348 169.651768419
140.12331467 147.178518005
429.363162586 122.903380074
105.238593266 152.229719501
172.925714336 549.14376382
556.335774193 183.683535942
625.598036154 169.463238098
81.3871337995 123.286527561
139.523384863 554.882326928
463.762661753 121.707716371
206.593468014 550.890331833
438.998291953 158.528886387
165.515507738 577.118855078
125.595719408 145.554562324
227.537739296 103.288056137
701.039581437 183.517333607
52.559546851 149.277494539
289.244825593 140.316713748
216.453353533 175.836270842
107.494313948 98.2568998267
665.481058468 184.226688204
708.899595838 164.717932297
364.245254102 116.316878954
657.364041459 233.295410471
203.137294284 127.488599627
502.22147324 139.593429239
198.90020433 106.818985634
261.757197032 96.2032220735
174.364757693 116.106065728
89.2207878223 115.945789421
102.520023282 558.925153537
71.0916008027 158.293859477
211.462009824 92.9401545655
107.01467089 278.027773595
117.529516235 573.215314202
122.647874882 171.250273133
473.576628859 151.025993303
155.920856546 186.371484694
104.886010506 295.81468532
681.352098019 193.279475876
163.107866592 140.923207795
130.504641878 188.673342241
132.804552155 87.4840346436
