178.09436688 387.473628318
442.393270882 348.186692401
213.304502095 465.043626535
358.755626612 326.357745282
269.288797765 443.968434231
59.6562610716 329.432298562
105.303559383 397.20504018
35.0015474998 167.003916651
286.538327339 430.85946069
266.612179852 300.018060684
116.013641416 365.619103234
236.611115637 456.408652382
132.112556931 206.87645374
616.730099563 348.284192233
275.243763559 390.261085096
673.568483197 323.7298271
600.708467616 326.041304257
317.713213752 353.094975615
323.738829805 414.004971134
152.783635365 319.373710671
689.309079719 348.851806694
633.090516055 345.759926838
135.337892242 363.464187452
167.827325554 226.476498708
6.83508545753 109.080353494
91.2950017933 186.343338121
224.325494951 289.006568309
77.7147294418 225.546830303
479.131758986 363.186677275
119.321646944 397.359294982
89.5949350577 364.70765775
111.560561233 237.436608279
3.99591879766 91.4305950177
238.429321062 327.994367598
193.687630028 420.863909204
129.929050857 373.108041635
318.844753352 322.107272247
84.431555408 388.452689366
152.377962304 369.915953951
227.372279962 270.46844614
206.972430777 392.88776975
206.495255861 447.135345987
21.2597274892 88.7729319496
645.187103353 332.370901543
698.342196903 337.141186088
93.8770249694 130.187758587
446.905228268 313.752492864
644.357754766 370.255644174
28.1323325441 265.308557093
66.05075318 265.477064983
394.710669338 358.958118831
142.441598907 382.355243086
228.50796066 432.440355169
212.968953075 307.071136338
164.700904576 312.481276014
140.492503701 354.652285804
479.057417612 307.171929522
119.011507288 348.030960742
203.819205606 331.557513899
472.7462718 343.81685122
79.9454086724 270.750231864
90.4244883195 337.987122847
663.85126431 312.734531734
343.714790701 389.048179579
76.8610472923 95.357588788
164.147475169 359.331002525
173.18826744 447.853231066
500.608420484 356.482721017
60.0523788943 110.944908765
347.512754691 356.503881196
230.445376636 382.601192635
690.096767775 318.304880518
30.7961724311 98.2098067045
135.890929596 252.958794044
258.366542692 367.784412231
45.959455782 89.0008262726
154.435172715 442.61024523
667.858596451 347.239494488
37.7433559022 253.229986438
253.934813692 423.175779066
195.284542247 364.163136277
108.538969003 371.32558391
409.690412202 327.842177165
108.972253884 334.800344321
625.971042724 320.085576427
298.900148292 383.909974423
67.059342594 148.897061325
98.1824104271 262.546195218
275.475445299 341.865941559
10.3307100263 244.161253913
21.7608486121 125.44080281
52.2941577919 236.210203878
23.4238307478 220.888585636
658.410931803 366.00140117
186.752067546 477.243747709
51.2318443647 192.524139985
300.486256615 416.267813465
297.660885908 369.645898729
75.556373946 352.74168775
322.748611195 303.491469232
