525.644870672 144.126168873
458.610536807 116.368742329
535.219419553 186.303893984
525.832283488 213.024805832
491.411602003 678.694577418
406.227443434 498.604794339
388.114350557 198.567657672
682.873956376 361.194048588
588.766910544 259.458355121
357.110918783 175.405617128
463.625217447 168.283981134
553.60573204 199.204642258
235.907779207 240.68680031
456.034657377 140.475036827
431.145371794 523.353984605
555.318329249 251.417899714
568.553944255 236.167357383
537.321858019 699.442814828
510.348480437 697.864037658
362.932955094 106.197191088
385.838220284 161.005897738
560.150159719 223.934738664
453.621768938 533.099392166
397.464991464 176.588861881
440.241482913 241.064054094
439.738406047 500.081161488
206.91351764 222.802255353
500.922708536 258.538770576
482.652453636 119.667200866
525.321176783 242.392783262
561.976739865 276.653377978
332.92640217 150.216816942
493.228386304 239.82666921
454.389447649 235.403763636
409.727805847 168.057743792
426.415023863 112.405268573
475.589062322 267.288669085
518.629643818 284.742173674
582.537814004 197.736784585
355.999118031 142.570648581
444.720755748 475.226624684
508.35627164 681.812160102
477.585443977 188.499935316
410.827082473 208.616144418
562.509813083 689.885798815
324.864164314 134.56886122
457.9484139 501.722617931
521.442517597 647.61988152
242.417109262 220.703161123
476.222971016 226.312592486
466.080758705 157.033700606
542.538289804 651.404775793
504.02512053 222.580381961
535.052898607 233.170064402
504.010882251 713.467187537
544.867929021 670.953964987
420.437086412 130.898588891
432.721491213 143.813346984
378.082550947 104.550219756
600.061200058 244.880591222
223.68235155 210.740782171
636.651901468 244.589633863
406.56098186 149.311420743
492.199571997 659.903326452
524.143169302 688.135932928
359.62345574 158.750320519
586.782684315 232.442028316
514.962600587 665.226752911
540.204729314 710.308876528
490.293287628 171.553516728
607.318928144 218.076078635
457.397875651 213.891779253
629.968585527 230.863637114
374.648436628 178.454285992
426.274928386 164.581246739
489.249449756 695.471226219
520.345000693 172.94747412
420.725119238 195.800291265
495.89256349 137.407541854
349.008015626 126.816135436
558.088020685 171.46983105
395.747023684 124.633889802
505.984227441 207.599709156
470.878990517 525.306451818
538.799815539 686.68426906
536.778640675 263.241259703
377.790840595 145.272316643
500.244273865 194.559321964
620.788688035 259.040352213
363.001574164 132.142366044
479.995020791 494.933280665
433.032451836 182.944954457
217.166977841 253.572813489
335.488611391 99.2040450892
428.577397818 217.779807525
335.061143324 118.709663144
495.94837325 159.698994434
198.419838938 252.200506385
451.480932565 196.04263491
486.753040354 518.707369998
