169.295252956 623.044913207
185.507257609 578.243775996
224.119434271 298.33874018
131.935427935 648.582459274
141.34518732 675.054357441
91.8200573535 656.888502075
182.132847702 605.810622391
81.2370996321 100.112312162
46.7238403041 105.561012778
223.480292931 529.567670647
476.187927185 694.270599565
166.018148239 681.879909515
178.598342757 514.537911895
131.564323639 127.203345458
78.6566310791 146.456223205
71.9472212088 675.272764099
102.12962987 617.957965081
174.084400617 536.711862552
151.00457331 652.171198256
167.57038298 348.226888115
322.561484234 538.602440711
390.775538484 589.266065721
258.567649156 536.001226067
104.483706996 98.8082550123
50.7706497061 161.716864313
52.8789916167 142.916898064
204.233561073 492.986581712
123.025741488 349.000301057
151.77601156 579.834651828
150.164403136 111.107138461
116.379991823 627.532922357
110.071391327 691.445752063
139.590514815 345.475795188
171.696058897 667.648696723
117.360961938 246.354080234
179.762537973 299.409908798
124.432086117 378.69002522
190.145673608 534.06651513
72.4846441728 221.541225579
123.61344543 102.71863581
95.593698032 687.551537431
232.480716283 509.916448166
437.057195041 693.248182973
139.539614512 317.27927666
381.919057628 561.334264854
140.573535367 690.504497847
86.9441981896 637.711558489
59.0592570825 654.803521066
105.095092141 115.748884931
89.1521509957 331.916170829
326.062655369 582.710411779
362.899872362 606.921121106
86.2687390757 680.702844343
131.564491785 670.29032587
85.169032613 709.11929261
74.830078945 655.93373365
13.2108163734 164.078521259
84.3970177347 246.171999984
110.119373943 137.446886643
141.186645798 706.639808037
139.723716525 614.749161058
160.145633451 694.208074713
69.5728880983 639.493811684
237.662983232 481.440599572
120.422638648 708.976471933
448.282904859 679.005462205
126.885531837 565.61428091
368.055936766 644.833158396
158.79528885 705.892167138
157.680760869 138.550267189
98.0549492655 207.390095322
28.2997758025 179.932201057
125.014219132 217.076451419
431.416278141 654.513302239
109.692350372 663.113239136
114.566186126 547.978752002
63.644588832 183.944765859
101.62539035 294.675424562
61.1610606364 125.859399109
140.227695167 246.01349428
155.076064289 381.338160497
78.9362525295 167.857807205
402.126086532 636.95480218
120.445992371 667.430517677
113.312256238 703.619463724
80.5248611508 125.042713954
99.5250393135 643.895891036
401.677147449 674.48985644
449.441991843 634.734840276
489.74169593 676.820874272
210.575537083 278.447209262
19.8493474653 139.566719419
92.4672426189 715.659889448
50.0606028393 205.967339697
167.860644004 563.085352952
60.1263929083 100.983526071
156.289128249 219.157897437
94.588222331 671.053886143
469.776725471 669.178103548
365.760551714 366.279231817
