710.040033806 706.373762004
180.025252539 352.652164885
564.269530843 677.988215851
604.030929791 686.757467758
183.634747896 662.249289706
331.332708511 319.178120592
592.612907564 715.335538274
381.644577553 546.826158659
700.843048762 682.613554843
301.301592886 402.856700214
513.540417567 100.903466651
583.468259793 677.15244005
533.301081406 700.834152442
594.892612778 695.114076632
501.274754884 647.68259731
328.597568749 366.271542758
532.558909502 640.389890092
120.70519242 423.325880404
258.173077926 328.075851658
167.944292785 644.607367416
694.403717267 713.562606945
204.760740837 604.417757019
223.202598641 613.197572603
227.791149813 323.075508244
361.831046219 494.694894089
616.775219241 724.629087015
140.312657802 129.30363779
359.045060734 336.940850115
220.734508311 301.587498528
166.066823671 327.763450181
165.699775257 137.402100507
363.233503815 312.2065146
149.556526371 312.133401149
100.260154355 555.80762011
597.326498869 733.751169726
204.578506757 665.633749578
196.685608557 297.98122998
222.295641598 417.74768959
186.692850885 140.054953266
540.015091751 676.30549555
240.324095551 510.957765144
141.372568781 360.831960687
303.628200306 121.864079278
636.978097881 717.390610724
279.244617493 392.820824808
321.472089422 345.609072181
360.115609342 157.13375542
384.111998216 292.360737664
325.09882523 284.698787247
723.056374908 715.449116823
305.325381674 378.149249752
288.593632573 335.382856818
300.376957358 520.990811931
515.953921373 703.142337023
267.135236763 415.543537188
264.640425074 305.294319792
294.443518809 100.841533587
510.581678623 689.6702497
237.966551137 264.024343076
238.673957379 346.140782475
254.911593743 361.626986677
710.863842617 698.117704652
222.667359915 363.755237908
504.145411234 676.766561485
695.020468463 660.163653837
553.898639226 629.18304233
667.192545576 695.014612348
274.526173543 503.77746654
142.166717981 665.063265204
343.199018675 301.400094231
689.617314427 701.998485718
178.866570367 164.232989742
231.99473932 294.882552283
203.157931629 323.700412899
721.029319791 681.938428307
571.060799015 705.583675228
183.008936636 635.672218565
279.62458228 366.932828107
249.811891716 499.331012346
198.567767812 347.890002167
139.980328917 340.660433965
103.074132046 686.422920291
114.3912967 542.058742824
349.895433547 279.691186949
130.090094292 471.177320559
206.408866055 646.525761075
518.615934878 662.9807472
236.874275832 534.19643131
502.600982595 700.735532051
253.238124377 389.375574151
105.470322651 452.758637135
96.491451229 432.044427747
557.827703101 658.215483211
655.601216508 713.362616867
506.308486592 118.94308708
260.45377613 538.240849068
203.256334356 277.647474921
106.692627959 194.779282296
205.732858857 138.713028466
353.639160698 523.811009319
