232.340022245 284.455496925
164.445334489 173.984996404
220.696299109 259.655213334
266.910774578 237.0841208
152.508233309 149.84837861
347.727122523 215.806157116
464.194035037 213.220096091
421.511836004 221.435853172
343.286112844 254.282634245
221.450467311 525.830655956
252.6339839 332.694615682
131.813255068 290.884413516
233.890441331 311.867344475
251.363151245 471.267723357
382.615280407 257.768255176
173.211295364 280.508464004
239.519747531 521.186242776
625.032125498 499.46403384
114.331157458 169.83213256
150.177731626 274.495521919
132.868699751 120.87584958
618.823586586 478.588214693
401.811557466 266.717268267
248.767715572 246.971730359
129.113487132 250.349336157
137.651514594 204.907899779
310.88488604 181.940901012
331.464245755 181.01647209
393.651686365 229.98168227
113.252100546 287.798520771
263.992747504 268.376733192
272.85238974 209.450330215
190.594297396 118.775716387
118.459904542 177.972215276
243.395474614 543.417837508
152.618381099 258.12225286
180.399299067 147.15831782
303.543392977 281.268999443
231.419367517 187.852411253
112.390230713 135.701805442
307.60521111 234.743588599
167.068802794 103.685291618
397.071524673 299.83430829
107.040702073 220.192008671
181.151177908 225.246712557
359.454936435 243.909362813
419.780005623 186.603495583
335.077614889 159.973155449
175.969622634 201.142129499
287.825512173 206.448192811
138.458865535 226.724726149
149.28420331 250.245139629
199.656484425 173.920989709
324.306542521 240.778341163
411.822530216 252.282342248
145.450375548 298.835874016
220.828175894 500.584089744
184.482572309 189.702186543
431.949893764 248.285830709
148.880077393 96.2815632881
266.271469006 163.083166472
210.365912211 338.013969478
325.099985551 210.265942235
124.688328689 215.157450059
194.868623991 241.271141459
113.483983217 276.934354109
451.283463724 238.059752891
115.638653134 246.722110095
197.296906631 298.557349671
272.853073141 294.75969107
300.932794266 219.879410807
259.196428364 563.559758907
285.858567549 141.764404948
154.137017259 220.632162341
241.237281176 215.409692266
162.071330258 265.866151419
128.928290893 276.131379466
239.466229252 160.189115081
266.77577638 183.374753189
372.618943835 217.358858399
446.583002059 202.580982263
244.979216653 506.294734146
231.502830618 134.203219885
286.314866357 192.364423679
260.348195241 503.289568597
199.206331421 219.340842292
104.01635704 267.274796851
149.356695834 125.012182878
171.97601264 255.978722138
214.803779183 161.281400766
375.940374862 239.429553622
140.095787434 260.954738635
358.395408565 185.826300541
203.213431022 320.119254702
128.422085506 99.8072850214
261.421418672 145.144369475
120.151897795 166.43349875
388.211375798 197.121031894
289.642186018 167.515638681
103.588889719 185.188662173
