216.856001188 297.091468267
145.120237543 179.113666401
205.186816681 272.282799678
253.84431566 252.225299164
132.511622417 150.201458136
338.692605349 233.648768457
462.09989274 233.101188895
419.009574352 241.27864924
335.21978048 272.580995966
206.08173923 538.628075399
236.776202566 344.871952403
130.51379308 310.81338374
218.955189696 325.16839998
236.015778621 484.091778366
379.021037007 277.439552278
162.417668326 297.278444733
224.080976773 533.895959807
625.135142185 499.379041987
96.0569134975 177.953402604
147.139590561 294.237191319
112.868985245 120.982601038
618.273744736 479.263668325
400.036429742 286.636528913
232.885883499 259.127289356
126.576202337 270.119459135
120.303914129 214.835807776
294.554543658 193.485668322
317.893096409 195.707294286
391.946835182 249.908877929
110.652262469 307.622717007
250.29820134 282.950934255
258.017740613 222.856819314
170.68086489 116.921375427
105.27197197 192.968131374
227.401789668 555.418817377
148.798087803 277.604635787
160.419223684 148.03425889
292.010828082 297.608091718
213.609485733 196.949857814
92.5844265509 138.481884691
295.859343747 250.930121551
147.268695384 100.907013493
395.863996302 319.793124242
106.028196301 239.268867454
164.018807113 235.545045159
352.94097585 262.792300702
415.584340173 205.758444059
320.040828958 173.154553107
158.150616634 210.189343211
273.771698731 220.67509708
133.750356405 246.085082722
136.461364526 265.224098604
180.421969103 179.400036583
316.511897018 259.194886443
410.417310407 272.232892534
143.903540132 318.757662012
205.071101299 512.901092093
165.908318235 197.113466231
431.49102928 268.278730377
128.993957449 94.1582945709
248.261261483 171.755703056
195.344289622 351.215942436
313.552837122 226.594346132
116.934236938 233.583412242
178.804284851 253.127454319
110.624960388 296.684406584
449.409074361 257.971026969
111.230681512 266.125176446
182.080780259 311.490699207
259.237412351 309.40261576
288.702289141 235.700470808
243.403193052 574.70551227
267.907789834 150.57465309
138.201021804 232.704360927
225.249808646 227.426373915
153.189538081 283.716522857
124.792328899 295.646922931
220.664707772 167.008057783
249.830920557 193.973432504
365.989187937 236.227775986
444.473757979 222.469366596
229.305030612 518.712812372
212.398578521 140.108888789
270.702396206 204.863817147
244.578920717 515.591010754
181.738845514 229.081548694
101.903652766 287.094086832
129.491594694 122.699778787
159.566302255 271.635453578
195.456966548 166.335015783
373.432299318 259.271562916
134.577077343 280.130058496
348.036500475 202.93296757
188.231309455 333.334287753
108.514142638 101.59395206
242.382365142 151.259310648
101.205619198 169.786722144
382.749967518 216.357836458
272.598447504 177.980333902
89.1551797234 198.995762701
