194.103177982 424.252495043
550.476850903 128.23204997
538.770557805 93.7298668233
127.378074941 416.828803608
495.302735485 235.544097771
358.254169966 194.090240453
722.027202573 62.1560047804
779.611947973 66.1235814195
182.264112993 386.191192685
455.751138931 293.649713059
551.445191945 107.320749321
104.090770176 441.177545977
790.151630558 111.182357283
138.95207847 439.353692166
399.901451554 101.768407102
774.573771321 131.789760786
114.173121358 459.905178707
743.54492366 79.856726385
363.226456248 178.382563133
604.455635847 101.188409743
168.670003732 443.10220022
425.400817914 330.059395402
395.563176874 673.799366498
288.146832355 134.728067632
768.439986146 42.1420290659
214.249219553 438.172222656
333.127588067 125.806869354
577.212923244 105.421077244
338.012780769 113.861520024
403.471789725 148.970245395
336.595652075 141.691372506
324.154805399 178.098690487
257.855891891 174.957355996
412.78181251 303.304355401
794.202349191 74.426113464
374.464079915 690.085116051
623.767243171 88.8526559588
364.146389301 661.940644305
350.989749576 126.011028568
346.494670662 167.519015871
407.56157534 631.394715718
508.784664434 133.033126438
649.167073066 75.3172274755
157.241664932 419.312316623
432.133193878 288.825947762
376.849076834 172.715955879
426.614450593 125.343516798
450.751864775 104.237641443
352.478299531 109.441042307
225.358095177 421.513404767
446.555753968 258.50521332
306.969654202 157.572912373
403.37763098 654.045948637
755.392241282 112.770655098
379.510512178 607.733053663
762.291929066 50.8630795814
501.397628566 111.311994608
789.976466856 94.1898054685
377.968896729 101.811143677
388.242616024 127.141753443
777.676912344 95.6087098721
233.653794243 401.939859119
417.946651866 267.589772291
309.06732128 111.301750991
163.430493684 374.427266104
112.595443975 408.880883086
140.654187098 401.907031594
415.165810862 671.541319516
644.177249793 100.221409484
275.24022097 175.384963458
211.683701227 406.16515125
368.57169956 152.480059135
757.458708442 66.6447235225
261.965890974 147.179864836
221.436220727 384.953604732
797.495045998 111.342685708
687.300342367 95.4060879055
747.739924732 103.446594339
396.067105683 607.843827083
456.686037637 118.880760284
378.50689414 199.466323935
479.675589871 148.1736036
377.68039923 642.991557825
680.381886808 57.8731535063
436.327194603 314.304639305
369.829925244 585.551822165
773.984628755 118.370336154
386.898993631 696.532238525
739.779372909 51.6512501848
727.834567439 104.269998806
720.199022933 92.2016833862
696.493620411 75.4988338762
130.577285666 459.7451622
187.631741965 414.676860966
404.683098752 117.09431592
401.056098306 698.574517817
331.037982376 99.9643106783
347.304649205 149.71880531
365.193137734 124.821000474
308.266151734 136.039694778
