256.476912895 519.922390774
659.202756165 583.042542682
231.872502852 536.296069057
627.925682104 545.54431416
389.408102091 565.759714443
101.110865555 551.418379083
159.694387308 597.07672412
618.639167541 148.107165007
532.176470478 602.594339827
231.742741123 484.470460183
164.087864978 552.808676102
318.840727233 559.421940307
622.351108115 287.935689341
667.617453822 597.471326375
552.721105227 585.161353413
706.340903444 583.823862139
690.213019846 565.132376144
615.565044328 567.061013313
595.408846671 596.388004869
166.126177772 527.418701123
691.863111343 617.037183777
679.150257132 592.434454052
333.761971568 516.663985588
640.987891946 305.619805039
639.028031507 123.732960121
641.619073817 171.424267457
146.083775509 506.015221045
602.677914792 299.249943731
649.356448223 593.453486903
199.676033706 536.570280488
96.9326187547 581.482414144
612.712232527 314.277478535
633.74107408 112.192860171
428.604028207 516.038779885
229.390296908 509.492265247
200.783112684 498.58148138
605.815629413 546.066858146
104.762712695 588.011070337
449.972664732 537.994883758
117.790913854 500.938533245
357.31046693 538.153268431
276.007306986 539.812132878
639.409649301 99.8791027662
694.685137428 575.696272153
711.561230801 598.028883939
686.75151719 139.341238967
660.157458967 553.251947697
657.099954956 610.048255525
567.710438778 398.387165146
584.218885676 386.444218002
638.742880188 580.762852164
294.358320221 515.196575614
313.140517173 530.650736546
128.248115364 526.986085553
108.356085677 528.905950783
256.56678488 492.553148682
675.443613475 534.264577927
152.745973237 567.838417091
279.685788963 490.475978536
665.197743943 559.645285784
606.037842428 368.511913008
112.600221824 553.592966447
712.857071178 557.511919458
625.017954631 585.537215882
684.677041589 114.368597056
397.2818807 519.603434925
201.152237019 561.25644202
677.103405567 562.274618097
669.470882608 133.339807866
632.649252844 567.568118782
416.527457304 537.034780089
720.746930384 565.083257527
659.186925075 111.798079381
637.667406578 328.611653375
538.112212083 561.156814299
672.139737231 98.4380207333
132.611011011 588.043866021
690.3851455 597.492964523
589.506114402 368.697542093
419.925405572 553.877941939
524.921273096 546.675125465
124.596586325 565.550395224
649.261112518 550.991804559
136.868864216 542.801731112
701.63928651 556.214132104
589.616762698 569.973121085
662.4609246 150.507302758
621.346264739 347.259201818
557.546329324 534.546467261
575.473633429 361.722917461
639.530268435 137.077857796
604.794936981 335.947523267
584.644319885 329.085969012
675.791682081 609.123029343
178.713297684 574.714849518
606.019223688 167.929658502
574.036943618 589.897795285
579.298992741 548.212114211
92.0063567754 562.033684297
590.170227233 523.455731059
