541.402035322 106.077820716
332.709092653 78.1843598902
584.745872608 208.157482646
433.516902046 674.078115803
538.950110039 184.558205158
375.045422363 670.178194764
481.501282748 157.315625804
599.793890831 99.9714659599
550.184903933 97.3268106884
497.467552414 570.843731196
501.626420973 409.04834756
550.008603827 121.158514529
359.733850986 689.521426856
611.957082196 154.181107551
474.229618101 86.3968550894
552.375604585 228.475863693
583.962555693 165.310770777
533.050344183 81.0588917325
480.561918928 499.90569113
549.223538626 157.458559429
471.321764107 393.556021919
545.854616763 70.966394165
597.504841208 138.602966897
460.814280766 123.107811266
532.675640992 148.65235665
398.032592654 696.506603224
302.103787452 66.960037679
551.338884078 111.324768858
516.775735925 86.0974721109
132.767592972 72.453400599
501.890681438 128.384278619
566.021757806 144.104350336
439.157935669 698.888100275
510.094197464 508.618622733
295.076036576 92.7518165038
419.639116187 690.069245234
478.853674767 427.270672392
565.454535519 123.461739224
506.020062944 433.957118358
518.529038631 117.421377077
99.297844328 63.350522636
567.17163675 154.658155911
450.293522323 94.0961748689
563.719035406 177.477723153
561.517973748 170.867089172
569.861281878 137.69833567
120.003727304 90.1936167675
319.886326188 101.144823866
431.188538472 716.053226883
485.494381608 448.115177871
579.591281135 130.572448879
446.960901724 590.699260101
434.420058551 580.583503899
570.998887505 188.45269245
525.115352869 100.305183161
570.621021989 98.7327045453
598.420483565 183.034021665
478.506796884 608.419868237
494.583462885 97.4071013622
458.913610807 701.509894463
379.093011865 693.925075073
611.282995065 114.046557186
384.162886904 657.789966543
528.689754519 131.556985845
528.302673926 178.895380705
365.088078456 705.329854888
476.600411349 55.7146096586
481.508984317 650.545588707
466.526460907 467.437507196
513.566225933 68.3717196665
512.881887276 93.3238377599
533.370945472 209.662473675
512.292680265 130.390866318
454.320035605 685.087068406
438.667550526 405.186596423
498.897168673 110.238971717
457.311232211 623.958173835
503.893793026 159.387503857
583.937085166 96.7073816077
553.619356851 77.0815582931
569.430294334 113.518518786
529.37344214 171.572508124
102.181833444 86.7260460329
303.905232515 50.5599256472
463.449997933 77.4656188296
497.453851996 470.518675486
540.968580304 142.740532563
559.429841538 217.636632967
545.627067312 197.050924911
554.539608364 134.446783282
443.434818917 70.9500367887
440.724632507 656.152040655
387.752914844 677.547330895
560.379623062 108.176920147
609.8315857 130.324624531
569.162268616 82.9246545693
327.845405712 64.6710528166
583.935581703 110.818126008
115.259413886 58.4110326529
450.781496023 427.820837651
