570.917921903 188.451540743
499.631285265 172.947942842
587.239033217 221.981316659
615.98468124 328.827582393
106.467813879 125.098076942
524.773576039 366.223493394
502.893336741 351.711163962
577.594084089 148.426059362
207.458470203 179.936584391
188.845591858 146.875811364
476.263124383 636.536916579
569.817954293 265.140866683
183.703091993 179.150730239
487.239834584 643.573143232
139.97229487 130.959557908
498.122170634 407.381573165
583.311981337 235.033784394
167.878316022 113.385132157
562.085738498 309.82932916
492.872858856 128.951773042
509.059614314 253.256834623
625.196821299 210.781750416
594.893806093 246.415319833
528.731446807 521.518961658
617.897002386 167.612567065
456.8056079 427.123736949
655.038105683 131.234733337
493.194259844 222.660481078
679.467778889 208.656081959
464.248114072 309.189728681
513.636240491 292.361255439
510.888872771 582.81174264
573.527096061 387.092877344
490.813229526 537.518919752
658.747424529 247.131465257
533.578805327 458.977757353
542.760926896 153.023436851
415.359087168 292.308179844
504.666845889 483.938160179
690.812933332 239.650931854
385.893736449 106.174937177
554.779643239 282.053518601
484.004068851 305.237195601
543.719719167 398.107089275
598.510499285 123.712588291
496.176341963 659.371915588
211.141133023 619.594806563
643.802479025 232.172930027
506.51514842 633.215365286
673.626698572 263.525477604
432.653459006 281.479328392
472.336939686 270.973246342
456.676951776 284.286696938
148.881582169 182.151385322
585.623369968 318.908940812
162.450224543 152.793610734
470.988215609 577.929194209
528.080269302 208.523858572
492.843328599 606.528280504
513.768775996 142.488271164
621.995567814 256.827227802
477.878909991 448.201216305
674.098524619 228.591029837
472.450835351 199.776201229
613.362160092 140.760218626
477.014705885 411.345056075
499.350045189 186.571902153
457.422495442 242.176983959
495.641487114 259.540903588
524.937980136 314.858170793
492.806176896 448.76785686
545.064600287 348.774388179
532.268292667 171.88908694
505.671125979 430.512487267
412.88905935 251.897052947
610.531070827 283.813742638
104.169261044 175.07382846
656.854453428 196.718815646
535.053716143 221.866065258
289.505169323 238.800482543
527.067610403 254.050533787
583.240836956 276.087158452
443.028075674 268.535373856
152.179748699 92.4381003955
124.423351353 169.224298627
643.114726662 277.218932537
567.562241222 355.850918046
485.832576545 275.204676355
529.37558035 425.550927742
434.430192564 310.538159683
626.617177153 236.322475716
433.80606139 240.876861422
476.09882322 620.658216882
228.659034734 627.645966951
429.907199736 431.109480741
517.85398954 388.603055081
551.781713841 119.893852734
480.819606 497.110002316
132.100913369 147.639169217
101.159523512 144.846729345
