295.966976306 687.917714818
204.200029422 284.629418479
130.726415867 35.6432831779
166.327573626 304.632046127
275.328565189 155.310668574
161.655388442 344.910579763
578.54803908 42.415547984
300.326017117 176.74091181
320.251387213 345.608071619
185.818009269 106.299299404
256.894047232 561.368588623
196.550334274 127.062902195
265.613278509 178.346893516
96.9770501459 17.9347685872
210.81253665 104.177664839
280.996840391 128.053377851
175.247044207 390.671643051
264.196154431 139.855882196
238.97966766 302.113554239
279.027883441 555.448530186
375.790711087 112.001240564
122.251759625 18.7896783734
603.858006294 16.8972362578
219.739351645 72.0983187207
106.897424707 32.4724593851
184.716748844 86.4123050736
395.343307571 107.587142551
276.817067135 590.663238979
343.053490102 147.483351112
574.193577069 20.4141085152
196.221740151 322.72771997
195.801526236 361.555460078
387.056473139 132.060493834
234.636218446 159.383419838
314.39587606 694.6291533
297.886485391 711.903141797
307.77108534 98.1530129254
270.478184059 706.535453373
597.392794995 70.2766639524
366.274169767 316.483535102
101.012871142 63.7493470694
435.106338468 197.501471342
332.230473308 127.104137571
226.448423081 371.495059498
344.511665965 121.396523823
119.743407068 56.2806889987
235.248373828 96.1225627868
352.050322098 504.695955062
148.36890857 42.4510026916
255.119759597 159.255349192
349.763306601 91.4049674064
601.862642232 37.6312392735
332.563322571 165.130953997
292.141060053 110.612752828
230.467994414 336.414893465
311.10757057 164.469123229
139.805431352 21.506058127
267.952976848 281.013050076
247.641981958 107.737682056
226.102080227 225.000080859
159.965539822 100.599316744
318.264039539 512.169541777
333.095459984 535.156999578
411.194194173 211.295956147
206.329459184 88.587629982
295.490230817 648.340530033
378.307733368 90.8611621405
312.419183677 557.269744313
259.90932591 313.174113589
312.19596394 663.337551556
221.845451545 110.941435694
321.45106239 114.766521706
535.987876194 331.881505923
152.904322988 77.5429582719
229.333697119 180.092506416
295.912162706 533.146938552
258.505220624 116.562991483
338.342775995 291.794092794
615.170296233 54.8995564935
355.209251704 102.442734292
310.691330416 624.024489225
141.284203376 370.206636527
221.773869479 252.372495826
297.047185757 136.754526535
326.245607171 97.6509196981
297.647491084 150.713432792
192.594814777 64.0573551522
258.104585163 647.433235954
109.601557509 25.3870557956
303.183398373 117.937800851
84.2844100824 38.1134239157
273.874571119 675.703335199
209.565338171 136.070768057
249.021845551 242.531366824
235.437812766 137.895427237
98.7529053948 49.2008829988
422.21733072 115.971560161
208.677053107 397.997054376
189.778521374 155.581702534
263.780072934 100.587799492
