391.943053147 306.775939029
392.348867465 325.895447806
419.915417585 282.424292897
503.666803486 328.498971739
357.270381038 669.114760478
357.437045527 485.877571641
403.424812982 516.839412653
224.401967695 104.394740927
289.494776972 154.17705898
427.788049875 300.994002745
376.000710878 678.808451495
425.218389038 375.05529876
300.381266727 565.719400273
327.751689681 99.1884962357
436.532144765 194.685128329
312.828855908 669.681774949
486.77953529 315.230326459
365.899762005 501.669625501
379.766093908 578.386730486
528.635941265 363.976072237
328.067092148 185.895723169
472.362187083 354.176023749
478.366934785 374.289346984
374.03698673 179.4880448
300.273023135 180.905935932
351.991510596 138.119354414
378.409212772 118.602559375
468.742309001 293.550473716
340.68992721 646.243554506
332.467640401 111.335595068
363.699289137 139.469912213
333.606886843 521.02804849
255.644390725 106.622604368
387.443220385 285.532421067
240.044233707 85.3761679539
493.860537389 385.829243177
386.63716739 194.47157676
378.215307157 526.055716543
403.18380162 189.880842133
304.977545188 122.680921456
321.729683187 696.993607977
355.470829475 168.854522898
355.999429871 698.892136693
330.189238441 158.320271294
528.511029897 335.803053997
397.981721438 347.990686266
408.797174675 210.101608087
456.352089299 266.088594215
403.654745968 169.696310032
409.590763013 243.881115873
394.965570344 230.969652329
390.820230701 385.287437154
369.624586113 464.210721899
336.947601758 340.396502171
334.276493516 557.163204941
418.651620525 264.365367556
382.002068321 484.779596065
336.122234192 124.836104982
417.706515823 157.906725488
382.853441338 610.984774415
326.829742633 624.757991175
420.47619228 355.669584189
435.903083336 234.522985839
391.995669866 102.859693048
420.175258258 399.125913624
287.591058312 602.856530819
344.549665519 709.398801128
344.963007698 580.736282016
396.6119097 556.09183278
306.123542306 139.200481835
310.011432864 153.585119169
393.123634473 265.817449759
261.688502513 86.8326748513
365.478161949 341.099475962
380.479341417 247.576800018
335.797456447 685.491086867
448.336880424 319.515682828
374.986073113 91.5062541302
203.058097191 126.778151498
349.986051738 104.17880637
389.563889008 129.901152555
361.790327582 106.689171593
454.242043434 345.364963862
507.603922522 360.660526549
376.830106438 698.882424568
235.089100195 128.248846611
376.366299282 214.670652912
277.492914834 583.148376517
413.391640065 330.744391727
379.397849399 652.107570808
377.607762851 365.693441984
490.177820175 344.845687642
324.924941175 599.00282541
208.522762066 91.1454484971
349.970750817 620.933767602
188.24453678 112.157926429
374.407721564 155.014718756
353.397710363 528.224522822
362.524412091 548.69306586
497.303253234 293.575653661
