667.288501751 659.204454969
511.619965715 597.58226826
695.979528496 712.215445432
543.700560726 209.438021885
156.823297759 572.388462597
121.390985425 616.823984983
134.785208054 602.389666207
674.096990699 636.049628006
521.408495364 670.885571272
507.473676303 631.49723795
543.279777724 698.621693892
657.426592178 677.639952644
355.02446145 608.257100321
570.234177459 707.324430295
174.598139903 564.707065479
151.039251876 609.282519736
686.397587107 665.075391548
436.089337646 594.206902369
617.856196851 597.463942856
525.006489599 561.334365833
557.550817407 608.246787209
720.025704893 700.96463642
562.386528101 117.405367633
628.751204646 637.972792647
705.611832213 686.127445883
136.591585293 630.625015255
705.361061686 651.707442252
494.932484891 598.230873962
731.552216583 648.369422371
436.822830715 496.599422397
574.8664079 619.774418064
631.504655821 680.327718704
544.177217564 612.414189937
621.429840598 671.560173517
752.878845899 697.630096063
613.518933656 639.511506193
653.38901493 652.739095871
534.818604788 363.997051789
591.279544075 593.096499487
738.259651613 674.531181326
575.968705245 307.046482529
626.83116357 568.137143324
429.0052631 568.380589626
396.032243493 623.56297859
697.797302055 664.027464225
593.475047522 700.675694596
600.342969116 624.210528314
719.754184138 669.525628843
628.121554051 700.958861981
744.56962259 704.367007013
558.84684236 348.762641785
458.391510726 484.119084913
567.72250205 383.316051947
152.521245625 589.707448228
526.798527991 200.106857915
385.889799222 582.093214551
600.948631354 650.964991029
545.702538048 584.99763046
602.189284737 675.547076171
540.890783631 566.888780268
707.888209264 697.42115644
480.291340728 653.348664354
732.591053898 657.333423175
605.135322838 333.132937983
693.967947212 675.974451721
159.796996903 624.309315599
527.887557598 607.751374358
596.129924821 366.675957488
533.404886274 625.758481261
597.317687233 574.311638238
568.400566746 667.691178119
394.62384486 598.075892555
569.313502324 567.538558207
530.665266851 641.319073543
547.822400488 329.505425676
566.719864925 135.773061423
113.062637711 595.916522488
716.135440125 645.509862926
592.587245263 542.935637446
476.996245634 617.733192887
588.562216146 562.120369325
675.163215285 691.460429282
584.097406792 352.553970515
337.293465066 602.184799306
128.377607779 584.63623085
731.370222607 692.9717844
578.697548215 640.0288871
501.035993789 569.311877534
563.259960712 648.435207227
442.909407197 469.205415325
724.723492032 711.709518727
572.865442156 325.270220003
546.369856845 672.53905877
581.547959495 697.931415913
180.697045012 611.042239389
366.817125915 619.867207214
664.269951363 617.147097371
579.463793288 685.668726124
179.104657391 583.43686651
144.647868929 574.945782713
