523.892988086 155.524123469
621.782339153 222.247022288
541.28757313 357.994290219
606.442010182 186.23918493
567.333104997 352.000491778
114.493101121 102.545331713
136.145719668 167.531294356
443.40777876 161.717246289
572.676407796 328.329799481
614.31970831 102.493940936
160.852267293 137.606426465
543.105857596 313.607587439
568.326622768 87.3716010295
633.260242554 207.953823353
576.062445294 173.318383718
646.517029229 160.674213918
625.172502193 185.788123075
603.505082068 261.335441149
598.919788389 331.638468234
550.730553523 130.992351402
669.98926334 195.78534266
635.037224058 172.863024297
260.639019828 175.546518557
578.726635744 78.4022598133
399.94595013 160.49855869
548.90923978 99.0313180702
600.874808772 70.724840825
533.252026092 120.636347385
637.085959938 259.934277294
177.051467466 162.574571316
98.2148031603 114.704765514
556.700961191 111.997902496
379.251282051 124.420454295
597.172581949 113.619377722
522.862052691 230.402069046
201.088905616 147.976708734
616.077568458 85.0152646607
98.9062457198 144.846898489
292.767448811 185.304825413
597.661578003 54.2361080451
556.882486273 163.320962549
530.773010621 273.746961034
410.83505025 127.792776229
647.428751717 104.547737759
652.413167918 180.001146002
549.59744119 83.1857770575
614.693288954 147.79121192
655.54910431 237.257691892
320.022286436 134.066304223
489.003124272 165.962632861
606.881031478 237.737881323
224.271797528 162.334766111
545.706976505 238.731413749
583.907928576 89.2116665789
564.260865885 127.718004512
506.395389014 160.885489644
626.555952571 114.629284126
284.047327471 151.698062274
584.227375012 101.919928976
614.374802793 198.174114681
515.714484437 119.672398691
129.438094018 111.677494557
649.833784499 121.860965218
621.121601533 295.23744374
521.021226476 80.6090797795
543.357127905 136.331997075
519.255739455 317.037672326
626.978993608 235.294924738
512.620322114 90.4673727982
596.636923028 202.499027524
566.513159697 237.155190405
648.139145088 139.973888829
448.993190442 127.920883362
566.015792701 100.547637947
588.349735513 139.896625236
493.939812648 92.4455657428
496.362895313 307.115888399
651.417578153 194.708925428
402.215642449 183.509946909
564.012540052 271.632560846
558.450709711 208.877288246
121.699058593 134.107579575
609.752803722 160.97465601
243.621264491 130.283417746
625.417416468 129.725891124
590.758839594 287.990039685
531.491530965 95.0751660077
543.713367292 112.077023414
601.626385442 122.232694456
276.919707374 118.052969391
424.564463287 144.670769645
469.02799401 152.992291625
363.627378593 160.880527296
648.391423005 210.827793609
517.05409294 337.706689354
487.506806171 127.497609337
578.355587391 303.773145505
588.693522767 213.698143639
96.3567438111 80.7776026094
609.269002667 69.1846441084
