257.736432911 272.873414096
463.961916482 209.918232602
271.623154881 337.836204115
407.678128869 195.575683882
318.437985769 312.929770604
71.8039984157 209.404843431
91.0008009091 262.013234332
159.881334912 167.627534728
331.071629223 298.215606933
355.402482146 192.201407573
95.3329616188 236.744362744
280.855696943 323.610984731
267.236170259 170.847181812
617.291275013 209.030658431
332.686431032 262.628799833
689.528795863 184.757058699
580.373694868 190.667910995
377.935236147 227.435610184
367.876093404 281.185527363
260.175939849 230.310960821
706.914389156 210.36907357
641.728692316 206.384983803
115.095932403 236.307616524
289.67075943 161.184683916
131.530001178 143.510599614
228.25616054 166.823454902
318.074219479 185.802108985
210.445009689 186.418658973
501.090998316 225.275287618
104.643660932 261.573730411
79.1959070935 235.539704467
244.761845202 194.581783234
129.770573211 111.695183174
327.128563257 220.020754773
258.589574713 296.972532264
101.418427078 246.124532821
376.73388908 195.372332988
71.8045101531 255.950668819
131.610236235 242.250972502
325.066853437 171.506096433
280.062509242 273.578095626
260.138156101 317.865987555
142.661879435 114.760962438
659.823012021 193.593624423
707.486687625 197.979621742
230.520543516 147.051630732
473.104614919 176.322165688
656.730262941 231.017410473
104.945452667 180.446572798
196.1284665 221.17349434
427.648820331 223.04296748
122.471303197 256.061070641
286.769806322 305.318484844
306.802094454 203.533329207
269.916315786 221.219315918
224.327980581 253.267520053
508.389816232 176.388814143
116.421021666 218.714518561
295.909809868 226.312643682
492.059740252 205.212536671
209.333182721 223.546899292
81.0541834451 212.840571324
680.918932621 173.907248875
392.531612732 257.934630561
209.663574709 118.818218887
252.162172803 252.346026302
230.816119443 320.646527294
532.537982714 221.491425339
191.629541625 133.988971548
391.552285739 223.7367117
306.483053321 265.253615037
701.093902712 179.094567279
154.203746153 131.049699186
262.845083587 197.367749284
329.896085739 247.983265007
165.640734671 116.143274367
205.064230573 312.333335825
682.75068888 208.162432685
138.857747627 195.118616741
307.576787913 293.911585641
284.015219085 256.496841788
83.8700153337 244.327059846
436.734164913 190.76360781
93.2151544704 209.91336908
618.018594843 180.689461576
350.752426435 254.318538857
201.151349058 155.365559234
226.306492868 208.327333998
342.931426785 219.528457922
88.1119447985 174.384105749
142.292578766 152.848078906
173.790548898 195.371194026
115.805256265 176.280294847
673.571724891 226.979480689
238.312643922 347.157757927
177.414457899 171.770403689
347.055819892 284.342750292
360.326062851 244.599839903
58.5483389204 224.511551442
382.806530295 183.437556612
