561.968395238 564.746061598
434.472511424 617.572007336
524.400955393 571.617066811
552.500353363 539.10104221
395.151464958 632.407497424
509.162256513 384.482264664
544.305824373 346.844237476
522.465860993 342.094746328
584.33084776 529.674324695
434.029622942 680.731671915
498.397693585 631.649194034
349.729837575 587.052076554
502.33282139 612.762810102
467.42674761 643.9359226
598.407321184 535.882790186
405.257752372 686.411086598
472.549873233 665.761966277
552.078393106 661.401580486
288.052172853 617.707918896
366.88762333 564.39992471
375.522024889 620.342901399
556.582168739 639.081508738
610.70614851 544.145459635
579.15887361 552.84909375
299.2316669 659.325787621
369.621646507 655.598491869
516.437065891 174.251942621
534.552909402 139.518495241
621.579253807 505.126135294
336.267227559 610.781032792
599.971454318 557.726917955
499.522473803 505.386893121
424.71534347 569.832507025
304.729375913 602.002971149
535.854455258 626.688235816
348.52274883 544.656207096
420.966718415 614.178974772
590.486611315 573.619475074
485.906688337 515.294277841
361.71643581 628.839103357
488.549305113 357.811988822
411.878257164 578.546785089
618.973137812 563.297736744
245.778297942 663.684104996
470.451655939 573.812160639
533.437186044 376.710412931
556.553336021 163.064477153
591.170968135 132.567403933
435.62082151 626.939496314
492.208857148 328.200575703
317.884437578 618.77050251
373.07330041 674.607450846
477.432361917 551.791732815
578.986579859 518.820344181
640.894262836 552.55407642
361.328715832 597.261322206
444.059293605 657.776347146
464.58644929 587.119489065
631.608966823 521.882275461
402.541892181 592.398494449
522.720239696 152.874418494
484.881366271 610.637139929
515.070202851 315.962329832
284.348833501 635.753284808
527.353506381 550.678208346
325.67913165 633.857990239
653.15752854 509.521891415
259.289263699 641.725521058
506.788930501 594.170859006
540.763292864 596.085109755
566.026679335 509.89218656
336.792348585 666.050109651
533.98428414 95.3154843352
402.183046971 646.778736861
528.023102657 523.253967911
399.809704992 660.59489007
338.623660207 564.782454398
524.512108975 118.547875998
496.961672039 291.881213893
524.287058763 363.169571678
537.151774564 173.441038289
502.456722206 648.09019976
518.554795026 99.7278588772
502.955716742 190.049523745
572.465213785 601.215667885
495.570724105 535.369936044
270.617987515 672.14354764
397.866084613 610.909410537
439.961764828 638.506463215
518.432974878 133.585330701
658.297976696 529.593988793
329.935555722 573.834825642
553.205677566 105.551077977
473.943455176 616.615461255
384.52144687 571.249116377
562.497281213 126.559361138
348.637253323 649.937334614
535.526463771 209.187376382
533.938295337 108.225462808
248.114492919 618.891593414
