620.327821054 105.051525914
553.040236147 53.078880515
701.596919133 126.279353465
685.713798829 236.932231144
163.175937059 120.502308368
141.577843801 88.3565252192
611.727663561 156.121870739
531.76852571 120.37363397
602.777192238 195.367064427
133.34936621 75.3090708714
713.51012216 221.569708355
711.412326674 329.610809889
111.37096554 87.7218750444
671.098587498 149.419685802
573.038731365 174.997136337
297.22533257 92.897060217
688.709112332 267.794007205
201.019418178 101.690468668
179.477831357 95.9712194146
597.483118664 142.204445998
550.308300207 98.890403761
696.01138228 252.032284725
241.209382718 80.8270382172
558.62607029 99.4274566855
547.089086665 125.224091736
558.415887249 140.761312948
104.143431713 71.2270475008
584.569376115 139.255619371
535.758347735 69.1148018828
614.949097964 190.443532293
323.803130579 108.126306732
134.998324021 110.67896339
562.054547982 126.992110556
523.391497342 105.680203961
573.154377802 103.519160507
612.104246399 126.121386324
570.081008039 147.434462945
278.648120769 88.9695739025
667.781878694 142.666187927
636.927813127 169.701249077
262.554577644 93.80010994
191.732057852 88.7557255896
709.925866263 241.227029964
560.045465813 116.725164899
361.015511815 162.258191602
140.941424498 132.758609765
315.272999478 127.986135204
249.212271712 98.7053336254
580.50961341 189.647028467
584.291772106 131.265246589
628.75642455 161.928204894
340.807578304 142.014744152
657.89446493 251.180767518
673.494941941 282.633446632
181.512362186 119.41757159
297.837966768 133.67823087
570.397476808 89.2119877322
623.424348858 147.800000031
667.809832444 166.496723151
678.443012416 310.964639785
599.734625891 176.654641608
692.272696122 314.34454152
516.836546876 81.8160000655
156.575474231 78.8895047863
257.640687444 120.412120308
649.162889736 186.574388466
694.842972918 288.825254803
215.138711076 88.83538472
267.961570264 135.33719581
683.675414437 174.43775128
687.521504323 111.573075925
592.31136622 191.483643336
677.361876433 131.628359581
684.779744137 189.403348156
708.950239218 275.948396814
160.606271841 103.07184871
639.013114803 135.799747676
578.439597289 116.235114991
565.93704014 72.1009808298
588.187264351 160.901287058
654.365702628 121.05436279
539.44439205 86.4323950958
503.697466193 688.257663838
287.276430877 114.961341915
282.935991722 135.140041175
624.338152598 176.053785849
544.526803549 74.6396749567
519.887582651 676.475983466
575.219056269 214.436532812
697.1841077 196.631142269
358.951322685 133.415242993
677.506795645 214.041164408
108.317947639 119.077639173
568.272130817 162.408459108
526.493516801 96.4457061796
558.796141719 174.438167686
593.91584061 112.016650283
98.0238943286 99.7093722723
654.808197054 221.190008994
380.155550357 157.929025178
