255.310614559 643.141928954
530.275570101 759.020376981
320.99666863 719.124915623
341.287870535 657.090505832
394.293700491 251.752701464
371.078427542 248.249931098
395.106679197 424.693557686
594.11118942 748.054166196
289.93036122 763.703551234
325.06783646 543.241556539
269.656073803 792.87522038
118.082956881 746.759377367
406.353988135 286.499863366
316.494610837 781.563716378
371.615472595 479.228025512
301.867856952 642.632097357
261.706870308 721.145515057
332.846670177 611.810221121
657.885159412 713.420432638
442.489553958 714.909423393
426.585110776 744.083277662
139.60442487 734.745704067
409.593831386 460.402786472
336.963937369 504.914130736
202.707731877 687.947277441
313.038973701 595.752093276
605.334638323 707.965082011
442.675156278 735.441366903
702.26971286 749.411873061
438.885462082 269.426781429
416.697753412 750.389759357
292.469430216 750.188085369
403.040769906 400.264213988
271.118835417 741.790505499
543.169928796 264.654403699
262.256951374 608.050510448
362.91673964 520.145368673
397.80603411 689.861785261
588.084568943 724.726668788
663.604798494 746.101073514
411.173444277 595.604852218
703.281808139 712.415126348
395.794003862 205.739737152
474.457391784 750.252208814
552.355031413 777.781695736
356.828288006 749.98559767
191.578050518 658.642762384
617.210857352 742.181778545
337.25130145 742.982002081
361.173777599 698.241520181
481.247471859 721.124596077
418.103468148 424.015820737
509.135765597 744.804297139
350.344666793 578.232740928
372.43813667 551.323607228
386.834423967 223.583819945
109.003828899 729.38716257
573.879986868 764.260616976
347.309241238 723.142475513
549.479275551 743.620835985
144.084500222 719.776347162
406.750915949 770.792934242
689.202794004 748.1099461
551.51990891 716.937078227
154.467130077 689.284121911
242.763331324 701.582631749
366.838588813 396.883677192
575.215158569 739.836574004
403.88844848 746.071979022
695.78050227 732.214929228
264.544360513 757.391913916
351.541145419 546.653592287
657.082944516 696.605772874
100.770054901 718.705343053
392.705499873 589.175941755
368.058169704 599.255635363
326.836126091 213.756002795
640.38765757 724.188212587
694.529642394 703.583071632
382.384422772 436.991553136
676.157323482 713.923975948
300.930268792 730.911095971
524.550535856 726.559242452
303.911577181 680.790326564
358.175556163 228.085562476
307.581758215 716.172626661
117.41225634 716.477456542
425.757758521 718.364551124
100.540595339 757.419567858
421.424597209 237.113465174
347.474252886 705.88866323
462.778147218 701.737973466
278.628807747 777.700225549
370.682858632 724.620176805
321.865476502 701.94168939
389.093895783 702.107332617
680.7957986 737.030722146
325.950008709 757.69580655
409.843341027 723.36783658
368.232132902 197.300393185
