402.143508037 118.54837708
259.608216016 197.234092863
497.467567501 304.065232768
293.789162056 674.018753865
434.364323603 275.245232171
235.878058989 655.967737924
345.63567062 190.279799964
464.692852653 114.21826818
410.796163922 102.300944337
449.936586358 593.026257433
363.793180986 384.852826753
413.656108458 152.3559018
220.789612334 673.991439596
497.763584477 223.05114336
345.321352017 134.796344969
453.920197416 321.255662259
482.06994346 249.771025645
393.570268149 88.4916413842
344.529335369 467.255494128
434.917920274 236.680758487
333.246030013 370.742236636
406.516009487 69.2495242678
472.104738113 194.556480758
328.419037883 167.931000535
409.322026621 213.272390921
258.149554165 695.347339749
227.909259918 185.275776605
411.546364106 116.718882405
376.972986347 81.6660304424
132.287906496 212.369406441
363.877185697 151.016522198
445.434169393 215.039635854
299.451584725 691.509358867
374.536162383 477.593998658
217.391472867 209.064994847
280.169809741 685.698591407
341.25656825 402.141401016
432.723847193 167.17703238
367.984208431 412.201570699
379.968352222 136.635679084
99.0255293909 202.811150985
458.244657619 240.110451416
322.188177637 142.960200605
471.914125079 278.572275456
460.150581036 264.93510388
458.75751393 221.066110518
117.143544553 230.058876215
240.030951198 215.759406352
292.24496948 704.521795612
347.232533091 426.580651715
449.283783199 177.675368105
316.89190144 633.042276772
313.015701911 614.683934422
487.549069152 291.350202481
385.58972618 106.081880057
431.245267737 108.27855077
499.105868945 268.801851655
342.075498295 635.161152687
355.133918728 107.442784806
319.34047201 699.255004205
240.253685278 678.609689347
480.711578061 129.386484059
245.343174737 640.684101341
395.416902619 173.792679256
417.075150691 261.855052002
225.623787227 700.212962239
346.338540075 94.7328477652
342.160955135 663.312646467
329.199536863 442.01862007
373.696965576 69.8091987327
373.358509661 97.484248952
433.677703445 303.572956245
375.358078728 158.927534654
314.594714022 683.221633345
301.111791 380.669388909
359.509894774 120.74523728
320.364531007 650.585975685
375.128298639 213.803878278
444.753581875 100.380053633
414.448825 86.9468416907
438.383924124 153.337934753
409.50231158 241.244449288
99.9368706279 226.58185609
232.941787239 170.683649522
331.463971897 109.9207456
359.524528801 447.048362553
413.902830008 199.849123917
466.957979953 315.533871647
448.689218006 295.079423355
430.078289028 197.591922947
314.137345852 99.4503607806
300.949242313 662.651096538
249.21629888 658.974002728
422.5802614 129.220658664
479.704158696 160.951503838
429.93377045 92.0050226252
250.44939995 181.120824654
446.411523793 136.6637963
112.548568703 198.283835514
312.717578924 405.362521019
