592.662653605 179.871137878
464.637221 138.947012984
476.771074356 191.444182324
438.950482974 610.383989668
353.384498168 132.508771126
315.205025063 285.097932867
560.819730331 100.933270295
552.255596194 83.7131194758
375.038902369 699.681860474
570.091547498 224.044814062
379.02468315 651.820933514
276.138062942 114.865406399
624.095392121 157.870101733
322.191993398 174.89134137
595.798716834 137.108148628
269.377515197 155.588331637
336.919398476 221.407784355
444.369560561 161.007414456
414.330353568 106.949522258
454.636326043 318.259121449
421.615525818 97.2794832644
438.269744553 178.034494688
544.650871856 133.02606816
361.819541334 284.393005094
412.393245723 141.069684387
429.864982857 101.506204273
444.309238101 190.571220352
490.510763791 105.735380542
476.401619351 328.004042655
261.151988796 136.825781941
359.182726472 109.620992643
432.186604855 687.16132647
470.200038107 287.147928965
326.591847399 191.022555576
358.503079985 676.992912325
465.02822676 181.494271851
372.669392053 238.58276538
387.843217617 678.360212148
392.325390049 591.784585942
217.978637183 355.497864774
525.010916314 118.904637015
502.840232015 105.676158136
495.302679838 123.158129479
424.310011369 150.010983955
511.533465083 97.1563668314
372.250797265 616.840550164
414.881461436 232.735332678
378.871721131 277.679195692
400.246366702 635.937938648
412.677540997 579.565838396
463.581615499 164.353106083
413.781861202 123.364346899
341.856405989 183.764185549
619.934402488 186.955530453
582.492936742 154.731874653
639.59534378 171.673455558
336.106798345 302.620124635
360.405202867 201.026455625
496.251648395 158.432012909
445.261666999 96.1565748924
413.382812919 622.851534072
473.766974729 228.448462031
482.40022187 303.874824832
421.881170334 138.749057397
311.383892091 119.800775812
241.261559846 147.487908666
495.941439051 137.255741152
294.918122463 103.391672364
387.992207627 122.157635737
335.211662514 261.29837465
393.00724318 699.492207569
349.800061248 574.018537891
382.108558173 147.230934883
428.626121712 130.70150857
608.038443253 201.513129635
414.691613786 700.050870248
290.664895831 125.785854708
358.875276919 309.4809257
441.098859177 216.959069179
329.892204955 112.848579512
527.38075926 98.1655001699
327.966190793 155.331392943
391.348359367 169.718107857
384.271545687 558.341631736
575.354956436 189.203728607
401.716926493 664.243807194
247.184083048 115.446411799
467.492643773 111.742075152
405.167201449 162.307971869
348.013068344 162.095642776
424.540025447 652.942037877
263.155968075 101.568063748
426.553753792 163.885679461
283.381837084 147.414940565
394.551520158 97.2772469488
423.095644529 201.927469167
480.488835793 90.5314386834
399.106006174 195.686518234
403.507987431 184.265944984
445.416195138 117.612396884
