610.038333483 489.619473846
636.150014321 434.471789711
427.741189301 434.144202905
512.035419145 399.017530897
565.79219517 389.706342348
590.436600309 418.667014162
638.842368569 335.311194641
598.801125131 332.376590423
444.416215244 396.022552339
108.811731366 319.649507509
406.519560151 396.48794234
177.742024651 384.729412557
601.629438153 406.905898912
101.182035573 395.547300671
143.643833235 322.778755911
292.010471551 372.172039
284.48762351 389.166169921
255.001527503 366.221319653
653.35215643 440.341688113
589.142500616 452.715018136
629.719173915 348.104277356
120.48784591 395.823635261
660.840345609 328.436122512
192.375380983 341.596034071
398.57946442 434.55412488
105.925578051 332.613713749
647.611062731 306.115944078
592.993841069 457.480120807
619.763837691 365.686563866
616.736663457 323.001109323
618.77882253 382.805631662
474.459226676 395.872289814
650.43386365 345.16335239
381.397417196 402.678253454
596.578792298 442.568593689
616.95716117 506.716050508
348.816816729 335.636070904
581.091121759 484.619684834
669.555815203 341.867737485
625.346215261 401.244629917
577.712567784 432.676333111
679.14425505 390.394023539
536.001177787 378.001816897
501.305889789 418.30316853
583.527541437 382.028951147
603.581027295 441.990424231
225.814555927 375.02873855
658.108812298 402.076631269
150.201590714 400.950133938
471.852863806 423.572211436
511.408035884 362.719498445
676.04358719 309.236985142
629.101015007 376.268121599
312.542975841 351.557057707
550.458939435 400.235337084
488.571722795 368.424972414
119.333678393 373.335651159
614.514896466 425.798667305
291.048974527 410.638562699
577.39293389 355.027533628
141.766593509 367.233086619
629.365005345 463.062144726
634.373424986 409.9649191
639.938984147 366.763473438
123.082998487 344.847397234
608.571545987 466.923313983
576.984281174 330.381454304
661.710747302 470.140334262
606.663671061 388.802183802
631.973404564 487.054497175
264.534555867 396.17123624
443.191991578 362.227297804
686.41269226 352.281680335
100.932076178 350.129795162
578.323649379 395.439024893
566.420358938 419.248579838
230.198993513 336.067656046
652.035830641 365.966460298
684.842774845 319.846937325
550.666667756 363.131134145
669.177856823 415.37149028
422.514638542 378.207182025
599.840689255 350.715424406
377.329377765 356.88849889
469.937287442 348.454719531
339.171845471 364.510979939
159.198658699 349.417976558
569.061259621 458.855953867
100.389321923 362.39284455
370.762540007 314.164323794
554.877178113 430.864098521
589.490140953 481.401663778
255.552985763 412.55998301
591.543499611 365.429102943
534.074311128 417.060508491
529.459556694 435.322859731
664.980393611 369.727531943
325.220058777 392.333247504
448.177062695 421.186520116
272.460210448 331.959312867
