402.595998946 545.461492735
553.535537983 503.10169745
659.226562849 708.553079191
514.497613817 462.812067478
692.805602955 705.767434268
120.805537878 507.902973496
130.153922136 573.691950172
309.758061186 547.80286653
676.702760805 692.649650973
563.448548074 252.259629954
150.088452504 542.631434888
642.954083729 665.978691961
577.128557232 146.561499179
552.555003818 471.636464074
507.978207425 522.200968619
562.709117493 412.208662615
536.799237783 447.947886585
631.192403721 644.843441032
711.051885395 696.133323983
468.839147667 489.90587227
608.131320446 429.199959245
552.380384422 428.126311199
191.286309014 573.9362911
593.857525477 108.503855714
271.664553206 547.241668347
556.754593032 169.908290481
626.219499013 128.449509117
434.929549003 511.769092087
663.658911297 648.11968392
156.949015955 568.863070381
111.148407526 521.49943114
571.195571615 209.776455873
256.490270228 514.124794384
555.351542549 280.881359849
494.39456879 572.067944665
161.824666198 549.945157972
617.884722906 185.65353611
115.655765379 550.346761894
212.693664762 576.385910305
643.232982135 113.789304059
491.673456494 540.085586176
593.427043756 637.06433571
280.350351162 514.487393458
612.993660849 267.295327826
583.315978013 434.930290773
569.278993247 129.178552107
570.582081226 325.025246317
656.590772138 628.725094372
231.470960793 529.72050062
360.804987977 554.101146494
599.984145048 618.053141564
177.42692167 563.648056569
546.297660289 593.516877717
603.230691623 127.181433012
471.09251999 515.171395557
384.334481548 550.783823296
588.573863562 273.213516046
217.794765668 551.318162209
597.080561369 188.278507081
537.805881959 485.289207441
416.681612186 513.675973244
150.898303807 516.352602899
630.991760387 281.9845308
685.852072157 673.708637735
420.831770016 470.20103396
453.691023358 530.163177828
617.996424189 668.55900206
630.3881112 621.949880614
409.324704295 480.23048126
547.804696751 553.799348172
582.561984096 601.65936199
578.889188157 343.462889105
325.685195003 517.704520819
583.657518991 163.557185856
543.791405672 312.467864964
394.470467553 485.804531757
594.789183201 654.652434854
579.67201996 453.40038318
276.317184416 570.919073263
614.686864056 649.369269606
530.086811884 570.428373767
135.656718159 539.210160474
534.574308138 425.223120796
187.619824088 532.16578962
594.992987151 308.275528396
672.001945543 663.442095765
434.899309489 481.905248927
453.191344353 497.462451544
564.437253713 298.676363842
203.29352042 516.89224087
292.027168032 530.99050566
339.530209578 540.626942127
249.713967706 552.684624506
583.884325867 493.089464914
627.967655571 683.195132404
368.774533965 518.014957063
659.400623826 675.396382
571.154637641 580.278718867
120.760829773 340.270097819
614.70357033 150.799288694
