650.404663896 357.131401629
646.84108034 298.536205473
653.913267358 315.511192989
647.289401334 142.20700188
687.199820047 622.222906
632.510346835 632.362888107
668.864718496 443.940785223
558.013853497 54.5252544934
571.612576835 99.8713981731
622.172372977 122.553108259
691.40113047 643.06044681
686.311896445 513.095314155
655.994082708 610.98409426
642.585570256 47.1004758382
610.296105662 98.6210496111
655.90226695 660.641975613
633.0141817 156.398361689
637.622753188 696.581375772
676.297506102 427.603562855
667.863248718 218.534907034
617.455190339 130.960457139
650.165554037 253.700845755
665.415762751 266.668899181
572.568004012 46.1268532034
594.367547601 131.380643344
636.376131013 88.2733357949
650.365910724 96.114700842
632.289020461 112.935351592
670.736276312 587.055959418
615.509316688 48.2088967998
648.587614317 108.254207934
632.532251388 673.332406066
579.304009261 89.1413578909
643.491604627 331.712524506
614.844677275 86.7299628787
666.643262145 243.202600994
613.962038692 153.34026382
650.113337693 455.982092592
598.232138078 108.69123765
609.260895954 60.6681913709
658.97177181 685.897082718
651.627624471 120.57070825
682.8292161 668.53088607
626.856861663 102.680030163
649.202125003 159.562095877
664.732879641 374.953226893
623.556104972 253.848525334
366.103054336 316.926147378
578.491406548 74.549748983
586.554543298 157.776329119
603.422925745 160.05892348
676.086126832 320.044436063
638.522866152 591.171276225
625.516220359 463.940966674
649.215117503 701.74224655
599.354302795 188.228953139
639.565873771 501.134511202
645.460015626 64.5641892335
586.972290046 75.6844461889
690.074413768 454.062838035
698.356943816 684.957154017
688.757279448 419.721224329
613.18549115 278.157474028
661.668040423 92.88243406
687.703822196 592.904741467
663.438716861 633.945790845
679.01591366 711.843769432
650.926981049 548.856221218
680.177619433 381.656054367
605.393249303 73.7895825805
595.651438693 86.4567484161
618.302591879 330.241567315
630.744798326 77.2040970132
647.238101888 407.17322478
574.81782947 343.626883584
663.52654384 699.503841969
616.674141427 113.552599573
674.930701707 72.7434715739
548.952956168 105.469100788
658.8355129 49.7124577227
674.757625474 99.9085407535
656.191692991 77.6014357212
616.271550441 214.635175928
644.971864017 218.622494065
689.277169868 698.96535235
535.195321862 79.4908801935
631.422873699 269.836078198
665.45021023 680.296618084
645.255247449 277.205225695
658.222122141 519.117136203
661.250554091 333.785362351
633.625030081 233.284389784
678.549965192 478.014086089
121.265729863 266.55068128
674.407301007 547.404267069
552.525650853 77.4577230606
669.383605312 119.039301077
642.204230447 644.276638612
652.814868629 481.808074445
640.699509731 128.628312307
