288.335768166 670.333659877
393.870190484 522.362658486
160.469101112 565.283135731
339.94421286 472.81527342
380.746727342 473.966061989
357.958147852 511.141457299
619.596266856 532.494463212
470.551033906 503.070381619
294.558085201 488.248100244
158.908142407 493.747939684
274.364495793 485.079825685
193.292898337 516.194138927
392.189447409 501.148501738
103.553790315 546.331976151
197.315693087 487.694525939
286.929968278 388.94767277
281.360986001 437.145386532
266.172483821 403.50109092
533.785534934 564.829905602
264.595271111 622.7082926
592.082423231 524.88979741
128.689235222 549.381934008
666.857258871 533.360048523
240.673933782 431.718724822
130.974440596 581.631843465
175.985601181 469.523489445
648.865361662 544.196519576
265.173024252 639.678306293
512.594270178 524.060256694
498.492893687 506.505307877
487.166956129 543.851415121
321.015144514 480.489927412
629.284457478 552.620298874
233.563806688 531.108342831
403.813388334 555.199864756
300.6560824 680.918634813
323.27712744 354.326969797
266.591568114 673.607307468
676.587559582 555.793992227
457.813127856 557.273934446
159.12446309 601.36569756
699.583121509 593.384054144
364.85362943 445.353704011
312.949525726 515.808359739
409.895800394 486.666272167
187.327389273 609.785362768
249.067181083 458.383149301
616.123654612 581.718607963
157.567851754 548.659467389
264.047172606 520.694290658
389.560132986 435.759219287
687.8828238 545.552755336
552.193506511 548.45655228
304.023813052 369.287011532
336.708607461 507.111581098
349.027101641 435.930138853
136.936435713 528.413853394
374.571569041 529.775625694
247.134257883 495.0223357
426.637975397 504.471828519
163.706456707 524.069733933
300.709816684 633.477083346
511.912957196 569.508031535
592.242014297 556.604915011
203.533376475 453.618802699
291.190094751 645.274600967
443.974908799 509.060313474
327.7867883 647.588143005
426.58518658 545.270871557
313.144735639 658.451972491
226.478591842 495.083513641
347.219534894 411.633328823
700.615227083 572.972086871
141.565526007 486.184259109
365.759303439 488.154360199
309.404383193 541.479401052
267.003880527 376.843395856
649.071444978 572.556622791
701.351332361 553.955088172
403.760308737 459.357205536
672.297722754 620.188030839
323.357252161 446.695698119
477.549788741 526.804942704
329.130336563 406.276362754
368.059172713 395.026474856
312.975693683 408.553659544
231.168291126 415.866998764
253.058456813 638.753575586
121.04468789 526.963003284
343.865092218 378.827114273
117.826633905 606.035950821
273.340860304 651.397870428
201.883867647 539.617486682
444.330192004 538.03142374
246.11269986 549.588231849
144.044165331 626.172483061
672.853601768 582.300752445
296.43621214 461.956437826
201.738524527 563.442186821
297.220050324 351.110317069
