250.751533731 168.662105941
160.009053857 322.11036054
460.226203853 459.485902895
133.973920338 679.323443916
353.891486829 412.3277044
76.6107887817 646.855699204
190.956976938 229.768258278
306.346098714 136.303910244
254.41754003 132.697238883
453.523152284 602.669762106
204.402217194 392.654470497
262.309320205 203.391725681
60.9501534973 670.370354515
411.708040647 357.419828054
188.676421215 166.763344619
398.037078108 470.361270031
426.624300549 399.191878747
235.594079119 112.155279195
185.498841366 475.889055764
332.001984386 358.598798196
173.524859728 374.018884687
250.082658864 100.025104296
347.726079591 294.916499574
172.649155735 204.252850331
286.274550877 315.413269822
98.5093012178 699.74792056
125.678981862 307.971867408
255.624979223 151.970592814
219.229696971 104.191919408
116.793586879 371.167962775
208.196477892 187.196348322
325.44054529 320.260536054
139.682289807 697.039222758
216.978995442 481.219005891
118.434794202 334.487631367
120.421588983 691.490800788
181.868429878 409.192178552
290.818051872 240.976250674
208.774778834 422.12167935
226.356826881 180.735924056
90.303958173 361.558453723
374.815196121 376.248737272
163.93521213 165.981804429
422.291423637 429.958301478
389.613816833 407.757491443
360.811436127 347.439081582
106.089354858 389.071108893
135.994188908 337.18903987
132.384432664 708.704357313
188.723130686 440.064153892
315.288114216 264.645544063
157.745310256 644.287783668
154.382153276 624.878220274
446.52438112 445.581829721
229.626794766 141.236192369
274.332455175 139.085772103
459.294492288 423.128851889
182.450440628 641.937545479
197.164910845 129.247892004
159.783434395 700.159017982
80.7816267993 676.329930033
323.197364503 153.908536117
86.5271820014 632.978183953
254.700978782 249.68233574
323.75435551 391.600579289
67.0923650649 697.244406275
186.769733825 105.25747152
182.691709086 674.738193216
170.436077572 455.357359859
216.513748563 95.9760384725
216.148561643 126.519671521
368.269058038 448.99794464
224.223482897 210.004511227
154.871462724 687.090779794
142.474854289 389.215535794
203.473397653 155.46802389
160.885486388 660.47708629
241.50206507 296.269581581
286.360683831 119.914104555
256.774312153 109.167276814
288.520439431 208.80833907
298.553356903 356.381324663
95.6704164754 385.999897107
130.321727146 293.070301422
173.665101788 135.342766687
200.259578093 455.90620881
277.32738074 282.7901371
424.213464391 469.201472439
392.081857983 443.677378711
302.543232525 294.048064337
154.569745096 109.16336077
141.163584969 668.61921409
89.7368937747 658.87343516
268.261289633 171.234945857
331.139002612 191.937509522
270.589139532 98.7312458871
148.223975687 304.051581884
290.709279443 173.304762742
96.3302533964 355.922641912
154.011230727 414.359779457
