350.973239718 138.450852563
289.728203944 88.9121851884
445.961468675 203.526625672
466.332612948 362.006947874
129.282589154 397.425328003
110.97667757 366.35377325
370.866037599 298.081627749
270.480928345 211.116789103
429.386027448 414.92831097
110.532124817 353.646758742
459.902801331 290.8807551
511.997707643 439.533154659
96.1822671261 366.694520527
406.69889673 206.554114221
347.42067166 339.91639153
247.27531524 367.15773463
475.701915282 391.066772403
164.768556012 378.397616383
133.385682179 371.689445707
346.073774336 260.76135697
277.481571779 118.60366918
493.975559163 389.281154245
174.248937349 352.160697285
287.116122523 130.731966609
277.825342228 187.699623621
296.559523918 236.295604603
99.493461819 350.460320642
324.648681561 233.051325449
262.978461297 80.3495026741
417.686615239 388.727261863
272.76863424 383.007898103
104.427335939 388.571912661
299.163894611 202.743829624
258.820336751 169.536805771
304.024486151 135.810844848
346.897051483 165.424726219
303.371129693 219.737080005
220.129601023 361.415504359
396.33736026 160.222260269
379.351673345 271.919253336
201.798001697 366.473955256
140.009183401 362.815295799
494.551342089 363.69740407
295.808351296 181.169759737
290.069685688 432.650998952
110.167868512 410.662928195
254.117797981 400.518762199
185.58230038 370.813690266
362.785896886 364.900884818
316.035269261 198.396726655
363.421904599 239.201049305
277.424155292 414.502655391
434.336628943 383.787093633
450.056124418 401.548913904
145.58432369 396.341741035
232.919543166 405.156047998
304.091245529 110.678976559
356.158227453 209.203552581
409.400759079 261.12863902
467.730631919 426.22634032
374.517193982 341.561703711
489.903507278 433.613060091
246.399945425 110.846016559
128.2323999 356.627911457
192.394649123 391.974061878
396.803943707 303.442264144
491.755156833 420.474895623
153.348385733 360.775239371
199.769371488 406.079518973
418.366977713 221.951870845
426.219803806 155.704083238
388.198840579 382.348424911
411.70126248 181.494502742
425.995322788 274.14120786
513.327271357 413.659781911
120.392293744 379.355441725
370.474077706 175.406074351
309.083513929 158.252901084
301.088627815 94.472398311
350.071784887 305.90000295
386.180716872 134.714956303
266.242018671 94.6204097711
500.590962872 692.341324962
229.315805762 388.314012971
210.007475184 404.921519466
401.435084941 342.398118095
274.49181429 100.439348325
515.512074708 679.902009463
385.066756875 419.684902031
435.21788153 246.070609167
297.556392832 406.32916925
446.284427236 337.085062557
91.8771990575 398.252975227
315.998162153 280.878091689
261.042490529 142.94171076
323.36412976 324.611143872
322.879149831 125.137639731
82.1595436673 378.335838405
425.288037925 360.537064656
314.211779202 429.411789765
