518.729516007 611.193358223
390.90413208 586.571282145
635.873053225 383.244923923
362.737548449 582.839018117
681.99634988 554.887595602
376.620540655 604.002698411
677.862675243 735.268975284
670.132351847 596.700837547
719.788790263 314.04662206
491.391753531 461.269131184
451.572423266 590.146312215
638.169388766 554.098857477
517.204971361 471.787009404
630.021523337 306.465295137
627.13940027 509.488769499
671.020710781 270.968821163
488.686179601 532.821742481
684.636766463 526.603489769
534.387560699 536.369656469
491.847510953 572.325749559
591.973850181 141.435206177
617.363061162 281.026348092
701.869548325 704.036742636
579.972940282 216.430083908
633.555633147 349.993492952
512.872736728 452.923760135
611.491686596 118.965748555
525.202794839 579.296983173
710.67291292 507.775433947
674.934994261 702.853056234
428.42222045 584.583278483
481.124781554 511.268569886
617.179321422 157.644870469
462.461700839 499.565484466
567.64989698 628.530760342
542.133843837 637.194197723
553.832427936 102.316839069
510.713928359 630.141105505
695.437693071 751.918031401
741.10730767 303.556023357
289.594233009 545.247273287
665.25345455 188.496457296
675.759196002 238.48117516
612.444445226 585.257097807
620.385156263 198.731719661
502.73400077 422.534789329
642.261956554 256.211749186
579.174393951 555.631486513
670.029655062 325.829546517
687.637397626 580.202025112
578.817589137 99.4033674004
706.076099354 722.893018257
735.516925847 538.263435417
579.530088984 186.517209861
550.521277544 558.503142848
713.840933262 553.66433816
564.617185698 158.327666461
534.16345568 486.442852265
613.955330615 237.68222993
420.295482375 556.003255478
245.703669632 615.522146568
469.651841756 562.474976039
598.772370219 593.890887383
654.906956124 180.70760895
613.212268497 471.797752614
542.463058657 600.694316007
601.081688905 100.790244924
570.82753485 568.984767393
557.021667496 510.864332464
576.970354042 607.815046355
685.06468887 499.506490477
593.272305476 156.234296163
762.385992619 298.904649764
444.059942172 486.111553779
459.188838864 522.084904046
504.674220952 548.921873481
660.52900363 220.130713504
729.857649601 288.126641432
721.790660326 732.379550403
590.011125179 125.112139509
579.35341447 585.012575522
419.594694435 607.450917741
448.523803534 533.295300544
692.672833985 301.179776512
573.888032447 119.646833707
709.928383051 529.850384207
636.944171103 401.409622208
492.588864212 596.279480495
658.386202438 297.84496944
641.878808105 217.406704396
617.255163272 376.79663385
467.153373111 612.25364619
670.668222773 568.198631792
524.813984574 502.061287384
594.646438166 489.450146129
601.552459055 394.68907535
640.927076834 104.674936476
569.08833674 528.206938174
396.450052679 554.452009502
559.654315206 130.2689933
