461.060989872 301.09401131
487.279081316 191.635479515
542.954029244 592.142259057
506.677699264 108.40747673
400.155393368 162.142735999
350.37378766 201.056550545
375.229581355 194.768973676
534.334844901 205.034770812
480.161190786 658.205678986
371.962771544 356.766621764
495.119883062 699.161436393
497.207194016 357.254704177
414.19829393 137.068033121
514.581970705 700.252051245
420.076308008 156.329918364
409.582158548 212.758438328
497.565109478 271.760543149
456.200740122 123.302598775
611.361992219 163.709415083
511.135211989 134.773548843
482.095915869 235.523344973
507.278714352 314.603397575
522.844826127 61.7698467548
405.299879277 362.690932835
484.256678152 294.62090661
379.560089515 225.850022634
572.339363006 197.01323148
457.304799507 205.207885852
666.388040407 175.423025064
432.724090517 80.5545994193
360.359244237 411.528848954
530.359864914 616.885935629
419.287198026 301.651086184
512.578308756 596.292181713
582.751316048 299.579568163
410.161898274 378.632168358
429.326689193 336.059253286
544.680907205 82.1238021152
567.909470665 168.2001444
605.287152166 226.534144999
564.985712529 30.7413322
689.74148805 119.135142682
418.871853672 91.4526998584
466.394882921 162.417543639
523.444834846 250.293028415
539.011307425 699.551372972
373.024551998 387.815214529
558.96777241 234.712128194
528.062023721 663.285299832
546.924133582 306.437922667
569.299370919 73.4500580738
455.889264593 79.9144542434
573.761950966 88.1123271208
402.629732586 186.088698196
483.940854799 106.303272578
403.763983615 106.494534111
457.114782528 393.264120274
524.454363825 167.629597828
535.351993883 648.825685828
548.773908385 131.98936181
477.848168693 327.050762072
327.163569696 434.156706166
635.619262092 196.493020244
603.989951529 51.8807581297
444.852643755 360.916890704
401.384191604 243.37493254
385.705042091 316.249137509
606.176643069 76.8100656551
337.902140326 420.131070584
675.448084827 130.10334302
504.93468107 642.17943715
440.809614307 128.403033599
603.572418445 128.928797788
408.602916473 408.035312011
541.250780578 55.7945049571
509.68391009 76.4542305928
334.006411811 175.087345797
603.083543145 184.828354079
653.54910728 96.5723241429
356.256365995 330.842299514
644.410686653 118.539296772
520.413667982 378.28682384
588.89541259 60.1185481921
437.000553046 155.705529109
358.131136345 168.567011858
523.415627786 298.522169814
425.421229557 392.327990492
487.563189846 144.75038287
476.713574157 383.966034166
435.785637241 59.507089522
531.823868324 335.545316648
560.386123295 50.0908314885
488.98177869 674.714041126
536.121367917 682.226813019
430.078111869 221.115075965
450.528262965 159.783079579
650.714952477 155.319494959
508.580423704 682.723524386
433.376675386 180.603008493
377.824876217 161.506669184
