549.552511294 599.536497623
471.551601312 673.105599719
196.450204134 740.958289685
304.428559243 716.380510453
426.773771738 688.759306441
270.204325408 719.767114489
309.475894477 230.568550952
699.484815896 621.541968842
644.310684704 486.08735676
449.372905 707.944735805
543.065187965 644.978238069
442.374500529 642.037208642
481.624978179 615.863024873
461.31641464 692.125152026
305.621924348 109.602314785
445.492574973 699.628475604
467.718797938 706.555903594
534.806581269 625.791739368
107.74948027 737.425622687
114.141988516 717.329737746
451.564204478 670.502050232
516.242436112 626.392130395
316.88802436 132.614931261
303.671540617 179.299781721
401.114240693 595.133699487
369.602519577 683.575371079
216.496990198 712.829763602
590.63401608 524.430204827
339.221524808 103.827904345
395.593009645 580.349738523
316.003543867 157.02779036
684.348790621 647.38972795
114.738042504 677.597450322
98.7997127333 718.655077114
465.866846855 602.798258073
98.494843849 691.011214497
483.860267027 681.277011855
344.31468797 234.826003494
233.528508987 743.992377104
417.355836222 671.022359957
254.278974589 725.314559639
453.868474254 624.720442817
327.380375463 193.73111851
348.286012904 708.210042187
143.685087269 709.400682535
661.166824637 644.493658182
613.080058419 449.860858938
308.185633649 208.008280631
535.283354383 673.122698709
218.041862111 722.904232886
427.101647419 610.249734584
417.749211851 709.853898394
173.182523347 695.93071882
271.466240303 752.014420421
348.760041742 209.710582128
466.395310255 647.999811439
501.374266819 681.717745181
152.766872828 722.659640195
335.036609983 145.833018457
443.873737769 661.108655665
577.899233218 503.703321195
491.16923589 636.410258411
536.217171271 584.812775489
377.637888332 606.761109773
252.378588694 749.440939125
411.673961365 659.453685111
366.349323084 135.313731803
345.770190264 727.478537014
177.249264662 718.064406354
508.369537664 606.831471589
623.911123104 511.435283679
426.97793208 723.562793175
575.326701187 442.969226938
419.911061491 699.605223352
285.983152565 732.855743787
413.226632825 685.243052001
134.772090746 720.189295088
265.70325122 565.870341727
652.965822001 609.070762336
673.189403078 603.824181909
685.986544606 623.917121316
519.929998233 671.037149797
570.138208615 478.554787005
240.446317544 707.33997844
532.198661058 602.820129466
132.793670779 689.429120991
369.141238712 634.858858092
455.707754465 680.742547493
433.770486489 673.525113748
262.365747311 698.672998077
347.759747288 171.642631695
112.409723581 695.429159457
614.687502009 490.995570856
520.147844805 648.445528208
504.856357414 643.005961085
672.566878567 584.367682931
392.394224649 657.2243975
648.123265874 624.82338551
598.42312562 470.227538539
326.429376023 731.090880074
