658.445466695 132.778770865
654.013128927 173.160642567
604.688945443 373.630788512
340.21713731 201.303634541
528.81991572 530.003430406
174.179290203 243.825135858
581.573559745 114.540312544
706.572190757 85.9554505478
682.575803804 70.2328225376
635.109060413 281.399686462
670.063111106 173.396387794
651.30598615 154.72438164
276.280637466 195.347778419
631.005091998 163.268468226
593.816433144 75.4929475792
531.840278951 567.108072736
632.014953662 248.903326493
694.077721717 54.4738067923
552.129470368 378.578493041
579.287294947 354.017073957
639.225448124 186.860410012
691.354692664 39.3667043645
541.140229595 101.867897578
569.924608484 87.1796011247
136.180508427 233.711940819
304.876543047 190.7629887
140.124654899 282.901325635
659.468661086 92.8239248265
646.151147044 43.977777965
277.155759148 151.377872832
605.02910342 95.843901231
683.316971179 170.006597766
569.405176973 298.95434449
561.992828698 365.656038727
155.450357017 230.770765106
544.614968342 312.505432623
639.822192824 207.951382473
105.947128707 235.352758457
613.413118033 244.122335396
640.564977927 120.928910343
164.011328183 266.951028856
610.106732071 172.482020335
628.802968791 87.7312926052
617.970351101 317.027757501
592.396017087 335.263239453
676.316526359 190.494247244
566.015073302 142.106851119
552.866807708 114.170531768
488.609032746 635.133575351
597.560472366 250.503221314
117.048586848 240.329105558
443.281416258 473.873462314
573.029042852 251.58426259
606.247761738 286.478563563
652.50100206 78.5837983283
674.191381249 79.6414797432
649.901462688 229.525391265
573.120372656 384.680144923
638.925227604 69.6656977891
556.623219187 444.099528982
290.56771804 168.133562958
677.8250725 88.0919121434
332.969657972 129.881393588
97.4863240523 238.155856086
586.468140734 401.879635211
332.71453884 164.1785344
664.81043823 35.5876563938
563.987915043 415.288770082
592.215246562 264.779588653
684.888470028 21.5364585023
668.665593883 55.2204766613
513.166098916 548.990415466
620.914113399 123.991505763
547.427432683 425.42698764
613.872301146 192.651184046
648.159234127 100.842748962
550.277131455 396.235253386
100.206102112 268.00766154
694.575023692 71.0098191781
703.889686668 59.74439301
674.974562116 132.99584719
654.431297628 190.618097103
260.415516067 167.194001627
112.370891484 273.806409108
639.718302808 88.4082577362
579.684768803 287.733305731
111.15645906 255.044585769
541.830367205 543.035435568
579.490256156 428.272980364
129.516729549 253.232701071
646.091904097 63.7765141029
570.018847769 316.139556184
304.822190438 141.41651295
673.75023448 111.046514092
672.438942614 95.5982573193
709.97202086 37.2766072569
145.501838809 247.246799476
672.676846121 100.014421284
314.210108076 108.041565063
613.211052603 213.77414734
