637.951457367 553.818556584
568.795632771 651.343574148
216.931016623 643.10098469
365.491979301 637.743098171
526.644228296 687.916642058
324.69196881 638.123927712
407.355712023 250.277012867
709.604988588 522.963977317
737.375078864 481.137907224
548.74752472 717.413678113
633.419400599 605.69605199
537.209296458 610.685130265
573.045932171 577.027829882
561.226865978 690.428169659
405.325418914 116.010900425
545.309413713 700.244769835
567.34333686 701.338487163
622.791627646 578.830226918
112.401373273 637.561389583
123.569065873 617.811784583
550.144364287 654.439840551
603.10008194 577.865658951
416.709267097 136.612137197
403.36283404 186.448365851
484.22849884 642.221897513
469.234929041 678.632549885
231.464393214 614.103872944
683.196866552 506.42656462
439.081947309 108.726518148
478.471680671 625.423693678
415.807414241 162.120051821
691.597538948 548.893171976
118.1644187 577.674881448
100.757878445 618.802913906
557.770260599 572.430216067
101.068534799 591.145526621
583.107502546 675.387291147
443.051776857 249.667832216
265.711737959 649.469313121
517.267773712 669.91601489
302.968285713 638.796072677
545.448529736 586.666639137
426.069240076 209.525748291
425.646766981 645.565790686
153.20035286 609.945798184
674.264363611 548.387099845
710.343708778 460.233811775
406.843923088 224.149751342
629.635370816 646.507863286
245.81311088 627.044342663
522.928319075 614.673415066
517.579391393 710.974806853
187.885853243 597.133506682
317.178454644 663.624190286
447.063318105 227.888932126
562.68132317 621.134471733
600.888330697 678.035602226
161.327627237 623.066123968
434.983824476 148.645174177
540.7370646 637.29006185
673.630136156 499.89467035
581.458535345 593.917647159
620.364181146 532.00504867
463.605783643 640.165863422
296.082060732 659.613038025
511.256461468 651.23640382
466.230302043 139.617078402
413.666840732 655.199961676
188.751656172 618.775779917
589.679996255 548.774078941
717.805874101 494.600425364
526.910570217 725.272624931
673.278624117 454.817403705
519.777268794 699.683604339
341.703497275 650.321793386
512.60865227 692.208473737
137.838885587 620.342257317
266.909975345 566.282848928
668.206535189 512.457510652
693.154873554 510.531302519
694.883066191 525.981702661
613.479108083 640.053836352
666.895693933 483.095166593
281.118881856 617.519915282
618.036208342 551.873967603
135.896061991 589.519754062
461.332804375 654.791196777
555.619591896 677.393843835
533.558310563 676.718037924
309.415349156 614.153512772
447.102946472 182.795421812
113.281369379 595.501551633
708.453454285 484.46844795
613.774229545 615.367507402
600.078835689 614.001391249
710.124211074 497.556734704
491.149712444 670.072457654
659.018490748 528.956930349
695.399047798 470.947194071
389.562563555 653.845605009
