458.511659416 209.510144048
493.851236673 255.781763731
332.543423559 698.243027763
443.158637217 357.060426263
291.589938448 157.621992231
131.030515215 175.633295361
502.010820287 135.873257784
433.47715878 232.673282723
424.098964003 181.365820549
398.456455428 646.952178744
303.185062026 201.894394481
385.561745875 139.591926416
105.497841952 173.982596429
281.974232775 215.047334699
110.560121603 201.124686732
406.572253447 547.371700369
368.981495893 627.944712807
251.1310675 140.467848919
477.119751506 288.219566382
319.514461495 204.846465567
346.107772545 684.881200956
534.183792205 193.280963098
149.626737226 225.229168661
496.934878904 173.142835509
298.696022546 129.115607665
134.962226815 213.211989546
123.881423198 163.799136472
463.016489138 179.969690181
382.047099051 177.81710314
354.510604759 698.984014806
540.489031687 112.215036261
379.921972383 211.918687864
397.892929128 263.748097447
293.478473835 186.833174282
402.028718289 507.351257206
442.112735458 379.382087243
386.089593352 698.996584283
440.068317581 217.779695119
409.230568073 208.437807313
377.464352665 119.963389172
370.335771305 683.060492172
230.0857077 162.595205344
441.156021801 177.582629172
264.326626834 140.103064126
236.653346319 133.52930572
389.496915737 222.988003822
165.560651984 200.848807496
364.274337549 446.706622131
170.52907775 174.439121386
383.48519873 673.417716064
307.294080495 140.497187058
399.497229035 386.165072807
375.046045777 575.7765282
350.266086621 608.302537751
242.878441135 189.583912526
492.684746458 221.946623548
353.297076667 555.402986649
409.500994049 292.035270753
344.763796321 182.709702417
345.520534152 226.940266497
359.747926942 514.181403134
438.728379732 250.985015013
381.401014254 515.761948479
466.978875992 222.032256243
539.53308827 133.168334522
367.272996092 539.545252177
299.467272523 169.05300506
324.286377008 571.873284296
474.589527483 277.152553693
277.177649108 148.801458136
401.037018688 181.525895256
338.560970335 658.74940691
314.687505386 166.021061089
415.015255885 385.317106871
411.207166749 262.285807977
265.237734544 183.061141017
457.388873621 274.146556001
510.485723006 139.136065634
358.194074941 141.722670986
425.61257323 158.891537624
381.381290256 160.942859404
375.041514115 245.217365938
449.47274579 263.067543815
253.132187779 167.840072575
422.934445468 208.298567784
359.228845325 655.016639685
330.564539427 147.643986035
389.976972407 529.412541021
300.714126065 233.759422795
397.509520641 246.469937001
151.111526444 171.117230197
403.662688605 361.218026126
142.649054407 196.802438366
394.834827157 131.390319949
468.512227729 249.194332237
396.290267155 156.287050582
376.30045866 200.157970175
430.623839597 277.094649089
324.949275968 620.732829575
414.84512065 345.09951005
