184.900136082 49.2471152525
504.539003179 407.133095282
455.845457185 319.165660558
385.094585708 237.175080664
492.330113258 362.677801646
164.81873742 53.6849495736
596.33226599 114.2743049
443.248856174 410.733599422
136.248236292 27.9460562881
623.148481552 61.6388143424
471.756077905 331.074414961
234.158187875 47.5997756576
417.563889151 354.705176578
609.532869902 8.58818058363
434.088984605 66.1524154742
475.223463662 426.833591349
687.191343768 26.8918419756
248.074220018 71.0215274813
623.189808666 82.3706879147
662.531388841 38.6637218141
677.058248022 8.44611241867
638.969438887 40.3552514639
305.690076599 80.6056096321
502.452248648 144.547219166
648.916948979 11.6417377853
345.051768236 46.0609001354
432.765207751 123.802252078
520.089044424 160.263600825
598.032386161 31.4100769498
477.385616984 190.467024007
472.266444668 152.205962375
129.655424431 45.3387362287
386.362800173 324.444710065
211.223932577 33.1948741717
237.986225166 20.7830533526
411.75144877 292.201544108
253.28396489 32.9883647689
183.202933625 68.6260569619
463.818824948 103.528056214
433.110259259 190.125800706
453.295750494 558.134859382
510.38211764 188.817741176
586.411806329 52.3502647391
432.95102962 216.55987573
665.150450182 68.0117224137
480.636550819 387.880169546
480.780795001 71.8335341336
493.61522901 82.6109420689
397.408776038 91.11273292
404.040705432 254.214803998
438.111365941 281.623729251
384.572728629 281.550330045
449.736109812 525.945601408
439.861042749 456.264002731
418.871012918 380.027077899
495.813645526 221.660891162
495.284417309 445.136264197
450.467624334 215.730308291
420.918732891 82.2261129514
427.222990907 336.272280904
543.303323445 70.9327778918
200.925457953 52.5000999316
508.352634536 102.305781508
415.11267828 108.812173611
476.837848363 518.835398502
98.3685496685 59.1595771065
547.105578686 101.649949254
420.12040429 503.186677661
117.7129582 62.5612594912
404.413347703 161.529186025
160.914710123 26.6651484959
303.075529913 41.4179070875
324.349248715 70.6356073536
348.304616142 88.4209275225
189.201524914 21.4355696032
465.313930253 542.837737569
271.434552059 31.294721059
425.981515123 157.662679285
388.793615287 386.028094005
460.962855363 172.00429143
439.27566051 80.5810589379
458.408274712 127.878686913
259.468162634 53.9869163499
684.357364117 49.0670887439
410.405928572 311.942345411
408.493691488 418.044844667
426.930172037 244.453208296
278.181188972 64.2904578501
454.197342692 361.947440711
271.297802282 98.0864094365
144.036032641 68.3093905932
402.728939971 212.08343869
214.170033298 65.7419458955
101.961502994 30.2799381124
576.053253865 20.1807147685
373.139546425 354.035486636
412.287788948 100.843997381
550.851959501 40.6245383584
558.960639412 10.8356033655
702.25332992 34.1219146481
