137.362492675 531.887257556
127.019401327 655.780829113
151.686198652 527.808635282
100.098503342 318.075593051
165.112780565 653.021247329
129.709883895 541.275303369
179.913588313 620.095916929
109.512136517 561.897068893
52.2206253191 351.716304325
162.570074026 551.024775841
186.08627291 661.179245426
170.326105458 594.414176431
121.227180702 562.468244654
28.9262646507 257.129966046
94.307250598 100.688721296
60.6110802106 749.360892752
111.386954538 294.764107755
108.541580033 658.718380261
199.647952041 636.659540907
195.063250712 546.41007144
148.089381053 489.011974031
183.333527696 557.555404283
185.908225472 588.586371927
74.4805713428 251.997231244
143.223982771 515.08055466
42.6370910371 235.724512273
51.8541937805 133.730928687
98.0285284513 172.017417836
116.349699576 746.348949195
49.7861781078 267.807816689
73.345503314 213.192566457
127.801062743 604.635899968
118.107843073 548.162622015
148.713114294 563.077440514
109.134522572 508.251731498
196.887687681 578.723983093
116.126427381 202.268640249
142.19175602 704.440879902
74.9867415997 145.571042621
41.1957625503 293.64658
77.7182749226 776.677520109
57.440200805 252.7989647
131.756074173 762.914538209
72.4663005171 326.313545713
111.9030818 339.441767387
101.464723813 700.079667503
81.557126555 168.461421558
95.7415645556 132.507762665
84.3791463336 124.6782832
95.4426970805 306.512615163
98.4331282954 267.214451963
149.270916689 650.719502705
84.8173944368 729.525677601
146.327244807 595.754365279
128.54907395 592.629963475
99.2153024319 347.757927279
144.468018178 682.150764708
65.465863648 305.891803726
83.5742433324 102.671385994
584.284400629 577.396736571
89.1800567802 763.641039879
162.5779172 604.478717961
117.077337508 124.199128158
72.883893818 100.167789318
675.345135716 546.721615056
109.325479118 639.160967032
114.990225404 767.519177989
119.112550927 687.58616815
571.472695027 558.274603214
57.2515436066 331.988869524
73.8590411161 357.077433244
93.1810141178 361.318562295
109.290724439 498.170848749
132.39858236 498.96369482
91.351742466 329.799107442
106.689275405 720.085505189
116.47333754 396.646886966
48.1510215385 185.855809292
103.186549338 584.997325484
31.8008825027 213.110982146
70.5875092372 114.224114941
63.0594028205 204.515972316
166.29488206 571.043769595
178.035533501 528.766784508
170.041894138 696.012338566
109.842576311 607.990714487
83.019050185 298.275041199
125.484416443 522.622175266
152.881172787 632.55687295
560.239084812 577.604642511
130.255612871 638.828946847
116.515998466 376.240240128
83.2447378575 707.47008932
99.4669184103 522.323184236
130.738024288 730.67565153
103.656518309 559.017926916
62.1142366135 154.452806717
98.04159311 747.362948777
132.551275602 717.563100464
122.274726467 327.454047742
