365.894304928 492.787137071
499.921581499 228.548120316
328.654090426 247.690211142
416.517047153 176.065552277
468.00884307 160.16155455
437.237946713 221.454090735
643.966626939 87.3788344829
550.367661628 88.2099676791
365.256351808 186.781127445
113.010075205 69.803966278
344.805957594 187.46606507
174.809263574 135.224881234
482.785735906 187.544133715
101.08136968 145.928662852
138.174635749 73.7288466649
311.803812616 124.527949669
308.024709682 142.200351864
284.199587171 119.56724789
568.028082796 230.230612807
347.416662118 435.876879001
616.83128154 100.040440832
120.969805905 146.150236424
677.109352615 79.8045240752
196.482731035 100.567068798
308.445400697 255.289802473
99.7621568204 82.9889470362
657.155719072 58.0706611582
348.248275818 459.935886482
578.020299161 120.725567984
583.966237853 77.1996821711
568.899380658 138.977397819
384.00036547 183.771182566
662.099671441 96.4660725477
324.576653362 191.194672887
370.860056459 403.866752395
371.493220493 512.639311004
351.640701196 91.2718701195
334.580339312 509.80906084
689.188105768 93.1116104434
548.318876665 165.090254669
370.927064688 298.39174342
690.879153183 142.543583859
443.107278795 147.875190159
390.314495828 205.335628453
499.619303098 147.037112013
383.653128113 330.27285884
266.532423577 129.879122089
636.193415721 155.916151354
149.869063233 151.295558215
364.003944535 221.486417838
461.344086914 120.621392038
693.159911822 60.7060389399
607.993224754 128.743243887
325.615889556 105.727464618
421.35150872 188.258423653
416.98916481 137.845536964
121.431657805 123.60406004
459.399260527 237.614724812
305.654618861 163.481630124
508.075409448 115.989426742
143.219042298 117.454423307
392.379761692 457.530905539
591.174172792 166.344611618
635.906734801 118.597785244
122.383587404 95.0453836944
364.122587923 471.169233515
516.59756795 88.4885916402
428.010263827 461.745272884
518.869956371 155.757207803
388.397288271 489.064648522
285.315414569 148.279416807
390.140194051 133.165697547
699.933983215 103.535330456
99.9092246276 100.334725293
450.601006229 180.810178359
398.718372424 234.870700124
259.984921942 90.0498326662
658.310268796 117.69756143
700.453928422 71.4856231576
479.767355635 123.706292833
649.391061446 195.392468939
376.446798811 150.011132094
545.410725132 107.204322669
359.916985191 116.093214687
426.609719723 108.394908647
335.770289765 119.485768883
163.553892465 99.9007901504
325.973789229 472.121295526
99.7483409935 112.792913187
372.590705007 77.2128210649
338.863870606 317.714272139
344.114258885 495.027128022
280.733549749 167.403250636
533.059034447 122.736749894
361.57569934 246.639103167
335.012712674 335.824339905
677.732116193 121.628678905
326.441975636 144.850131317
340.553453318 231.71491379
294.169581136 85.4598180223
