420.073910608 525.908465546
221.94722777 443.377839815
578.819157053 520.288622043
543.021257636 224.082738577
129.374465408 540.037642097
125.400563316 615.037633561
129.959158762 602.608347493
427.128523904 511.818814315
222.956834001 560.932439771
224.620550057 542.733055649
186.078859456 711.027530173
398.143919214 540.514834234
176.175168849 577.261703063
201.528859908 697.803322558
157.75405431 538.033036148
156.352277826 632.671748212
442.101908159 543.540353206
201.259964185 533.461902648
311.773984976 510.745255562
224.899895145 424.600573735
262.003007488 489.25565562
614.567047242 506.655770097
556.282689026 121.052618046
247.49325485 659.262141757
591.817498858 501.882264365
136.060671624 657.651306934
574.254687479 468.257935556
221.451527032 482.374623807
659.93955204 464.40084381
174.830851412 411.641278619
274.822409452 510.443598262
244.699746586 692.365134578
222.253466873 600.053144823
238.490997387 670.543186261
671.966674194 515.394164087
234.587436315 641.918568177
386.956220865 522.897830379
151.921392241 351.116080939
226.631663589 661.488330035
699.206303894 509.075305715
191.101163154 303.883951863
325.958802765 503.808791169
194.721395947 497.124940859
183.755106175 615.746850514
547.719926868 494.019971532
218.672491342 723.020055953
226.876363591 676.235816014
640.432240471 501.240586158
242.640601081 705.052596543
695.123907904 537.169400722
173.517600723 343.608062688
197.36566987 403.189293145
188.182829364 374.251652575
143.999983987 586.936415252
525.114316243 214.870158018
191.336071854 561.379478165
220.422142701 693.791701456
254.407300163 477.145189565
224.342948837 706.98426255
248.873550274 437.674600575
618.791773571 543.882188892
183.209584812 662.018135749
677.952076787 494.807211227
218.79969035 333.977983004
574.785394772 494.008400324
151.128699307 652.550455122
234.699528495 467.10822819
211.727442651 372.518007781
236.777330738 499.319008847
294.148224825 532.566631205
210.823713457 651.907213416
190.24158559 600.294213159
270.512626344 463.560784459
197.905847935 648.406478476
162.909147058 314.761972801
558.545382523 142.790051147
99.8985939781 589.399039522
615.926858371 470.863106686
301.452316736 481.95427263
212.85593238 584.173083732
297.190976081 504.470944809
413.348199097 561.707298248
199.082111288 341.158104917
183.565277011 551.43372075
111.582752349 583.394660852
665.09095202 548.099066651
241.591542119 583.652858183
204.268242387 441.958946121
215.735162436 632.501505703
170.968549987 386.991864594
651.976932144 527.336612462
188.155437788 325.1133089
185.804553515 701.515608606
214.066894404 688.706249088
159.882679514 675.973103788
174.693067972 633.806397838
404.071700877 509.964991283
210.73313738 682.289823368
152.634692565 567.509737684
121.72573209 571.019999622
