572.322993619 476.380236735
608.334611138 405.781429991
443.643377449 397.470379886
516.230887159 359.722426485
547.284388092 354.287619686
564.967403287 387.833534387
630.888665706 296.12277412
584.782312506 294.997104228
459.684425177 359.082301684
111.179640789 279.729732451
422.926300677 360.051487183
181.009113605 344.873777046
579.061695031 373.924108728
99.2895265695 355.604574117
144.322291343 282.798238657
300.770694703 333.148312881
292.859416132 350.064123808
262.240740664 326.889795277
628.959565855 408.828863649
554.038000867 433.605915455
619.584800528 309.468800687
120.554282739 355.857116178
657.027358849 288.6410682
198.898757142 302.135306977
413.441999798 397.561670202
105.820076885 292.623477701
640.925629648 266.707890457
555.679786851 443.519217851
606.582434977 327.932178061
606.133500911 284.475533075
604.544333252 345.425653351
487.629878563 358.182643783
646.108338325 305.505821569
395.861998146 365.392876901
559.817360601 426.890654225
578.627157473 495.41041142
358.697894819 296.879399532
541.363017099 480.055800116
668.893824128 301.885499149
606.571568486 365.936863674
549.990405736 403.872201262
673.240191103 350.988261509
530.341383698 338.824471271
503.810701807 378.878338209
566.53986688 345.81940449
571.849778674 417.647117077
233.467053697 335.79041466
643.838536333 364.741498195
152.287427536 361.011440759
481.786244015 384.961406458
515.733307471 323.195607312
674.594633377 269.272043587
620.05672777 337.375294556
322.427720605 312.827862201
537.911437042 362.688547258
497.33093201 329.646310854
121.878926377 333.417385317
585.315134726 398.486560628
297.996161542 371.24854005
559.660555114 319.183575821
143.835487896 327.305355901
593.573869332 445.259963847
618.4823731 373.305934961
631.124578013 327.800980987
125.263416854 304.924120936
571.051305477 453.33530669
562.54107465 293.082778872
628.400764737 448.000279721
587.155147738 353.891342248
593.884787942 475.165036885
272.672926515 357.01702175
456.939002062 324.71609454
685.309771622 312.309337215
101.029996984 310.143233006
557.787162275 361.114861365
542.544846018 387.156469349
238.027953684 296.845462075
644.32048439 326.752785424
688.558849336 280.05743972
542.465594124 323.994364637
654.030551468 378.712849428
435.902609214 340.533095015
586.896630492 312.8822206
388.371681475 318.444945256
480.185896513 309.831119551
348.409745851 325.601797389
163.43927723 309.668281641
531.680151114 445.037195235
100.083472128 322.414146228
381.01704028 276.301053332
526.964252509 402.537943821
550.754061339 471.558907273
265.63556029 373.855613542
579.136920745 327.404773752
520.227909676 379.932717043
512.638150789 400.419890769
659.610411984 330.204287739
330.837410873 352.743896115
463.964751209 384.487746593
280.234162678 292.740087168
