427.964853463 321.647870106
346.318201853 672.969705159
379.247225434 412.909615085
368.577322928 343.321099038
374.475413269 722.069809724
348.882217927 647.607267089
398.418535676 419.176261748
428.497406123 564.422076052
426.062697497 262.518215207
468.73157045 636.713486861
549.737194555 101.468567006
340.078679891 372.556096346
439.463659021 590.28783068
367.407997883 375.965480642
382.087919635 441.5365491
452.421900661 606.491812481
331.436143354 387.112304647
393.064260758 647.414301167
361.787291647 630.063422935
357.804798105 690.454840778
401.276427927 352.601986117
407.79264559 701.186569119
442.404742681 691.796845482
403.807580768 547.143902209
439.541059373 534.95280552
434.115637268 346.496997279
455.968150755 100.556817923
392.714007238 623.169536203
394.861468234 511.95390143
327.754995025 664.644499911
458.663471038 121.464556294
395.555379394 601.851876603
370.638754943 566.553481795
402.412353835 676.592647297
447.855658788 555.769417199
433.309962627 711.27412263
377.49628255 464.224237443
420.030392112 684.588842753
478.715530463 101.092330659
428.267880624 546.511272418
466.04184931 670.333235554
324.903555383 683.665285735
522.178481325 127.890679366
394.0254945 317.247350658
435.248528656 645.039228241
413.400829451 601.312345243
513.995131132 152.708862146
432.635510807 525.146955744
409.285430394 526.049626795
451.011792246 307.089048168
464.859943999 619.321998796
404.163373119 586.210436122
500.931906049 661.859670979
466.974751086 603.508069533
445.653463314 659.241816857
408.544125506 457.914476533
520.16939472 100.774114328
425.620192755 576.830908946
370.858628639 421.693508532
389.020331485 631.462000166
420.251378182 609.44003595
461.79680934 268.321957344
418.991292736 649.215458558
410.286396277 547.206620375
408.449640578 236.572618581
353.490787984 293.193764228
390.664073096 273.770430914
478.584760143 680.680808003
345.892874346 709.177590286
403.768523952 570.194508656
439.117084012 278.583314855
482.785064717 131.176875291
404.371175945 474.728537213
392.362185759 550.12221757
454.031871422 242.301255835
443.891414643 568.320590166
382.786679448 698.152331593
427.31363622 620.297885509
475.390015468 650.663378025
374.403984504 656.095513093
309.149654093 668.206845097
323.77789746 697.951698276
448.919126499 673.815411701
429.149195435 502.926618693
431.472010587 665.330562954
405.692441575 716.533164587
427.265339521 468.076840612
463.249786985 702.350707085
422.32873301 581.525400958
441.298229886 628.184220467
401.212803158 657.995618256
371.8441384 668.486654433
349.262784444 397.330919152
415.134624576 296.466532208
554.092700318 122.393991285
485.462646306 691.953372657
358.363401462 425.646793905
470.769998492 140.021181404
503.235160996 111.61428686
419.148335015 558.686040555
