101.004286945 560.824777426
168.46105816 433.751126733
658.44322647 597.829472771
391.543900408 629.563109375
201.943655719 571.29709441
123.831742295 574.867350564
701.079375258 561.578218663
670.113085459 566.432462374
147.077130163 691.378534285
90.5250648504 601.420740534
129.647726199 699.384394915
95.3641627395 480.745536558
134.194571589 673.064754248
115.123763346 550.991984682
591.395980746 592.340025269
112.271000701 535.381576618
113.94891005 671.562677533
668.8482561 536.116993882
149.004916969 212.241571883
220.598035682 627.97352348
148.092132352 194.683670758
622.682600161 551.403060255
699.964786092 593.385001145
241.224019477 621.690681005
117.818492853 429.222923607
136.469261627 241.057621172
593.015375836 558.304082962
692.803541143 554.510160808
415.183916375 588.672340873
82.9600538276 505.590764676
146.435756468 521.070076603
372.511371342 633.580517477
309.460239941 598.561304891
185.505076456 615.526425282
111.710154824 699.525544182
160.961772502 470.382732347
308.074400484 583.336395736
157.560929858 705.812445476
361.822502249 624.028196249
246.840618009 361.680641755
666.792376061 631.859206954
314.767589945 296.668168323
679.177904255 603.693362781
130.766574196 467.022017825
165.84307206 250.284147527
162.48189388 677.354272749
553.083808787 574.803907396
451.956522804 548.263429377
284.27266273 634.81652792
486.418408136 577.868536645
146.452824034 457.676543924
145.55792815 435.132874322
224.696103891 605.606556818
114.227144608 592.81491844
515.744526439 584.822610098
200.428249395 636.776519622
80.7055720194 546.034528964
255.394528573 609.469897843
621.841734831 586.776304775
177.09414236 186.898592177
332.593725115 621.969577359
85.0180360534 570.292794475
564.258402006 604.373539862
130.823204583 449.66802509
133.348537826 499.141059143
110.5308082 512.215934368
687.321320471 587.085526313
102.492328866 461.169903949
161.428297339 503.608637607
158.876730144 659.592946907
305.532230296 655.715417236
121.949365352 684.711496576
600.650608244 533.721011301
161.760502406 448.204521227
380.29612992 596.109027621
354.178801204 654.042928906
120.840310234 477.535591737
342.400352508 592.139210325
477.254318289 561.853105451
146.975625512 548.786136231
650.360175697 575.217747801
131.748667223 652.724023149
458.503415047 533.069585845
446.077856399 576.293732703
84.2067104215 590.491256242
334.940839298 660.976122589
83.8584427398 467.547238056
288.886766731 302.640456591
158.105250199 490.064135617
212.932925934 598.336474789
407.872963444 630.787767417
99.3938060805 441.911121579
644.174748278 548.150326261
132.515612396 519.883970392
154.718791546 169.913676921
423.677528989 555.049693151
185.828240874 222.960590742
513.678382644 556.247891567
554.074216311 542.702954994
160.118367287 230.266594065
