541.520603751 100.650902446
510.865507018 141.772685059
555.362823657 182.24763154
685.974432068 454.066692441
412.364406074 536.188087964
388.876858519 503.321040114
391.951005171 467.812055895
466.317575055 450.987240803
649.075696977 476.26446544
356.047875769 463.584414138
568.540468062 311.555157416
748.979719738 423.071174494
251.661938078 404.69405712
542.761883006 217.491047788
449.585035169 474.887254897
555.189107915 430.52606104
715.630604086 473.382440587
484.512512891 518.757323933
468.018887004 530.362877164
345.12499367 411.383993464
496.594180437 308.401169199
732.969481312 434.268337641
487.748230713 475.992976162
494.470396076 365.116141317
458.863604573 423.240060898
486.99311381 456.966025295
220.240286533 379.324310937
514.683813044 428.132228675
515.816219372 103.613978826
600.589591787 430.306242782
570.549016309 442.488957778
330.141894614 461.463292773
491.848634697 420.346381031
477.864297939 411.788588124
524.96554614 296.306337722
528.876365036 197.709578414
495.642291794 434.213934535
545.114444636 441.271842298
547.387090689 124.885248459
380.56804246 423.991598729
516.358375747 448.794253372
452.083180611 518.263603588
716.326997125 431.343978849
510.238643887 391.993874889
574.954869617 497.247582515
289.494229729 435.486235657
547.387836892 458.897556564
512.071139182 469.545879608
269.216272926 368.54428167
519.375837234 405.523134222
571.149724769 285.153362688
563.887746067 480.054094359
644.156332071 437.804270794
696.982752087 486.37709059
454.654768296 553.436838702
549.630888626 487.471297034
529.059157558 242.215465626
543.80727533 263.023739741
373.640796131 393.390327896
724.373284571 498.461381105
248.752121019 351.75572189
750.810943226 466.11766919
530.161661801 272.837562943
432.456118359 494.347606277
502.428047159 493.785671187
396.491016417 441.440148359
736.692858062 457.036284495
477.972633498 490.463927541
516.245847378 516.641351248
563.401796933 234.923980672
562.478998029 110.689233292
576.110861884 406.432118878
559.306070252 139.960204514
431.034842225 439.694033053
727.466628508 390.090193584
437.231254366 531.07784058
553.296596071 158.101721482
532.528719152 332.997629426
536.229544718 121.025108297
340.113014347 424.492890717
553.827893312 87.9134075208
517.468695043 237.594879384
751.399773626 385.336922187
534.868086094 465.830137862
535.151313493 491.598149712
538.780590418 423.277366152
505.367644521 269.195910167
737.179991793 365.106750633
623.594008866 456.242516061
415.047095527 410.736496119
590.069514014 459.534398121
613.527800897 382.118723214
223.810966379 412.987967506
302.943860799 395.018697248
479.053339877 392.101830596
311.505005118 419.845181647
537.922390272 144.734246784
202.759665285 403.789926327
617.550832098 407.077886755
611.737582434 477.181816941
