372.443627186 612.887657581
388.054398869 444.048887607
477.770042561 523.582982227
508.348061398 514.175948709
386.754004365 657.853755755
311.654601553 734.801075431
249.078893429 624.613005811
701.380471102 557.091621869
622.923092615 563.811111064
366.795047987 522.698075876
320.032920176 639.074905967
604.476534279 483.488405611
325.504588424 704.241973593
315.761653497 601.109882023
343.625432319 718.934084608
569.203873447 564.259403464
606.252895719 552.4805257
363.659346985 646.583700528
408.958984053 641.573293133
453.32687379 125.181747228
383.699174496 509.272447148
575.171764334 532.046043459
366.238542328 707.560743823
288.522317471 601.945487676
199.403426781 662.319418946
364.880209484 695.066708815
237.734928846 727.21505525
482.363821164 552.051352794
336.288407566 585.147145891
507.002258386 530.389428444
592.562683225 559.14828834
417.501552826 340.612290386
440.96676356 599.506620172
310.229064225 657.071458871
394.60929102 532.714469821
386.273098476 406.910485989
425.465998481 607.445016982
516.967999956 550.095552234
613.802515299 521.258952047
438.537149815 327.842435867
281.690667835 725.211196917
356.474402317 670.688540215
346.001633482 634.774996983
222.202365711 634.029371841
346.792337524 665.00412518
432.119489897 139.445381534
364.838885274 681.425816221
186.367312494 678.797999813
339.882804154 673.751892125
412.881073079 570.882789163
317.629334567 614.759886727
254.482951101 643.970715984
430.584051801 571.213266701
537.273773273 512.527824943
392.972210256 701.960097685
283.141803408 669.420959548
406.051564182 481.154915283
418.449200987 520.700537927
475.899550457 109.123431499
651.01594655 568.371064609
251.094033437 689.180040788
685.456580603 559.337001847
410.636297738 504.90551848
307.443134602 685.396907539
311.292468421 667.714209768
386.001722142 491.370136499
636.713328368 545.014981308
256.855682264 658.574647908
391.307965873 641.458619846
379.731324326 628.327817673
666.508055003 529.085727417
300.224433305 632.207553253
693.848961304 533.80476298
311.098561623 580.821080744
392.006908652 548.729166854
389.160241123 689.260960834
455.289679633 530.380884108
294.791619496 644.899125725
350.609303457 597.088964355
453.588002984 148.287014345
544.104446695 346.772379817
499.668916852 139.037734713
460.475800583 559.137151265
382.361627823 669.873343909
334.930189529 653.891178639
541.233075504 532.679589864
449.455932418 359.461256754
434.845157213 539.49242956
668.018139599 553.225010433
476.822389257 148.098748616
205.71381157 700.767286602
289.822434945 614.737493964
350.011313517 687.477145632
450.841389869 98.9845451018
225.058069762 649.814310259
440.477789989 113.784734916
350.963370731 607.147141392
303.297484188 706.149027716
267.307819154 631.541124155
282.317640956 696.440595188
