466.97611455 221.485983458
784.115725668 417.091417477
757.89203854 372.773677641
339.85832717 397.274959723
783.655972837 387.575413258
312.713572842 386.449422765
552.51034598 378.276983745
729.166125334 392.61343455
453.301820671 187.767639036
728.33738003 452.984531539
778.605936477 357.979582866
311.804106633 402.197723306
779.284741845 548.396174257
511.872808496 421.45746472
711.218283245 101.827670936
767.840638875 569.84744184
508.742330514 437.858718117
332.141115021 694.203058407
535.295794977 388.363226671
286.97602884 636.517746067
480.152444293 422.470141666
694.661280878 456.801437276
719.215437173 552.041434104
631.330366944 386.145695024
719.25654472 420.152740899
481.74088651 214.580567201
648.01756884 173.462092817
692.241953841 407.546756106
657.482867109 136.414722792
665.840788437 412.206916134
612.287949596 386.30527949
302.649464447 361.57285715
266.875105172 691.921951561
462.798768927 397.345859994
778.781076696 460.852528207
356.308386683 421.971716663
264.812646759 661.170542788
301.109215273 414.593343372
660.927689598 187.630271569
596.733920143 400.883127353
751.94355638 573.278512233
767.648607407 422.345803727
325.136388945 643.23438204
729.141748669 477.251178294
636.697267441 448.832674917
750.190735109 392.687501474
677.222249283 207.72423894
687.73126941 184.298799819
678.867323783 100.477948297
494.615545008 190.745257178
742.030754937 429.363411551
295.415870981 683.704366131
736.655005759 558.971262163
766.433193568 513.444362873
725.091417709 505.039227065
699.717226146 431.161313862
735.365876324 404.856117812
780.537388451 499.768768013
702.586759227 125.272544286
703.753409126 374.062813577
767.135564235 453.080643095
492.090031099 155.808987253
621.57054795 414.508008173
674.273147914 124.433217152
770.255120359 578.666272081
280.457243372 389.121333596
554.082427404 412.322987678
748.892463278 599.770055539
286.381031488 709.39398509
579.560989645 380.16920891
470.308241322 181.099630566
327.880839795 670.856166738
349.902493059 653.097772458
104.672037672 250.294285425
463.225018898 149.018962214
771.463136154 596.46116287
284.954187317 670.127941463
648.355291243 408.220876144
745.651688439 514.873753569
671.69983282 428.824763327
501.43245075 382.902939749
748.370025203 448.788874904
690.680435182 501.855061378
706.029152904 398.387064872
706.782133143 479.977084194
756.081355052 541.203738451
758.425180679 467.991279849
657.009812887 552.802906504
716.81845083 378.074737767
321.098663835 709.61958023
305.576549114 695.258475113
310.662688838 659.547475046
328.569163729 415.056820859
442.730352168 227.123828013
693.666924004 143.653684245
727.824088411 588.378319262
654.910702782 102.959182577
291.447698124 648.068844675
669.653405349 158.246312678
691.003636793 377.848189343
