240.945790085 374.689552172
238.27235817 622.499007998
268.612085391 318.238653001
269.865368553 624.168939233
161.512455572 668.70998293
144.700826036 633.678099237
312.695851487 176.997484717
311.709871087 571.727083324
316.083207191 596.893129238
153.034598027 584.222206996
636.284131903 608.106910815
262.222616875 717.716995545
126.437728649 615.488304857
644.798829909 554.771520274
588.994154223 573.953750533
223.035257479 565.012368046
257.753302852 672.884873917
184.832724733 617.627619934
176.722553878 565.448957956
302.024330545 155.3969545
266.490624429 529.361284642
287.929204109 619.196195792
206.483659434 596.340348124
596.204432837 542.517094038
351.805401847 572.064663016
314.708914564 339.135951816
130.490947044 594.94920228
293.55793063 177.375273214
228.289284329 633.109980889
340.208478569 596.149623919
230.170441229 499.759159027
139.422034617 648.599355912
284.887880804 155.756273045
226.71389059 667.386873468
284.760557725 391.136514874
316.692099215 102.727074501
298.21353824 198.893449149
211.63222294 615.044789686
287.815352482 353.491186168
357.148609995 589.681085908
185.183561065 668.288999365
184.580512234 583.404073298
609.192565023 609.727370443
283.919303901 121.507333385
250.878935356 569.323215147
144.115320538 681.53345267
241.365578007 578.784084284
187.545768571 633.894274641
603.104363888 558.528034105
302.047399819 136.548294315
324.918708969 127.967315074
243.192203186 521.756308836
251.380714129 653.311964425
231.369395067 683.882814845
164.717537188 642.480853979
233.207045629 599.073162073
331.380781246 457.549463707
337.910751618 102.326890484
610.232546398 575.65866124
226.920706087 710.852000906
318.838514799 216.153897404
248.180764424 710.072517148
222.889994128 645.47218193
158.401110961 594.054851871
171.172126368 690.111396433
590.20968626 589.745875593
255.960124376 685.091977892
203.694207407 565.876048349
203.37039312 700.008517771
647.941769885 576.041518701
350.14862511 268.96627712
453.027582044 374.96030498
266.714264446 340.301218761
379.13348322 592.462886771
280.249219142 651.747146514
156.639919003 612.114500679
274.949335502 372.784445406
301.618954487 102.309434058
306.947576048 550.783985428
335.761424601 158.214860814
248.046058691 347.477013333
276.114049013 573.447768586
495.145252761 685.398269402
201.89083366 652.87979381
206.219375558 675.89619254
618.832364517 552.621882579
257.353243594 602.164158891
517.532969068 679.489169211
291.479864494 596.490699789
624.506590728 582.195748105
250.956274943 482.825965804
352.401707229 610.354066026
125.143243416 656.526323141
435.88703694 365.135225176
257.197534673 633.879157716
327.544345373 575.508890621
262.652065845 396.194692851
114.120052676 623.619057152
328.665522326 611.242879793
270.228313268 506.346082243
