162.171159103 504.672594527
207.578694533 315.699264461
662.015335527 357.938172975
438.870479716 394.524610817
283.492889687 345.778135171
175.603261488 525.773480933
704.752564441 321.862018905
675.256598476 326.791114848
144.875509585 673.107772747
106.9520927 564.084935028
124.227348429 698.395278977
97.5897112468 283.241810122
126.030140765 638.307421392
175.350380472 466.010171987
615.249226794 353.755364191
175.008230111 409.533682494
107.359083691 658.964301903
677.523580526 296.502103628
120.593475988 194.47761816
315.07289771 407.539588779
112.714502107 175.010375215
637.702816685 312.235008044
702.508326614 353.734079805
322.71496905 396.05543108
100.488287625 256.636494731
100.635450024 214.841425252
606.607142146 318.783160139
697.530399806 314.738090147
460.377170195 353.794334364
80.5851927801 303.494074966
203.568011108 405.446627389
422.254867843 399.029708666
358.943562233 364.063124631
270.877741981 391.431401721
86.2534738415 695.685290318
195.250038638 338.444729668
349.223278994 347.845095594
143.504084727 692.028359274
410.624555816 389.24076112
273.603335061 316.460180027
655.706153769 487.976598838
323.628359806 286.040688411
683.274748803 364.03178316
135.601672697 302.918114987
133.205492039 227.945553196
152.700879964 649.463847541
574.973795538 336.088957833
481.042585345 311.115446187
343.466631328 402.523322314
508.751868554 339.427493022
157.874301076 320.189237253
133.624591183 267.551587275
308.71766866 381.061901086
154.42772724 555.988179265
544.289645611 346.869920809
288.579768126 413.865866765
136.73006383 480.263511943
327.718783794 380.803583495
642.604065343 347.947685474
144.924855062 175.402028336
379.285198272 386.796919708
131.044205174 513.970360133
583.600470012 365.308841185
109.933540165 270.407851859
165.771033023 355.419160417
91.7175607357 309.339617302
689.44991678 347.271126503
76.565068853 269.787919681
196.374936082 381.727638013
140.328589321 607.547653333
355.034755406 421.424721696
108.606901777 678.183624412
618.590575326 294.89572849
154.857015518 288.750123103
432.589009213 362.518262458
399.592729266 418.534465676
111.229110254 297.040319907
392.099245002 357.681187082
507.844378563 324.28521471
204.2214034 435.010993815
652.14939336 335.48018351
100.164340053 613.523128273
500.221001263 297.233438708
475.989356407 338.670298159
131.392421124 535.746595078
376.411465817 424.867581185
60.6966366556 276.347553679
282.228524806 282.709984122
185.884368772 362.756028964
290.529477479 371.410841989
454.990795157 395.712284839
81.409095851 260.728580325
657.454663796 308.861987895
171.756719957 385.10959416
103.26427952 151.998295579
457.029698515 318.432774504
154.340424022 213.432970125
538.350979845 318.06456449
573.146564667 303.655306017
114.794167639 216.802791794
