173.051614371 614.314705919
257.240741243 447.412051724
657.584126806 687.784942682
385.403975967 718.850536492
225.687087462 650.905269215
200.503446128 621.935261436
700.948765301 651.412053507
671.417793963 656.383368429
226.64355136 720.2129199
163.01308261 654.274811659
215.591111506 718.612884855
175.327175421 521.991082149
216.014159373 698.034285179
191.560002917 598.432991573
584.492132717 682.045865805
186.461793209 586.293099668
197.973879826 687.961529863
667.718439111 626.0535281
238.535740666 221.067656802
249.716353544 701.257904251
237.839258482 200.973149812
620.287181209 641.307006272
699.660054141 683.321653863
261.13573937 699.35188445
206.497492261 443.52587541
226.247667609 246.846240393
586.654367894 648.057981921
691.304204847 644.476381503
409.912577344 678.472320244
164.999243906 542.38706326
224.639217388 565.487890263
367.065358945 722.410395344
307.163627082 688.420027407
220.395776896 686.39547673
198.012455167 714.81696251
246.772994583 496.374618816
311.780285166 672.654749694
238.994382608 731.302345289
354.55978263 713.375894855
251.893496014 358.739378011
672.734630222 720.56462607
312.730489361 295.310814506
677.476693386 693.656867733
216.644329811 492.687280259
255.583717008 256.552772141
235.485999818 717.424703714
549.122344485 664.679905308
453.454370429 638.19130198
285.402243452 721.667112852
486.399324074 667.783716889
234.752379195 474.906203424
234.718128255 444.32956739
251.179342265 684.21015306
188.06757827 644.155081715
513.095969804 674.590845944
237.941427203 708.399586214
159.154696651 589.69771942
270.406483685 689.23630855
619.720995438 676.722383582
266.97211444 190.630942098
330.221379345 711.826297731
158.328375506 622.343985706
563.496023408 694.326802361
217.747815348 471.993005744
213.891632773 538.721731145
187.218544685 559.266321213
687.79602761 677.069132917
188.4872309 487.60019396
240.344906483 546.453276839
241.040660352 692.550859954
303.798715846 742.484341828
204.589966387 707.736599686
600.750512599 623.6881009
250.448038991 461.836216526
375.101591616 685.909033302
346.835645935 743.413109179
204.191990397 511.270256365
340.206955464 682.037769117
480.778714795 651.751584799
225.964209481 591.825358824
649.245406957 665.187863085
216.846281653 673.843675462
454.956169884 622.965616959
446.21605358 666.206974411
153.871845515 646.875614125
327.361334177 748.70344268
167.238980383 501.04842729
291.806367815 301.296044627
241.25893168 523.594942889
236.964887225 676.936674428
401.325173474 719.840210175
186.346153344 464.892445458
645.127511539 638.069031699
211.147437131 563.459638398
244.211835246 179.065256916
424.984956443 644.844518703
275.736584664 226.394905737
516.414824781 646.185107787
556.302352184 632.551337171
249.908379466 235.974554975
