219.000862785 566.959411866
478.748187268 693.401429533
241.766604595 680.645214389
292.165425062 592.560967226
305.161322578 263.212317808
281.534377768 255.90810919
311.235191059 392.146468942
557.180485184 669.69177883
225.803012204 701.074460782
251.320304397 491.782612579
212.753556844 725.153876248
118.850661044 656.801062867
320.211773696 307.259199593
243.888994368 729.739939038
293.63816542 434.413340326
250.403116832 569.264390492
209.467605825 651.080192421
268.305525213 549.20583705
639.758000467 625.34396637
380.43413042 657.736640261
357.129550092 696.503880013
151.006096771 645.944982254
325.570826312 428.307943501
264.036168765 452.208441067
187.408696521 599.661520584
250.001223055 531.633037957
571.099315783 625.395268848
376.731216016 687.074389917
699.365545905 660.875701196
353.689236453 292.806264229
342.95313029 708.507278369
230.311729815 688.04233226
321.245138176 362.895251986
215.582106453 679.177822701
543.632728111 263.859725116
218.017478879 539.21728418
289.536362496 468.057807232
333.761470905 631.480765429
551.296090655 647.502161151
645.714028365 658.236721066
373.77795537 567.08060519
700.075324453 623.120473151
306.721374285 216.807781961
413.53373145 695.805330222
500.161282439 721.203861258
272.566851411 722.205817086
177.728727419 571.36011204
577.335934908 665.333355633
255.679967929 706.947514193
279.408168058 662.267860958
427.750183612 654.48679843
334.235316668 391.543611598
450.140804449 682.339380495
280.92852801 521.039012337
301.037065917 496.637828145
297.379326765 233.188176
111.434493937 639.490463167
521.795736377 695.304279314
263.58007173 694.260003327
495.973633026 676.539625387
153.205633312 631.331425653
329.740022907 732.851759816
682.75959116 658.384517591
508.163748439 643.613361786
146.951810348 599.704164559
207.135152053 626.623356234
287.444003289 357.7640746
529.101195039 667.645289439
326.013450506 715.769189565
688.558935307 642.772150012
207.982800451 699.902429111
276.460320295 497.286052228
631.13305236 610.514865374
99.729297067 629.874594516
318.842094693 538.014307051
297.756998179 543.164838618
237.861283452 218.730244681
620.618870276 637.205090825
678.415675613 615.108025336
299.495930952 402.198056291
659.687083871 626.680869415
236.89227804 675.141888132
471.305292002 662.209925497
251.12922739 608.82431707
268.430307694 234.042456946
241.051754188 663.581682608
122.092535905 627.801767388
358.626756529 669.695694534
101.399211034 671.702238901
332.56807689 251.209437143
268.044552354 667.021865887
407.582687764 638.926434367
213.84275981 717.322688557
282.788512113 708.463759719
255.216122717 645.040162271
319.821805171 650.188485631
670.277122875 647.949376463
246.460060058 718.444162768
338.85270146 678.963907987
278.797400251 206.553910519
