144.090106164 173.222020398
58.8967464138 562.276778655
169.532012766 511.527973683
32.1609439723 700.24616289
137.095023811 324.426675051
248.00457349 497.181656168
17.6743462843 198.817799281
175.277668765 109.753601945
78.2141883132 117.81915499
167.161986396 538.610177165
242.267866477 465.750435525
108.226694043 148.50817823
291.292887022 494.361124565
198.022812716 457.200794594
140.079211272 483.038279283
7.55686129642 685.354443991
165.391302297 487.072359996
80.1163843251 98.7370695284
53.5909092079 639.104135893
59.8763155445 194.12650966
150.080826131 511.80766385
107.706918017 77.7443004846
186.437118658 479.096535727
48.1383314823 265.495284357
92.2284027605 179.532317387
312.782354771 488.19297491
115.951539108 478.529487077
136.545273766 139.873341964
38.1806545911 103.119129252
17.9645582142 595.439031871
25.0722226801 179.22397774
141.489092275 212.360963892
234.508766127 519.983220135
255.934619586 452.515745183
20.5114303482 679.606816443
49.4040978178 700.174671301
129.575814322 543.094781286
162.940580529 148.418022142
272.158727764 434.459573613
77.25738835 140.549770288
15.742936883 568.911891967
77.7753043614 216.488055845
147.676558553 352.29979616
99.0853185009 256.670084334
126.871426985 282.673246185
172.117903097 223.743913244
10.2447533166 639.314661296
19.2712156492 694.267609761
327.196560655 453.040043267
188.040370417 510.953368266
100.229377676 218.074531164
26.6660949201 651.82325708
9.46513376069 672.266745797
135.323104195 505.478721426
14.8597370042 130.51432596
157.460951218 99.6063766898
204.768287367 501.330283152
62.3772354126 665.05452197
25.5318446443 126.604344676
282.521974805 475.049368397
332.073495765 497.090462432
182.782677546 131.40697837
219.3436582 537.86782305
60.8939510862 165.297183214
56.0663559923 245.891261746
306.471047337 520.04163622
17.3520616406 229.842835069
209.816664523 528.756121825
56.2214349822 585.691530998
51.7632462462 101.507381962
54.8908783115 122.074479028
120.179364129 524.633777341
24.1508834681 158.455791034
62.4691884787 689.117305641
32.957992606 568.402252405
36.3157381064 149.053122715
54.512645879 607.275187505
34.8483132056 230.985507319
95.0919119311 126.196135338
121.231310624 100.826445505
127.518256046 111.680138653
38.3830517652 204.069662026
32.0437218664 593.885358425
84.339268562 325.613193115
164.78748605 340.572229735
219.830589677 497.047974876
121.092549467 191.884745789
15.09450567 659.45029087
151.682028671 465.783483242
157.137347631 197.995245589
68.8968418549 291.188189073
38.5958523334 672.940197766
296.851429651 466.544587564
91.0226148269 103.172941609
538.711194387 435.938889482
109.22306068 89.45581305
95.4641498753 305.79803106
179.841343957 169.335808405
103.709120529 509.291146581
32.1721688464 625.656473869
