184.58420223 122.484573308
583.90531382 415.229676615
533.940223927 336.404586581
460.440316824 263.989087577
571.989440832 369.659482998
165.523590872 126.908133569
621.959320241 186.580034375
523.172649486 413.644655191
137.525852965 105.979722796
634.428228364 136.477078059
550.938864109 342.10370949
306.07255216 71.6561159268
496.972982489 363.271605596
628.192317053 53.438984007
512.69382111 73.7307266999
554.877990709 433.976346105
679.572142392 95.6074998999
317.376025842 91.5746028181
631.948497083 157.886633599
655.757243245 106.3378907
662.7147088 60.4534184528
638.368335347 113.350023734
369.436539575 107.046642492
558.071465039 201.971934758
648.375960877 75.1758641292
407.897675294 67.0061630595
502.699622823 161.935623905
579.972116917 213.17768645
618.954423898 97.7258496842
541.704396948 237.901303867
534.511076814 202.437024793
135.435280663 117.943324674
465.003876878 339.083522763
213.794627501 97.8474354179
313.721779144 37.3788412473
489.26931573 311.753599743
326.471747436 48.4157715656
189.331163697 139.54716766
520.641157295 159.672713627
501.815388377 231.016352071
532.890344369 557.788346104
570.936633668 240.840640613
608.206065399 123.999099267
503.483830683 254.23832203
663.3543587 142.576231904
560.199053345 395.557342734
539.73838996 121.428725503
545.540313672 142.068646857
476.231920399 90.4128463432
479.996033118 279.299922524
516.014071352 299.76070364
461.914368164 301.96538868
529.600198891 524.427720636
519.775477523 459.149189754
498.700970072 384.273230045
555.941771047 274.327399125
567.785418259 456.455111934
519.499369509 256.098859815
499.227569996 86.500603153
506.494635435 346.850168598
582.591720935 138.011619665
209.400701231 118.061206768
560.055867487 163.181367825
491.511735886 116.896733181
553.808783811 511.812008466
100.506863487 125.823909484
587.415854246 170.024284985
499.684286461 500.196298856
119.37595942 131.940730389
474.605629918 199.723107003
166.227475673 100.470501478
373.205494481 65.8363648821
393.476035773 91.6211385532
418.645187372 98.3425028749
191.196985563 88.0487507286
544.802460279 542.370714142
345.649763311 47.0519475334
492.669182045 201.847959273
468.752226188 387.686684126
524.059010092 221.180027218
518.528548414 85.391103024
519.149378014 179.784163128
331.953306122 71.1219103426
675.522713972 105.992305421
487.792664404 332.037667849
488.455276365 420.209608187
501.899235273 272.310826864
349.51996496 81.8173520186
533.518109606 371.963685544
337.900866635 122.642802696
145.215112755 137.492449009
476.368307708 243.076822252
230.445196893 121.927338701
107.954107801 99.0079110027
604.604604612 81.7652993332
452.48810078 363.980898389
490.437863667 96.3400047904
580.422132602 105.131796192
593.514211503 62.8302975163
698.539853128 83.0607736735
