104.670020148 179.998169391
86.0698389823 578.159453237
159.60340492 550.270565938
48.463730351 704.813063725
103.231097408 345.652484529
248.742616129 537.171130842
14.9499390452 227.369393656
135.290268511 110.594544148
39.5018309219 122.726950148
161.430853094 578.191497935
239.931409143 505.675970758
70.8306850534 157.959700629
293.135383094 534.30845412
195.296753974 497.098716986
126.210067068 520.55096573
27.4034677652 703.038678799
155.557703214 525.842515706
40.3485890265 100.638005599
75.4102855292 653.636895431
35.1218585471 220.771645501
138.391049472 550.050345821
69.4832014256 78.6473283622
177.151427735 517.973027774
28.6383652984 295.704963804
59.5479641608 196.105644112
316.79770018 527.91266151
101.923923955 515.946825764
96.5553944135 140.33169048
8.34721698258 105.296102722
53.7160260896 611.639727535
7.61199329143 203.115150148
103.522008205 224.800045111
232.41715716 559.926894277
257.476054051 492.475672361
30.342800487 693.271371824
66.3967233539 703.897754021
119.098725741 581.671780969
122.952472368 148.491166101
273.488071351 474.435663656
40.6347388762 149.722019996
50.4670564841 581.079347679
50.4372533186 244.131556423
113.055260033 367.098266846
75.5468420123 288.230195238
98.2904475292 309.870979268
133.051505913 227.050399678
31.1777803651 649.128021322
32.2212231106 720.32232677
330.235552011 492.851897192
182.13271747 550.51245336
67.1829370114 238.878881726
50.3763216318 661.750335728
47.5094685052 681.912218019
122.096113432 543.21729043
4.38133666571 139.64550585
117.513606762 100.477643809
199.783471971 541.01526023
81.8091454906 676.270230265
14.0199679381 130.460602094
279.965762482 514.962987583
337.04700236 536.762609146
142.847083343 132.666652392
218.158053582 577.816294837
31.4224581965 184.45999875
35.765023295 279.2778432
310.552026842 559.807958726
16.3240964326 261.504391492
205.589521433 568.526132324
87.3819112919 604.225899492
19.8003583384 100.992286665
22.3964089172 127.053354638
106.83107747 562.24898676
11.9022542 179.406394848
84.2467155645 699.205530423
69.8506896236 577.585071104
13.2149997239 160.012168595
86.3199123139 622.316815805
22.2787328503 263.214786432
59.7250143405 127.579163356
81.928210729 100.500548817
88.2296231196 114.97039777
22.9199590836 233.350190273
69.3403607516 600.600487329
64.4767931304 352.923460603
129.551325442 357.227551839
217.561671062 536.961111494
84.0316127824 203.891928245
39.1165854336 671.717165249
141.676738294 504.505764799
117.727587817 204.602281235
49.8010169339 323.609316852
65.6400245722 681.575475455
299.476050872 506.41616733
53.0548130371 101.976118779
539.674408626 434.974653423
73.0001169142 90.6741698668
72.3706035355 337.146644474
140.029046918 173.188151508
94.8014377636 547.817090341
62.2819302483 638.9724297
