705.468092435 705.116664105
189.106434436 348.465025604
555.035171445 674.150689759
594.821187018 682.861233928
190.319767037 654.812185492
339.726386352 313.742481504
583.187758558 711.993897029
385.753685428 545.066814607
695.359334367 677.549035854
308.330730618 395.743949498
513.333265303 99.9927931364
573.694826589 675.035838198
523.317324376 700.264419556
586.188875067 690.190160521
491.305939871 646.893466629
336.75727017 360.490602287
522.559668385 640.266694804
121.724816831 423.697308752
266.930606109 323.248253898
174.415770241 636.983721337
687.620718448 711.672466091
211.558361813 597.083430255
229.725363438 605.617761299
236.844366015 318.82824131
365.387681934 491.992598863
607.141963526 722.823910633
141.860999194 128.321902885
367.831657899 332.166364775
229.849740413 297.475012209
175.031094719 323.331538114
169.26048633 136.374284586
371.890572159 307.201000873
158.578933229 307.821072952
100.934082596 555.791100814
588.285017151 731.992685809
210.968527413 657.941699395
205.919448639 294.142454482
224.597547357 414.588099021
190.623836854 138.887638655
530.107659868 674.948000249
248.820542497 505.684209485
150.272830672 356.272866667
304.033543504 121.633898728
627.017670866 718.279370349
286.406684718 385.841942872
329.636087981 339.834201834
360.026042567 158.403704593
392.871302108 287.787985271
333.870756033 279.897409322
717.8492945 714.268768459
313.082348423 371.83819066
296.710879468 329.542454191
308.807775325 515.942693216
505.959264463 702.815483457
274.203791223 408.469956917
273.519182629 300.693486793
294.79211626 101.202202277
500.586406101 689.362796907
247.17240403 260.118927285
247.082458287 340.728101764
262.901059165 355.612966201
705.546557576 695.860485631
230.709399737 357.811703985
494.148507154 676.517746657
689.007609095 653.844974626
543.922306433 628.495449425
659.181927147 695.684207602
283.238799684 498.869295217
148.988337949 657.751254467
351.981955717 296.618879226
682.371398003 701.495826086
181.947243229 162.705208221
241.308319382 291.241504849
212.263993043 319.567660121
716.227106117 677.803936627
561.090824159 704.809335915
189.283064036 627.885349787
287.216355018 360.423988987
258.369348261 494.15704506
207.367681658 343.140105715
149.154922672 336.682139176
105.104930952 683.77865854
114.607615258 542.11589395
358.852254867 275.24423835
131.363358006 472.984957821
212.748587166 638.792201983
508.616133618 663.043792982
245.117878344 528.53577608
492.640982664 701.629065133
260.403151311 382.399730901
106.666550002 454.093729882
96.402299446 432.602335603
547.838991304 657.740470966
645.738196852 715.01211475
505.672570522 118.700780056
269.067999144 533.161955305
212.870823504 274.897638853
106.672025494 195.267344733
208.615603053 137.611753194
358.000492706 519.659775413
