193.655590562 723.365584842
221.845944321 699.239031759
490.131859703 713.553314865
101.004906408 549.152735444
73.9984667191 730.614263359
34.3750164372 636.731350907
117.041469259 705.454362523
92.6428941258 170.620293615
82.4186354002 263.570491773
83.4459417004 385.159341641
64.0912778568 695.345626349
126.898871968 739.056062567
48.9263791639 677.543952182
159.111143308 142.843222489
107.954479532 264.728790344
14.6830901683 656.586534456
75.6667804041 520.984187695
32.214501083 693.166213218
164.064799947 745.583160909
638.396156044 736.830774642
87.2030641359 413.659003486
322.599104314 520.727669119
479.629527033 695.586541563
101.659255041 119.190770486
72.0419674211 315.17743572
124.498941164 284.872210963
108.000801319 356.658715476
95.2171415974 344.586292911
79.6993136293 713.486778966
139.231568336 112.577843929
102.119489477 524.792446645
36.1878667706 669.919004257
112.675054085 230.595381149
218.729144183 726.418321978
131.820828457 196.175045219
661.118872276 746.95872644
67.7310888767 383.597608206
62.097091805 640.184291971
70.139210388 358.63346502
135.708749884 136.269923595
19.905134559 680.595451906
619.537518969 720.164184105
43.0045895563 715.940236089
139.214678043 235.552629901
373.355744914 514.008447605
187.990155503 742.699147705
59.4224743296 553.491385425
37.191317303 557.296745413
111.57603572 143.382797863
50.3552534484 413.299982189
71.3623765629 424.764172428
605.261276407 735.0338608
38.051342084 659.121848602
46.0536429094 629.956450525
28.1943413086 700.862941968
53.0262399175 534.608117758
56.6827821023 652.167796602
127.078531735 316.120231902
119.91916184 170.599639106
198.61554679 766.70178061
62.3279068133 706.794536261
244.139936253 745.448129207
50.3484939121 584.820065397
595.533341526 686.576201916
110.292882828 745.929238608
52.9344183997 688.70446054
38.5322757076 721.311269807
62.5177043988 666.426406611
216.439834804 747.548883007
141.295117525 157.545599863
117.012723903 212.311941127
74.4080513894 612.614513653
158.671917487 180.346721088
85.0950817532 643.637344236
55.0584210767 618.638973887
32.6459981185 724.252858264
99.8941982755 317.854821841
604.233811328 660.81528969
100.678950124 240.697590363
474.369373016 208.313951491
665.662791803 719.701061501
441.463594886 290.423131597
93.8878036817 439.621427847
77.989504971 551.653560367
54.5151808179 728.323789743
116.830814197 193.066015696
68.8833329511 584.668911126
52.2879608593 701.07097859
353.860402622 539.797972852
83.6804324806 685.97750912
465.317938939 711.633200057
86.0100824229 586.601581947
154.998334829 764.998149952
53.1924633249 391.901772038
97.7319526646 699.147514858
99.8347576297 219.67561615
686.761159165 735.344761685
34.4244143173 644.25482875
85.6219188807 666.901398293
111.647050963 391.035181219
