382.758881432 533.357395994
364.970667781 563.785381904
500.031416149 617.8628292
512.485966097 679.471631548
373.38937814 464.474596699
119.914072985 608.182162572
522.074728052 257.614581118
534.455773839 132.498753085
407.178089846 669.919344371
417.796971339 578.455321682
376.22200628 673.384169686
308.345970742 537.115499721
407.804219562 493.270182322
473.406142846 625.265786429
419.39099323 471.079339433
424.852142264 635.894592311
314.598560805 616.816677787
439.003834197 593.989181532
487.527409983 191.289570642
450.198712289 664.209494996
494.581951349 128.143180818
486.550680999 635.555655642
508.081127733 326.228064991
394.196178287 647.127257531
347.862477831 509.435371856
491.594738408 253.770594462
491.681195516 647.005411142
520.832032114 147.900610939
504.047400622 656.133123282
426.068425153 626.307689926
481.209633412 141.293942239
536.299825306 676.470792502
447.736310312 648.726541826
384.812047876 611.969363772
474.662345294 683.923416598
507.79131036 599.669232448
146.474560209 590.04146697
443.643408807 683.732106694
336.731940968 666.98164676
515.748173566 667.272561507
509.465218598 296.727224884
519.752861394 218.490272832
470.253333027 381.226143062
350.245537067 553.781136271
537.012741817 108.908523162
209.984496691 705.369137423
399.402873446 626.060819418
505.304785676 667.63728717
438.189743182 660.13132172
495.547535121 662.211101139
477.62087388 599.359760849
457.965362106 364.601227097
468.913920673 635.168537719
417.316210386 542.191933137
394.505401521 518.432256244
422.277326163 512.78949814
360.501353643 648.384731245
345.517997994 603.603167709
390.905400259 589.889508061
522.658700628 116.772754497
478.634291234 671.01007572
478.620029332 656.228824788
520.119601014 626.419927841
363.299883803 526.787119894
330.863303216 489.100954256
449.386091575 634.069568862
383.548333477 512.047627962
447.645730655 331.355397874
477.294964401 312.045648114
126.363543782 587.101047451
478.560397796 697.24021481
146.529594234 615.478237188
331.964114112 537.835691873
480.124796696 346.56341054
450.83560293 572.645676874
519.509195916 707.158843882
410.688348459 617.920309496
528.483102887 641.092367452
333.811503495 630.498898614
496.190411795 105.927201027
534.749949712 177.499826236
321.551462361 573.946351824
439.990685598 609.431102009
303.24918519 650.281946997
395.069409333 567.828539222
496.613320257 689.207597466
341.170472382 593.73022474
495.692027716 282.684657433
483.040453748 612.03188213
448.145288045 621.773763633
521.539157158 696.114287411
437.080081422 366.179409795
367.460259261 603.914094166
468.9525282 622.740955156
468.249197 289.295574562
293.657494996 622.64129451
530.19294941 95.4131862963
358.839425542 617.43233141
465.722998461 647.407381007
396.582349729 482.003398039
