268.327379107 686.91391622
376.205097851 437.043069039
654.390971452 792.533436673
443.992744179 772.395581841
338.063103295 672.509494788
307.773932087 674.319172273
700.193878838 760.212930438
672.653465549 759.414761507
326.3370727 770.363627218
261.279421605 719.633559592
324.899131966 748.731030508
290.100539425 556.059598114
325.946274309 719.362833686
289.60226387 667.437031644
587.662077386 770.957652628
289.897431022 646.857812781
308.173891956 707.445651785
674.633149634 730.787016836
358.510379163 219.524756445
362.085204871 717.138247536
357.70270725 203.524049113
619.993181291 746.838948609
700.22964036 790.653828602
376.111584982 695.987273887
326.3027824 444.198401015
346.061221821 248.215733066
590.218349491 748.715401707
693.637968104 745.634813887
455.814165765 748.746837574
278.843258174 578.008365762
336.147951424 609.512079826
428.69741914 780.743411757
397.609038391 727.697291066
331.423387 700.374831032
300.426467797 749.040137635
365.970919303 503.698302454
402.895551696 698.732539161
349.893299994 756.571081485
423.47395065 759.462525436
249.736617797 353.807669908
677.779115921 791.76142231
379.894703282 285.015788632
676.33390546 779.690643406
335.51998678 508.882381671
375.116758777 261.090642031
346.377795414 734.513675109
558.448075733 756.206770367
480.333112034 740.676047062
387.241353781 744.003620941
505.342433711 769.985633541
354.323884688 470.269136266
353.988027346 433.669334065
365.995997573 682.385622662
288.966953709 707.078696667
533.372354123 763.751959831
350.871017213 714.310853217
257.807401219 657.827675247
384.398103394 681.073914849
624.99802658 774.376219185
386.90021513 193.109158993
409.036594731 755.412207435
250.978638136 697.462077014
563.881388431 775.215316373
337.163256149 475.045747262
327.365919814 577.084364527
292.674791494 616.31763923
688.171543421 775.906199693
306.428781831 509.132027139
352.433891698 587.622891365
355.042262031 694.013904773
379.284332965 767.810489348
314.979830926 730.409021064
607.55853052 725.228301119
369.831241145 454.197032415
442.412819971 740.969170432
416.851812115 771.103493262
319.687286436 543.019319975
426.592477521 713.538544723
505.610415701 743.966515708
333.546950336 644.50930147
651.827045131 762.699630517
328.227171348 688.541009728
481.752148638 717.943219034
478.455465869 757.814546635
244.844547766 716.402794224
402.713515214 769.161573739
284.149803869 526.929324136
362.759798796 289.045651226
358.152381362 548.590662508
352.434622197 682.561633
465.874701947 772.497610086
304.353174414 485.18411938
649.57671633 739.527049713
321.763350156 609.299766413
364.168239768 178.864929229
461.965220301 724.69311062
395.713468239 227.239966962
534.628941365 739.315354242
566.390151493 729.626590953
369.705428733 237.051466214
