261.570499868 654.47111026
292.736234726 640.65878344
527.730643316 582.85571096
219.710271111 515.765391836
247.043036647 664.862864381
152.16605742 534.434920215
287.864183554 654.072739284
291.258039114 183.870706109
281.718250902 266.505933621
270.027521401 456.377931736
245.707909408 617.199469043
265.140538167 677.330927829
212.161033367 576.636148451
358.175904561 131.252710252
305.321325068 286.319921885
136.742907211 550.787612515
186.825180146 493.273184039
195.086279501 592.256491016
234.319104843 657.009964709
690.751425129 576.780431428
275.504770145 478.811241531
365.826288807 515.410050995
518.299431165 560.981685211
300.891896364 109.240756892
254.635656846 394.778084419
307.974534483 357.728813364
294.183180677 426.644011107
280.227704735 417.688970624
257.418292562 633.669440979
338.260795927 100.035117806
207.452533137 498.908509726
185.632678949 569.132277087
310.720077494 245.512977734
281.787187967 664.952352798
331.128647294 199.61116693
695.248473809 585.198201796
257.027944772 446.766059544
238.435151295 562.535030567
259.016007149 423.167792636
335.130735175 124.833831978
164.830264172 577.234120994
674.148601276 568.180716762
219.680820851 624.851249264
337.9606443 234.641464462
397.939907521 509.805973036
262.34128514 691.1783097
169.216394295 504.059768765
133.112723015 522.390119094
311.004874025 137.648237765
239.911316835 471.27630573
258.95583754 488.429563672
679.035551454 585.422027088
156.915048157 553.93774757
202.245513278 543.70954688
164.646950282 588.912788057
149.206926597 493.985327443
219.078621906 555.571441769
309.631770037 393.624025164
319.195741721 169.287431374
251.102893892 700.220139353
240.600811514 638.49951724
300.167981112 684.190871451
162.527416827 512.038329674
658.608615859 569.877145719
240.342810913 687.118491891
235.82651222 612.427331152
198.034374391 614.552904598
240.324688022 582.052152742
278.739278735 702.945415009
340.735884307 151.521458288
316.039515592 221.256561835
236.732856285 538.090831211
358.2737555 176.822841921
263.578448388 573.285115277
190.78778596 525.61887567
183.828321065 619.54738318
286.634607179 387.431572314
654.929283498 552.531741466
298.37433991 247.878675299
485.029335155 210.255090496
694.975107418 550.609790336
455.566188926 280.860090233
280.75651686 505.668107404
206.890021324 510.741813333
225.878056026 666.24539484
315.808116727 200.167332147
176.925547236 512.240530695
221.158410739 599.721665698
387.0254388 529.998945596
266.753000439 610.4433601
506.972268061 577.403870387
231.764513213 519.244945082
204.729311254 654.347274601
241.987406082 455.32892323
283.080135114 628.242399573
298.683866194 220.494833633
708.28198176 564.855920958
178.280998962 541.758922865
265.309362406 588.68039343
300.523742837 454.95916421
