370.601205263 672.642240515
327.067541154 427.592033502
362.563106037 652.108164098
364.096248864 631.645964311
375.990190275 269.417210634
428.786822754 675.145802048
634.909678865 711.572558346
602.234013333 713.878490129
429.792045366 712.460452322
313.530342564 700.051621884
378.023845826 711.883492689
122.118379286 788.788594362
377.790532245 698.384713112
340.793138609 682.205338159
532.97360046 737.278542409
321.342903254 681.070045438
340.537370874 709.985348463
631.622358843 488.469224694
317.606654714 460.397454165
276.809421633 715.106225063
398.310891548 129.867549906
630.729141618 469.25503725
557.112017572 741.830039386
339.035967969 637.408058207
147.516296757 745.095158614
307.489848955 580.21256676
398.052652276 499.696232216
419.707816234 524.59209099
536.323343631 718.399075464
99.623439935 793.808629164
390.691019369 667.016538473
361.892970342 564.244581287
427.113742476 131.899003539
329.213633595 522.352414309
336.308476937 721.351812357
246.571544861 726.689110524
400.817732882 250.792677254
416.876385054 704.034900464
345.997482082 401.707659074
394.332451439 234.019890834
392.329114523 645.462776147
422.647876717 110.374654215
542.08737594 757.834289717
187.138294426 693.90676166
337.263118506 602.098775744
457.731225486 710.56392192
593.617225241 676.722194785
385.33630125 427.415293358
362.726832019 504.128661901
396.65728178 536.682594974
217.441092347 712.679804518
259.518169166 709.768259689
342.094174339 367.11787689
419.330526076 686.099594767
574.61939722 726.535664399
269.070635313 734.84902056
305.786657015 683.232004651
355.248694067 458.313914086
608.557047953 736.21182569
408.398864115 98.5077122128
363.489056155 333.8917539
334.120745883 691.263485857
395.203342876 617.769541915
226.746159545 686.393715599
303.244472247 660.053894528
100.613863302 784.972053241
631.33518491 726.198076177
114.451512382 740.523603005
358.344477707 664.280562919
401.00503762 697.922282445
376.098600641 610.312612241
365.270182971 711.971303526
395.136652634 305.846940348
303.520350802 607.489802644
376.197332811 536.167714572
333.572743248 646.840584043
131.350460397 780.911867431
378.523949912 303.831030067
369.768767044 386.716393453
477.541493555 698.442533309
624.620133359 698.379242143
341.36982672 699.263788121
410.922255768 267.557354019
386.852867622 491.124180252
365.418219202 690.941729369
346.484434214 567.573439888
99.2537207819 768.836330798
412.133637657 148.854590734
324.939563458 663.192289344
365.519967563 296.755855008
511.952649823 719.61970953
109.688415436 759.869843215
428.498758825 313.879285822
343.721430184 668.419256042
405.313340249 111.057086806
408.075643237 280.729536751
321.274298224 394.491566091
420.892706651 446.689852282
386.503156726 349.43505793
326.053064635 493.218252845
