384.182815779 407.583098001
444.072857497 539.019698769
600.242017937 618.899762671
371.25122457 667.747175555
546.15440468 641.545412302
261.216652117 720.516980059
345.894351006 474.968125096
434.239722748 190.771527115
409.327900045 202.664208577
621.492483322 596.259372131
482.362911093 550.291110057
389.22844794 449.218150713
307.278178511 678.878446584
392.803332487 497.101096699
352.957710091 412.48795022
561.481509871 673.763390212
569.814737261 575.401539921
410.114025104 139.901607174
458.871078434 628.375616237
522.816802613 612.41096718
448.559124149 559.575560286
416.839487283 112.065347535
350.681794694 499.502778366
340.965624133 449.921143262
213.674406066 709.243657303
340.590159634 673.052158318
191.074214934 763.473836554
392.981198689 335.631335859
380.00006112 133.59015787
303.808026576 635.738396788
360.153704851 438.923315289
513.811242241 542.372234933
422.827537985 641.984562813
484.766979388 621.564922526
242.655655295 706.623157784
408.098384667 653.233027057
454.014041638 571.795904988
161.882226518 713.050019206
502.785252964 589.011343552
379.336003495 427.531324683
224.840924636 745.626201332
378.872286974 513.26123421
373.732071483 392.488923498
576.732444769 604.933039119
553.007492933 601.156717078
535.510911764 573.425090096
402.240733215 588.438180477
390.728148321 565.056209602
432.14629047 674.544465312
467.345852385 582.635007111
185.051573763 719.108771984
387.69206691 626.757105251
407.236252883 602.809399304
597.504457132 598.968697937
398.260122881 261.41670068
418.111464771 227.354124751
598.981247546 567.202729712
490.396330502 637.599211373
382.981786105 196.186259927
479.656026804 675.488271035
329.510023917 652.189720386
427.504520391 276.015393029
365.472417429 607.251917905
139.735136652 717.58098602
540.474756136 627.988869092
370.255910808 647.909752255
393.252155937 116.776717364
502.074213827 656.121062533
445.664038262 603.346067728
406.750898585 101.048678284
404.881825328 179.611797461
549.8787063 657.051493593
378.451868284 472.318822371
473.825521065 655.625953971
430.143432294 562.573160282
384.273163797 361.770824882
465.215698247 643.768253639
140.091456332 749.400013178
440.003981699 154.126192467
426.263768263 127.706670003
415.88600537 416.939601839
505.55226988 564.786915883
305.822183179 650.056002032
163.166721203 755.693670233
395.646955706 300.496216863
477.781302626 598.487927221
156.652418903 735.676325744
583.613779678 649.029969816
568.628807031 626.086559227
191.373801304 732.957941859
403.805230083 159.061382185
443.832888682 628.152899413
350.044018524 624.771227059
409.338746722 378.614085082
431.348810001 304.795381291
443.948959743 108.132271369
214.026773652 726.286172752
416.526101777 332.037490543
363.885929797 583.109531498
433.488609089 580.76083698
