487.304522954 476.304762216
525.659619567 486.499013222
530.817409428 426.743777186
567.642016613 380.641739604
636.750385765 670.793731978
510.377833229 590.213515571
642.84250098 619.008800961
168.187633662 512.129867972
473.312535289 399.434316859
554.870859081 448.664719593
657.082322573 684.739417946
615.245662471 547.72556072
387.898032123 605.074273047
506.807137686 327.15200943
593.229424031 112.038752768
538.847451623 666.616118979
586.922423911 351.577460604
542.025012844 600.71866231
665.145719773 650.13942251
632.696031443 482.049427166
495.203723148 419.962755204
609.514821496 478.545323856
615.420506067 500.252226408
561.531792269 311.749937522
471.783590557 420.119531578
530.65149347 297.345917067
551.100428045 128.212260846
594.405807309 163.318993405
607.488557995 673.414675461
515.605455811 345.287886743
561.836517005 281.750454362
508.985340595 634.39260748
199.216887464 501.645567652
518.22147222 455.135503565
171.235465103 485.660147967
640.624659886 518.152822248
578.133494692 256.028076209
620.652302945 613.764664457
573.925913541 149.298932262
486.646516328 361.757177282
565.401210143 699.852869828
540.312214017 318.948849441
623.109538189 701.306327148
514.167539767 381.609612565
577.300630027 404.244035487
540.594172185 516.650637641
578.66541813 176.42699836
594.806402349 138.810279442
583.756298979 129.847789792
565.177166936 360.575718285
575.707189654 330.526869692
586.842386462 552.886605013
552.335612213 565.308990951
495.331656745 436.462008317
534.309378748 628.596068387
548.113131916 394.14752157
605.815268909 589.433802068
521.089303608 360.325850063
583.064389446 100.745296337
724.169800805 669.083241046
574.456174544 674.78702972
585.63366198 510.017998427
616.502307675 112.582027225
572.189000464 98.2868591195
702.853059966 542.569615619
370.859808184 623.696579098
605.348712338 702.294011188
595.158507056 632.352148405
715.68865805 648.704715687
484.795892031 378.666212704
500.089020962 397.434265456
536.643645668 399.151896993
191.954894934 473.256016224
501.162167636 512.27360741
543.683292424 370.804625294
598.234635343 691.779541279
557.981071951 429.139803366
529.758796488 240.127760034
149.099002054 523.648011432
524.341544944 265.555840884
570.118799331 111.229426239
555.881209742 259.701969713
567.677927031 470.084323035
599.001638284 456.626610843
651.674110321 700.067051136
180.364079165 522.799834383
558.780702209 342.480784595
362.782452921 603.632392004
556.362385687 484.573264964
710.478342502 668.264544663
534.444391442 538.304172798
556.187412962 408.436295724
563.407700413 650.030691144
150.22519931 485.637363247
619.281564452 657.854840347
132.132941792 503.676019756
560.104794143 160.706849535
577.410003764 617.736611021
619.03042061 641.740788206
597.374234443 376.608850773
