169.123529193 469.02216779
444.596910561 588.887490631
162.017586395 605.076999332
222.352783679 508.31984653
195.352084274 261.533104813
171.616876928 252.219515328
215.707980704 337.672807134
523.928877115 564.865605422
133.731944505 645.975430576
176.205376431 411.741834725
109.962743707 695.956166078
123.767280901 547.085002495
213.033775855 289.492077202
141.045530163 698.724621368
202.477128313 372.99625481
186.247336501 480.186378027
171.662071516 548.403855777
194.525795476 467.650779552
624.198617123 516.631785516
355.086685529 551.269103235
329.043890906 590.443665764
148.948843029 536.173047226
232.197425584 370.315029655
183.613352237 377.486070736
156.780348556 494.271895869
183.171694427 444.345469075
539.99542314 521.381451906
351.23090811 580.424072977
701.003998331 551.040208372
307.455145978 289.593934123
290.481338737 612.032074087
148.779483725 616.892137624
221.65754452 316.495345644
142.484815065 598.855603581
546.497780926 268.287263762
163.628903738 444.00427674
206.471453431 396.189622318
292.901182176 529.762423775
517.080314379 543.005042974
629.333481808 549.505754091
356.349474434 508.521456553
699.595166093 513.305268921
196.79723957 214.488880488
386.557549645 589.773868655
470.729394479 618.956930534
167.757800307 701.166847387
143.434869407 466.943916776
544.492501538 560.393951141
158.813204125 658.41407585
202.139906324 588.014236252
397.500101901 548.926658188
236.084954077 342.009730752
420.484879558 576.633698565
204.562067531 442.696597522
217.447051974 425.373512886
187.414769486 232.553862471
118.898182953 529.860697833
491.050815163 589.740882584
171.664294025 635.006526545
465.435237684 571.026063901
148.879401423 521.728727455
278.315522157 641.778743328
677.07621354 548.584235836
476.329399172 538.332075572
140.724156367 489.916639452
173.433763348 522.14836719
190.092319815 308.274700946
497.410902333 562.377865128
277.310273492 623.308727959
682.211420763 532.987831139
134.679493269 623.370682047
196.619276273 421.791851917
613.610756865 502.708696898
105.3117956 520.557226852
236.060014979 465.937112074
222.231142806 463.467090167
131.243245989 218.939355162
598.648914073 529.47460668
669.084287494 505.650658788
202.276484711 351.174113956
643.826481378 517.964653321
161.162313819 596.510017848
439.82751649 556.992731897
197.625749574 512.814502349
158.695264614 230.350642011
178.475623053 574.079834706
127.226609917 517.948266518
325.159786637 565.234794876
103.171121085 562.114985316
222.710513994 248.677371679
185.524828824 596.258805591
376.132607016 537.973012207
118.85467282 671.215476327
177.019100399 679.088617428
202.020102513 549.967889514
276.771113145 552.030645104
661.733881849 538.438773684
145.231673594 678.926761509
298.914611292 576.806231027
168.835861634 207.305295008
