699.249400355 312.224950484
566.644880706 557.528987779
538.466053713 701.352891954
585.640913629 584.632215204
339.405829943 481.629390485
194.260324186 416.294814252
481.381185879 527.212839435
675.669882078 457.979683977
596.174939478 300.272550341
636.41029532 685.493505295
555.893100198 462.150876153
560.330480005 255.441662511
157.33305307 434.48462163
521.441469204 460.924282978
155.493174884 457.187767665
635.009647518 669.360068035
601.54866774 673.449220636
289.586893551 440.364349635
453.913893918 584.891655306
639.561251993 506.530928404
565.922890063 699.699219362
600.7321007 557.891109017
234.114219302 501.002019912
489.972306214 555.387609412
311.935788758 419.72001479
192.631731819 479.259643013
167.314038504 411.77201706
707.945921305 482.863039435
527.866335783 293.694796561
586.644803151 699.381022419
646.276689443 554.201079289
522.238917604 363.530348445
678.542428089 524.840914435
537.157422329 433.924383924
650.089644289 628.404453985
579.916084286 604.339933811
654.605593133 712.893701605
694.494825604 478.938202436
546.098277928 326.666179454
544.451844448 239.82482823
631.546111937 700.730919246
256.948506263 457.302593134
682.949074949 290.876512436
280.777134999 392.831333847
253.258575727 411.878165307
572.955323233 384.508343515
223.454483492 464.623336187
378.632430532 494.839464698
203.669436352 429.032787776
652.477812784 699.997314566
514.387299936 395.881377099
504.59929669 604.919406246
676.839207614 679.84070966
580.039891967 675.233905139
283.04584858 494.103194709
536.29353123 547.710161388
553.692026124 654.233331652
668.306026855 542.497349357
628.5028762 481.275897215
651.718581555 494.452148865
545.661082388 633.710340404
667.771989408 477.79282004
626.533502599 648.719749558
709.996659305 498.216523785
562.818269242 528.185590178
582.647237949 649.708553493
570.83237323 429.040126562
509.671407552 642.203216363
436.725366039 542.414886043
331.700224412 444.43837111
569.132663334 295.965848362
552.045443525 677.04171484
595.188558813 442.336192392
552.913721491 604.39985171
667.187942366 497.373356177
325.715998003 497.330046558
687.088912824 484.629448315
527.784838044 519.361511712
530.951778477 257.182720196
611.111915728 279.021423077
553.601097458 280.786535137
656.197108313 508.658853575
688.139097874 510.941533781
303.148999504 466.547685499
678.84364913 318.363447632
611.236923923 699.778523506
546.77983153 398.978244908
675.935769549 654.951435564
629.060685057 511.338622404
645.332676718 474.632427909
183.342294435 391.391155026
530.782916889 584.977985472
182.990015589 444.237399052
591.30659981 229.976159324
474.57463434 564.417723848
588.493556184 263.332869755
527.241493234 333.482105169
704.60839038 512.561303738
536.294891952 670.958730935
558.285258679 573.530942032
