119.828528915 717.076978399
325.796396579 360.840677637
130.327192748 388.199056083
231.319896558 332.317924341
286.896080502 327.809413438
271.606460988 355.275180681
617.01276052 353.144079224
470.620321429 324.217069788
184.284440361 346.503522509
92.9451215121 328.14960031
160.246768388 346.331841443
129.282626458 348.514062236
312.727248971 345.293911143
87.9461611623 369.638029416
116.719935931 327.07198974
137.625778465 291.904188916
148.941602575 316.726895916
127.318810252 290.195757565
543.700766615 394.454082067
101.169049327 672.980308966
588.753870883 345.81301033
107.008897044 371.829701578
660.417770287 353.711178486
116.198614338 302.269695624
114.871065703 403.207378502
81.3247553393 318.753497505
639.823511574 364.653241193
100.538963085 695.318761203
518.426522408 345.153067433
498.723185178 327.37899184
493.759393184 364.528044029
206.854457127 343.616144525
623.747782026 373.264030337
154.718077593 369.508670917
360.727696649 434.537755272
135.743004878 737.443685783
161.48102678 279.408834689
101.559564575 735.787542498
672.268160321 375.964662401
469.291648359 378.942981388
126.131416648 425.856451817
699.472493221 413.60881588
245.639644296 317.183603129
219.827269744 362.261481422
328.818548379 331.771935166
148.009734085 434.824295174
134.763675378 319.559691462
616.890843938 402.256386848
120.09305667 373.902883021
173.987709939 365.014163136
275.406009955 309.433648106
683.873869043 365.976095951
555.021981458 369.240450529
148.63558959 281.385840206
245.103430697 353.258457066
218.89374198 318.165099251
106.527267016 352.285150395
296.051171012 371.079831738
153.669894941 341.363783316
418.237261801 328.031878062
116.372058608 350.870586874
136.544442145 688.605407569
520.687030557 390.297039168
594.586882086 377.018394701
99.7114692712 307.695107939
123.929355771 699.006201451
441.0240169 330.269904994
155.643440454 686.32649566
424.590512942 367.215471841
146.145254864 716.456462295
134.819328974 340.563499128
204.906179412 308.110660307
698.810435259 393.245759961
64.9761790138 330.709337063
263.138307384 344.423230096
226.35510105 382.551927704
120.28381615 277.112481907
645.190460653 393.143891977
699.459613978 374.136243051
306.726720899 315.118532689
655.937044276 442.93367754
189.296194017 328.604867709
474.933080938 347.66366176
182.275279337 308.259027468
224.689250225 295.59886094
165.310791162 309.342294575
102.037012642 291.390190443
88.3895175116 704.993275259
89.9580369323 351.881038174
189.635200116 293.751425099
109.509282751 426.799863118
109.863084759 714.704477741
138.903868789 371.202018721
446.127934988 359.052667547
170.657398809 386.360868938
116.612265134 448.992218517
666.165938107 402.623444473
170.470829621 334.136827555
149.065431983 391.474375295
140.446282523 267.888554925
