337.914351479 190.26789515
431.253881208 537.801250258
399.443213786 255.210674888
277.523694738 212.813994735
477.237347632 604.850600617
406.585488952 499.203543783
414.878543976 260.567543102
514.312014359 429.847705245
333.863657405 132.548748474
613.244996122 568.867242086
709.344447644 101.781803623
265.313338889 231.186291293
544.595877628 472.785540511
297.053795594 232.666647884
411.562511416 286.989223724
561.918306798 489.945811247
258.519753321 244.774205152
480.541653437 513.600030411
429.577015992 486.287991318
444.391930213 556.274129123
321.466108222 214.609086878
534.073126775 603.819207571
597.922936032 658.031141012
430.779187599 393.05877391
534.882508232 407.748655199
363.187687241 205.557144595
615.910943175 101.125998133
465.719980864 480.920972328
444.678936744 364.882807631
405.924052586 526.143436051
618.617553676 120.893877203
431.651632089 446.584781893
393.50999382 414.539439403
528.375270999 578.451191827
544.732939809 429.039964109
583.091646615 662.313437202
442.344764226 321.281687998
570.699252801 633.584078369
638.548110913 101.337253695
502.160090347 404.729387762
620.315231972 630.165296369
409.954136971 548.32866426
682.087225964 126.342405744
298.710185884 189.908703969
572.327188901 563.258515827
477.627670915 454.966156365
673.686983636 147.514707862
499.766797682 380.982858206
467.270688018 378.7805554
365.025246948 173.946012562
602.654854451 538.543055974
453.000482178 434.08463243
656.912871457 628.198355292
594.999942806 508.063219866
593.025495928 598.341544981
475.694177968 314.485328108
680.054638113 100.155162572
527.144443254 453.297121512
393.356009726 263.720003957
454.899622871 485.790340306
503.106717396 472.632520375
375.255835015 135.154460398
547.341606362 554.109590127
451.472577744 398.870731433
312.539058423 109.271694739
260.594503883 164.533468659
296.633396531 144.834560678
635.130136415 650.397934684
442.278727536 581.588252028
421.074347579 411.312804408
349.352616711 146.995381207
642.705903449 133.230519987
479.140983061 336.662952785
405.505391693 393.800802183
361.246130603 113.039447546
548.778619604 447.891197576
491.741594177 581.177119783
524.758290907 493.702369527
625.954712769 598.214556452
447.353630859 514.083579321
383.101169005 527.254474162
403.192430589 559.288084194
602.174632406 630.610596811
489.87226466 358.620557611
573.625681086 593.302278758
533.51173544 621.871144323
511.168967582 336.617491816
619.931175893 678.046635729
495.614004555 439.490125431
559.471045869 520.786035289
510.636424542 541.484619026
472.569823914 544.297891792
284.219440031 251.617080364
323.067234722 166.694191813
713.780829126 123.617678251
644.174418044 673.116219826
373.955336248 267.797100704
630.650371906 140.887136959
663.074174154 113.574840017
474.245267545 408.976044667
