595.740709959 340.708649857
536.891961871 219.132550762
585.609260304 316.869250155
591.599348055 272.108747114
512.452352728 217.311384769
614.709080436 203.726167095
649.002240578 183.320646302
626.163457053 177.657242652
607.689461552 284.728362106
584.343775041 435.370058358
626.423513777 375.05159104
287.946112415 155.205933741
603.60414932 356.752896544
602.414190962 388.145781819
629.662580628 286.89316247
541.085290084 313.32891007
597.247453952 425.034898175
644.955880363 515.124664711
179.721379691 197.661346347
314.784291198 134.320790502
479.730673309 196.470018182
633.855967357 475.46001597
642.482781055 316.717748862
596.768334321 303.958654973
198.753482791 238.944890434
504.993696457 245.092238529
615.319586689 141.961947929
629.059453212 124.105528267
629.452504288 219.541195661
264.855676004 184.78920157
610.934056561 327.599045466
587.022570329 210.195582138
543.254928048 165.640974391
215.730503324 175.950673698
598.958527229 439.715986487
285.259305553 112.524756121
526.861295654 204.933860232
628.849975438 335.103054571
569.778427674 211.536329177
454.942559561 215.475406132
593.080994425 195.627877508
519.89768424 161.940202519
641.825892307 340.768064071
136.493681766 244.020691921
554.986965224 255.47749134
607.616596707 228.726119178
638.37058802 134.240353731
628.026563927 106.118372857
544.682697907 234.933210719
594.678494811 175.226461032
208.884133026 199.483758829
519.267456394 279.710621511
557.510278432 215.459004095
605.189981516 250.327175676
641.551047865 294.960847629
323.050843303 169.234247044
577.121185201 400.297212195
546.942730126 220.61272756
632.876762971 243.83598108
502.422584831 167.925496006
597.661966182 126.743722144
586.167404218 371.964183932
607.456597843 173.831217774
171.574564233 216.849886425
565.529512909 285.79453888
230.172331022 215.30973474
645.835907943 215.778509135
151.022686145 223.482056732
570.145201803 337.943899588
621.23061916 354.890774378
591.276881086 234.586881596
362.567748696 493.387320058
606.808028754 83.4809919109
527.480564444 247.144315356
573.66287792 236.911562373
535.271796394 274.936394914
288.139367848 131.792161872
588.963333569 97.445250404
590.494201546 155.531277406
614.136493298 185.351112474
639.414966836 147.841565235
606.049300941 409.672124478
579.045097586 84.3300983569
595.146096881 140.364652427
619.392525275 410.118933379
562.255400343 245.110983607
161.572500162 251.295883146
502.710655292 191.949864661
545.144085253 263.777586449
579.226599493 112.693994669
626.1997551 260.062364723
244.116111477 145.805767363
623.057841299 89.1568671337
577.202625795 353.541014644
481.248433985 152.703559614
595.993286926 110.935038355
470.75430208 231.935814777
623.575301033 156.085527645
601.148395604 95.8407988021
131.879389877 201.179696537
