461.575259641 110.609344447
289.672918264 145.331642959
521.304470391 249.136148981
353.706358906 670.94005481
473.669227096 229.961281629
295.663789386 660.362673872
403.523512758 174.583340716
524.359961303 108.1723539
470.452711342 101.01127898
454.073036881 586.829518406
422.811201192 395.449280972
472.286840288 139.714526524
280.68578595 677.43801061
540.943954122 181.565247012
404.009485652 122.342936883
487.373067147 271.520393748
517.335142494 201.36366232
453.283530622 84.357848472
402.816031695 481.27243343
479.869340593 196.990518584
392.510194333 380.087943045
466.219204334 63.9019571838
521.982609433 161.317042629
386.287887029 152.142987635
459.519989625 180.67444056
318.088161776 693.734883388
260.447425098 134.925576461
471.401038034 113.634171528
436.847002105 85.3032591322
132.501022835 152.416733348
423.343158823 143.18840921
496.588700419 183.788060207
359.434256203 692.459219182
432.744980716 489.595310166
250.864544754 159.28537179
339.965118119 683.155552824
400.643857478 410.52994603
488.806207908 146.325192672
427.55081561 418.495835333
439.548592487 130.051530523
101.845171377 143.057110959
499.216754147 196.439494396
380.982695933 131.167059084
503.465524676 227.789115296
496.808710571 217.462991787
501.984305499 179.523519141
119.414227413 170.165248649
273.856410137 166.286974774
352.159497119 704.254625462
406.555418189 435.500850874
504.197271801 153.784166891
375.020381002 618.373488316
370.293710498 599.907702004
511.91294856 236.625040041
445.183087967 100.653533362
490.812831819 101.590988862
529.384269878 217.235576207
401.258191083 625.372373524
415.067450296 105.796984345
379.215210661 697.835970909
300.114888011 681.654977238
539.779697764 119.238758647
305.154542779 645.321782703
451.933458919 153.843444094
460.061291346 220.116186261
285.554013082 698.781173571
405.986197027 88.8452649338
401.9962864 659.055393716
388.558054559 449.605756315
433.685105805 70.1632140963
433.034579013 93.2017379187
468.067685976 254.664627814
433.801657611 145.423307871
374.490335392 680.318282438
359.982593916 390.857922878
419.45796687 119.255367251
379.85748134 643.149629786
429.010028533 187.495891426
504.652741142 99.0909617878
473.726841314 77.9236596182
496.044106199 137.029599413
456.801172774 204.493771001
101.394033977 166.687553308
264.640637871 119.829938445
391.327910796 106.452852107
418.903429295 455.479126076
465.606424359 169.465180837
496.168940411 263.199727619
483.833266419 246.53287233
481.13828483 166.179489613
373.953091422 103.135832699
360.884596619 660.285547765
308.818327383 664.873264956
481.604944232 119.757382134
537.236247082 144.067310005
489.193387525 82.7611623962
284.178990874 131.550688724
505.084837485 124.168879821
115.672546508 138.40259999
372.203150233 412.92309409
