210.853610696 743.256620751
518.3916036 740.723910979
183.758850836 756.499260695
478.492824404 705.301568087
315.490467295 779.123683043
91.3924068981 724.414640676
119.877714745 779.457165417
390.738208962 172.257250047
393.224151324 775.511975837
196.907793872 692.966067292
141.924197356 751.557982589
266.462077409 778.828616596
393.804669306 304.214868524
602.665654624 763.88636385
406.880525098 753.309410314
684.339850175 744.140722133
598.487425692 736.289792689
460.730998132 721.602640884
452.76655471 766.335429393
143.705968211 726.337106528
697.579074769 774.359689055
626.94942718 758.195030698
268.039853371 731.038355632
412.503567184 322.559617426
410.130163323 140.712006686
413.518708908 193.20377302
147.792565355 702.45028716
375.088203338 325.517241375
539.912509736 758.928613395
156.686954761 749.46611137
98.0701577937 768.964056167
386.424522377 346.124216413
404.641342665 126.947734674
335.143944744 712.561774017
187.710652136 735.2475243
177.40163167 724.112727488
455.352281806 703.450397869
96.561417663 789.164920463
352.435364675 734.436210212
134.300548125 677.945452891
282.294751829 751.605717209
221.259837811 762.483663672
409.674694965 98.9876337347
649.634755398 744.627190647
700.219536943 755.196074915
457.808129605 150.795354198
519.94134035 710.937429494
637.394867686 781.443806801
342.674588172 439.538480113
359.485925856 429.774891844
501.915837921 738.315346333
238.474338972 736.398734723
255.838217076 752.673565239
122.996459012 715.894536849
102.116151762 719.970494192
206.738344132 716.381799548
537.038507432 701.782447576
126.803895231 755.898952646
230.551742576 712.222356845
546.51933384 734.532519937
380.538740599 408.786444164
105.869968241 744.753424149
675.838884027 730.858784109
475.604145675 747.96974813
454.975253261 114.086797767
311.69010955 726.507370297
160.579386435 767.212329124
570.002923887 740.617929705
439.754299025 137.936010511
485.809176899 724.926907053
331.877313287 747.65954798
700.669695244 733.360899417
429.27782498 114.881412175
409.167317902 344.893442876
402.005135446 735.535668232
442.445656328 100.411333912
115.860674273 790.578434081
673.063022282 764.969692502
364.113339919 407.620098866
326.979827392 762.110069195
387.38659271 722.686587799
111.353825444 768.531665034
508.126466191 714.843988983
123.650699064 741.447225674
619.726211133 730.871956048
449.555254197 741.782733811
433.682212307 167.188315937
395.808808055 383.076177849
419.817870631 704.583289521
350.946556119 405.756352863
410.582511371 155.078408245
378.111768866 368.16504308
358.631915666 365.797703071
661.486571609 775.176463286
138.134185729 774.839585201
381.209014814 196.152159901
435.520027113 765.532817701
444.16431831 723.523717319
90.5847573306 753.999312588
448.760195087 683.017499767
