606.293165299 278.603678593
560.295826357 113.243511448
550.731115453 239.351426976
538.241366952 621.629642479
452.230806377 142.905380477
409.360384692 312.235948589
629.31439726 122.793790052
623.215712582 103.645177248
474.98088715 699.902517297
580.995529093 319.481822772
478.687805585 658.738450345
351.17535418 52.8892834866
637.984647307 256.819159528
412.442166951 215.461461887
610.22766706 235.998797371
348.340418565 95.3384861183
430.569342332 253.977022428
539.229062637 129.651350524
512.1151645 93.1440094642
519.541341423 394.162093969
516.192236038 74.5339238909
531.319703947 149.185826749
585.87044582 213.778375985
458.294735102 309.888243279
509.72064996 118.794813933
528.350869804 101.450394717
533.929141473 175.95270496
584.02801252 115.800065792
539.281198571 405.149704996
335.737157865 71.5910986208
458.819891226 102.338030374
532.170198656 686.917786913
535.947110954 361.483084757
418.765026581 225.789872253
458.468011396 678.501600907
556.338307233 142.771025142
467.918636127 267.431342861
487.78083839 680.270989182
491.073896133 607.2560768
224.100725906 352.142729836
592.160658189 146.826165656
589.410386364 108.225993816
581.656378269 123.686346277
523.047715176 134.863656601
591.351459332 92.7233724601
471.317255562 630.043926655
501.217837418 272.529130587
474.93223445 304.176342888
499.979879776 642.665474629
511.126324553 595.777255096
556.287351966 128.40192191
512.206984494 110.238931025
435.829980311 215.392070618
629.513829872 286.148349454
596.844646921 253.602884518
649.814732063 270.383558013
432.750455705 327.691288947
455.688632572 227.090071805
560.849342324 211.336154565
538.720773761 76.0862554938
512.461374968 636.098604278
537.002408198 279.33582953
547.727624902 379.191319699
520.384926584 122.197707024
396.514627279 69.2587294871
319.528472208 85.8527875755
580.827369015 161.629812635
367.274298957 36.4461951239
487.927971283 121.895749848
431.470101928 286.429258373
492.975116272 699.749807666
446.683964272 595.123441964
481.401884146 135.61659177
527.323448336 116.689550664
620.644830205 300.460650689
514.555540449 700.889484483
362.808997886 58.0543573922
455.256508262 335.194232767
522.261549773 263.361189727
427.408272415 92.7381478956
600.689146118 126.226061079
422.740987128 183.262916832
489.927375493 164.556482046
482.206280082 578.112873768
581.720753393 288.578489226
501.60202877 668.654674966
320.756194513 49.684692831
566.586621228 104.586210444
501.126904937 134.291868244
444.412296958 183.161212012
524.380758234 658.341487851
332.486252685 31.0738537816
523.193740901 144.123118782
356.699651629 80.193172818
491.978667931 85.7023983662
510.572891646 206.067219028
570.811257653 76.1975437998
491.057759824 181.567137404
495.850324553 148.615376863
541.245119531 96.1920589185
