155.510474631 419.412624881
366.364934839 673.5024981
96.6187736642 707.364705444
200.309429504 665.215288956
150.454218452 108.365199115
158.199521285 607.123681248
162.443208263 294.901900156
230.668623903 459.533588399
147.907581815 139.99105389
127.422396675 697.540793578
133.410119118 467.169444413
165.103092259 90.2094728618
123.994192479 611.458073671
125.96718065 511.110404342
115.901911222 640.001598144
155.851124065 689.305986233
111.516559734 676.362140804
136.733079988 109.829561438
377.241737666 719.77976345
141.499139341 487.714541641
86.8397491622 695.390067449
518.283415128 167.371793417
111.812161891 652.020090737
165.160195325 333.077953292
142.068752371 57.3549431906
136.877364351 647.195991034
115.914260948 585.206136728
165.239640342 149.97473954
144.607121793 157.303593126
103.341289241 726.678619988
206.938233968 289.01001404
150.893974664 468.252697551
181.332272098 608.500736271
146.264484324 429.516441754
161.862436154 665.233215652
219.459869923 675.278291446
129.683041173 721.344098495
161.280848082 458.839640878
146.104958987 453.879468745
160.66630974 62.7619839937
107.586701617 699.77866381
132.479664136 405.59079877
162.315155651 124.414434707
126.016228663 63.6846296143
146.690686597 101.30260383
157.23116168 505.847077494
159.543671797 634.659398413
174.222674518 676.833034586
157.319604087 590.602321351
127.326670924 712.104011185
147.009142872 81.6577256126
154.894638205 649.882430956
136.173005309 692.34462956
103.715093443 653.562295396
122.341065991 467.794240347
358.309991201 303.999094964
127.109102076 660.916912647
198.625593973 642.011956313
138.676764326 177.055950224
144.823156761 514.148998051
143.097746174 649.96058648
272.122391024 510.114432628
143.810535455 662.881828095
271.689402553 343.439128402
206.693689587 312.583730057
140.788854588 655.658514691
121.756904522 337.852203246
122.416438631 668.860052672
370.660460352 706.077576474
133.187812519 93.2796007511
145.794910645 127.233022121
99.3877714911 682.342620667
133.237002358 139.907168231
187.262776193 673.671333111
202.817158207 628.524588776
128.058204562 431.262456984
349.640365255 699.402014493
172.005120122 316.803461038
166.694846241 79.2732213041
184.735550606 110.10486187
173.245234869 116.745348942
145.171987674 552.979911066
334.161214373 679.784710547
132.544233956 379.414695479
155.6671035 405.319822273
114.29725806 685.510246553
169.738224806 105.20125259
149.573443081 681.125652242
128.529775314 546.698754802
171.333265835 552.817468629
139.053978238 583.159330594
174.803363768 647.407912426
138.274006775 634.856722031
187.603286261 81.576637089
344.016863959 655.671700734
191.007132288 100.500333423
159.634467888 191.167488516
259.629024727 534.60884186
94.2566424556 669.313221407
188.984810616 646.46625244
