488.72753132 156.256912903
508.9813798 192.398216464
416.657136986 360.5073506
241.082660617 84.8079484392
340.67097256 508.133731563
179.268354111 69.2433507251
424.08260556 123.167728264
626.423378725 220.452521739
514.900972752 149.429857928
473.764362236 240.840129526
562.60829514 221.813750999
500.831137314 169.088849149
176.80051997 59.8852826107
483.674740373 201.736003557
431.139126609 96.3956561014
343.251335783 546.923534527
478.480338757 227.155881729
568.87637332 184.601982796
363.30333311 372.813704011
392.088894394 333.468440735
487.217729185 192.671036985
558.763045048 165.708109618
398.92925068 104.973002658
418.816460382 110.406098583
142.286986889 46.0735357012
199.625604175 66.3908442542
146.686503204 93.7437862798
480.662571134 143.724151032
466.774051927 100.451874346
169.84371034 22.7938072586
430.785966389 118.268937295
635.805571755 244.275799046
392.57253363 241.86889984
373.880215191 357.874502091
156.516475238 47.861576266
367.534827748 256.466120341
504.633149355 217.914009126
113.330560979 46.0847847085
447.330926213 210.292546471
465.973461302 167.174909199
173.140788775 84.7756694487
442.365801626 157.528627751
445.607158886 123.385996113
442.524145986 263.075842197
408.337907612 295.360463315
612.973618164 248.757283423
412.202547617 147.058025687
399.860049364 126.240483603
477.273723681 649.179007331
426.071798528 199.156104005
127.062786364 51.8998444108
338.222821705 481.500688067
395.328476426 207.299840939
434.573560098 238.112290477
472.501714051 133.284738394
514.941655218 174.784174234
517.54514533 237.074987756
384.066394163 377.761979128
455.804275862 113.43406276
369.443540365 462.411588305
179.717299854 43.840696812
531.406383647 177.665534689
222.52564904 35.2783941265
101.227386729 51.3578395609
398.291779715 405.78778429
220.853560504 58.1638044904
494.0056737 114.647173075
375.856135346 426.892500198
424.05241212 223.634047277
549.087878792 147.528294577
498.938286342 135.350174843
324.328500889 530.445074974
443.96340958 143.326008345
359.850676991 443.399245758
454.334802739 185.53858246
477.929552219 178.873332708
361.11285596 401.015617021
100.04636257 78.8152755087
579.033799008 204.936125379
603.571711601 209.212926687
601.098663056 240.525677709
546.117751277 238.20856472
154.80605875 37.1455064568
113.348663059 85.3070287117
462.500737511 153.32237373
403.240044704 238.236692477
123.741352811 68.4502791369
352.8921311 525.73261708
391.896947779 443.661540969
139.690981883 68.2651414744
464.262237245 114.86848331
389.995516692 265.584959635
191.848966208 36.4557016103
541.629053224 219.105067853
531.124064525 205.906477688
607.638675223 186.985936758
155.250678482 70.2981966597
587.074296979 228.1946288
196.704675628 18.6807277123
457.38066083 208.132567813
