101.194690097 347.349398649
137.729214728 456.773346832
148.341941441 391.349580272
127.46024483 369.966762823
144.302408922 428.892848326
89.7553642631 347.401564288
599.250258241 398.385114629
88.0839875257 481.166246347
54.5291230946 306.306090842
608.788867076 374.879962125
152.068824503 410.840678235
87.1233442661 373.824408706
92.7142847301 447.626005672
541.41474345 324.604009985
62.8829799287 99.9631893293
107.928995912 482.710220246
699.055399653 357.875114549
104.092677103 401.383339251
628.502770612 400.09503239
663.76147191 372.237594454
678.333034422 363.686197109
640.480346061 375.552386289
119.635398624 381.69679778
140.537466221 144.718429545
663.551453227 353.203798992
40.1443529814 209.644901355
60.7225976505 144.403588979
163.285655631 149.322018355
506.850518014 361.078258743
119.813646415 186.394187949
109.687839888 129.446514553
72.4142464537 343.386085925
81.9064453839 434.261451971
45.2428094732 323.771994083
69.0513269718 326.209509528
136.022088977 392.85933703
121.198524057 363.015201494
75.2800608957 379.234185124
89.1668900576 100.216231957
74.9111322575 214.590452259
95.4780144327 674.958746019
152.041072139 178.1859424
484.133038887 378.478272242
99.3316245325 280.394259285
669.670909009 402.608385917
126.141074246 453.243796615
106.691127097 100.189530867
121.728352327 100.861848696
26.255897933 105.795497606
142.301347594 371.927664115
157.91191867 372.091037436
116.038528691 403.889005
94.7123995253 650.489310509
82.3173786847 510.082964758
82.6318370135 472.266110826
149.273089138 203.054775085
139.955649944 482.861808072
97.9856137216 217.43287214
47.1518774668 113.4094497
112.21236615 427.979039245
440.213370449 376.516240585
77.1931540039 369.128081365
148.217510767 115.619161974
47.7161216701 175.883286326
124.770784218 639.648439587
37.1664879814 353.039943422
454.060535018 408.017425697
87.9517709217 635.901193629
53.928378461 368.159685107
66.8461380608 249.430739748
66.0494973888 295.097049119
104.696693734 325.40970011
111.626368662 342.969680093
128.120694093 344.309941639
103.175309333 310.089933459
109.5216135 667.486582235
87.4891947867 328.443145224
65.5609983905 177.517541587
55.6431891905 482.825530155
102.842035547 160.620965429
65.5250935557 119.982688375
87.1541772706 120.462031133
101.145781378 375.683327785
687.467652248 396.995197816
129.009108806 416.706614495
64.0905154262 502.232891316
146.813931897 346.691745661
112.448547109 379.165947774
124.010942811 441.736281049
94.7155525648 419.527734264
67.7668393644 377.211503662
127.829878134 329.118029511
93.4259648901 398.466597302
33.7983073035 316.286974355
486.942817673 359.388489139
59.7494502866 467.266380529
37.1236204262 133.550707242
457.444377727 370.31440212
467.369396644 355.655660234
698.398267595 384.637665868
