470.073263786 263.234847173
415.580424401 167.873533512
567.883040702 100.231870962
390.194339921 162.041197057
482.09473982 353.758872516
407.325728696 186.655490934
398.840575626 427.902200984
443.398796571 462.08885032
593.197572618 98.8197023208
393.263324892 70.8654416692
456.851054053 187.291689654
633.618444624 230.653033138
431.449796506 86.097543803
454.983754001 131.615643806
700.1195057 94.4489611322
479.164786857 94.644283425
431.331755235 134.800410884
628.717136691 203.002913101
588.961607668 117.387392201
502.158728989 173.785306555
523.832212614 87.8952747846
439.173664866 110.919203772
439.508555479 378.403748737
446.18969532 77.6622447139
473.637019772 152.225095881
408.269989654 74.0791445458
606.198099832 60.6505171618
592.458966847 166.653956471
673.961110034 182.958025341
410.670146161 392.588191314
428.609653436 173.699248709
421.481433157 96.9335018652
519.277168539 102.593006008
392.721508849 97.1623195698
482.542075255 302.782415813
443.50759561 338.231335724
487.451918321 50.9025858709
413.650116305 355.275440048
404.60150219 451.809000474
625.121703098 71.2128448596
269.909492885 534.005884208
540.190394165 80.6187576451
515.904831558 120.906747781
544.457154455 231.930806
490.762856269 96.7711217903
399.794277966 54.8877689628
471.056573492 80.6900600006
684.289419996 129.282231329
495.574917044 123.556330863
459.943576057 440.907333289
530.70055103 53.9964276727
415.534926435 409.700068143
520.296829976 291.791398871
461.397378007 66.0310522217
644.948857516 129.99664701
477.76747227 411.981957604
471.509430733 67.7475795711
459.797160571 163.608585698
444.238315263 93.8797220814
408.789017323 144.59432435
232.849577079 636.922120808
435.714028965 159.133159399
588.040561236 221.142314586
592.183480593 75.0710253476
637.059575268 80.1095875421
481.919475216 265.640861913
551.872275504 75.3132457535
649.332755498 145.802964226
506.613340622 159.216733315
516.858941066 259.356650943
650.156740922 165.865348515
493.690875137 83.2634814098
518.298853496 146.15084303
369.923670821 92.355814672
414.174726353 109.881972069
468.085931656 178.446534947
540.08597131 90.9955754615
466.571471018 121.634492026
416.975496395 434.315239117
535.023985718 59.1198978597
615.862482516 173.675676492
435.061948982 200.077205441
411.231602286 123.127757567
479.398488958 145.956796431
495.300968775 64.9526061137
661.558059856 197.861163406
667.520351124 65.4861379288
489.200073684 194.797381574
454.196699487 102.30482721
481.192107341 110.350682933
489.896703753 140.281758141
456.928032628 207.654565547
435.68459936 414.172044401
440.540802843 145.503754545
549.145489524 114.920732672
470.353631888 169.387362663
562.248744323 61.3134418929
671.103382484 97.6756760679
386.608298147 139.542865326
467.497259734 53.4848659122
