138.468320136 255.28076561
407.719901447 321.888691267
179.236188087 607.603019598
279.87778895 259.950269717
161.5834147 185.508660526
122.736963256 190.988130315
155.236704944 209.34049605
462.384284837 302.273094308
110.651572451 651.398623278
23.8125143824 276.027130932
125.578489632 698.972878944
180.77506127 312.469526474
182.050250349 180.815190857
145.288094429 699.603078401
186.735270445 204.553726675
211.416253239 253.658103914
233.93030681 295.303398561
239.255109718 243.820750078
642.902530006 248.064055233
350.752109525 282.263727083
326.0024426 322.022484749
197.282475347 296.03367742
249.123293572 187.273350732
50.4981317349 268.644734497
173.249558389 268.798919161
165.557109085 238.224469117
491.35375154 263.372197334
344.409751071 310.651811428
700.333420306 281.403820993
317.679226528 216.906519244
111.565815522 492.675617978
162.218750725 626.079911829
63.0828213698 235.442374432
145.023120807 603.961842037
549.837506892 278.011481438
55.3595542166 293.64651421
71.0742427072 258.557085868
309.773478401 262.808058535
460.237790734 279.92587512
648.282857864 281.01440268
348.753952018 245.082250883
699.331990381 243.87109896
176.546464404 148.265915081
368.992788956 320.896007932
433.037939511 353.075933044
169.570991331 698.323260433
27.76355992 305.381720594
483.294194154 298.013005025
158.920242196 659.367275171
275.755709152 331.380476818
382.498561065 279.5719023
213.17220563 188.53283128
390.937873544 309.322172145
198.777204086 234.286694325
235.149911928 214.952885409
160.927678699 164.127961364
108.488173856 312.685940471
440.25761562 324.83608007
166.608886572 641.82825524
419.56088834 305.265367465
158.450192652 285.230890598
97.2425768439 527.877274315
681.760454131 279.185837078
419.948135333 274.950576076
95.1756272848 285.938099799
224.6036377 278.745486517
32.2587059407 243.714963831
438.670394434 299.19422166
104.021946179 512.325503446
692.265316109 263.975428406
135.851526903 641.18222932
207.481676115 218.826151701
635.464043717 235.089818338
57.2739919436 325.719759269
275.626320332 227.607119896
248.083999812 233.811362081
100.819664263 166.241665353
624.626583391 262.533151955
677.836652132 236.426087668
11.9655160233 249.292990559
657.761683994 249.02837436
220.413900719 344.134502137
399.433463701 290.337161353
252.057535947 268.25850254
114.949271845 160.611322538
241.468784642 316.696502866
72.1374047693 318.365632227
332.210323626 297.478771005
146.202105673 321.043563239
198.245198159 168.888599117
244.926216827 336.81708711
368.9134685 269.89764349
119.46521304 669.05637311
167.018790169 675.283250483
268.17843676 293.401599795
302.898198871 291.506155976
670.546078192 269.100782678
138.931987027 679.462249949
310.564560919 309.404300938
131.825033676 163.625567238
