687.264441461 22.0840999381
641.35416757 28.4613946898
687.57736748 71.7340777485
664.974994382 109.34908114
691.077059399 621.711372773
444.512593901 493.676970284
547.478216723 152.87545264
679.763166293 365.948402964
698.999684438 200.667686023
517.181347723 148.117127928
648.867285298 73.9267761846
686.556675917 78.0902740598
277.565345312 65.5896607248
634.755752215 41.2255281449
646.623726668 480.557566513
672.328577246 181.082792985
673.624389408 122.046876649
735.510876238 652.831156168
715.918916483 651.480169785
492.826583772 84.1752056229
581.451827287 96.6648481243
680.149074336 87.1756656728
669.889599261 493.099399729
591.171015919 116.506336167
625.371776573 191.10655073
655.10907872 456.441080432
248.616776107 47.1755010253
661.358609829 210.122927511
654.637063204 14.4251542333
650.456808376 137.560166007
689.567921062 226.712553976
458.433880569 126.079672995
655.368519274 187.557580866
635.492253414 182.230327727
601.548873125 86.0243216095
612.925846575 35.3159522906
650.511338354 220.754788888
675.115575013 242.183252085
698.117402835 30.7656596746
519.450836929 96.0422123724
658.664360503 431.216058128
713.279388037 627.310815291
651.798262747 86.0873854318
592.773455199 139.250669466
762.718409075 636.204075603
439.491025049 109.204526433
674.709851816 464.840952632
727.594506256 585.036100085
282.093873355 43.0894389428
637.657498712 150.062669732
645.244637017 58.3090521977
745.225287603 584.98025372
653.738937526 117.579329489
667.621815543 140.664347359
702.662920831 666.860903134
746.733092599 617.528516197
614.157101363 50.7486903252
625.066806275 56.9129565561
512.812828833 67.6486768597
679.247287146 152.675280353
261.701750443 29.2682663314
691.05684623 118.146338172
602.185844213 69.267770745
696.30930252 602.027526462
726.557981981 632.234999597
537.602522774 117.82727617
679.772327527 105.767488051
717.041647665 606.83834128
742.246694349 671.540442434
657.898839318 46.5211438768
698.822693781 45.9518423289
624.429093944 123.228288267
698.943860037 62.1818410927
557.044415566 117.941614952
616.138439253 70.6662489415
692.171873968 645.15200733
677.831865706 54.7257815735
601.556656672 100.290527181
664.857863813 29.6643389697
480.542522203 93.9193734101
696.241448306 20.8302968922
591.200718924 49.5996722436
659.818191984 69.7130815364
687.705582117 488.817904927
741.590275005 643.660868384
673.281739687 204.923007776
575.083145847 73.7469997258
658.842028832 57.7474109617
685.694022057 171.989458355
545.3880742 82.8828920904
696.415793345 456.811920813
617.989817876 87.0743903495
259.628828545 75.3437064701
452.951877711 71.4070484157
609.664239387 139.757415419
460.773045044 93.5797308556
658.302186591 38.134227544
238.36272375 71.7575466238
628.274701192 99.8413066383
704.086369239 485.45732794
