633.04705094 352.73808945
119.784730197 292.582384605
188.074228131 398.958727464
140.832507234 311.129810738
252.789404414 603.980980694
185.165986194 562.010706467
47.918530607 330.853412448
543.754298466 408.167036597
289.256796761 349.197557105
311.502704302 447.398116681
96.1941754442 259.152161866
164.482444387 198.104850664
204.641025753 627.228333761
43.2532403818 257.730640674
214.72052795 690.328080189
321.127469832 409.510431376
219.119190689 351.916223821
229.977952402 564.57929736
257.479744262 568.368615896
412.4561695 381.920773259
210.192259662 405.032398629
175.896183322 320.188392629
236.01568045 701.780532286
92.2128914351 345.076445025
81.003798776 377.328619682
234.34972957 689.330152429
161.478097604 568.378068832
542.208413907 455.849319547
59.7691854962 198.921953297
221.290918096 392.168513301
405.216895296 427.673918002
107.267333269 237.450177192
452.407475575 489.959902474
73.530861341 250.429925723
359.605914128 442.400450733
117.282458275 321.541900541
378.120608014 489.255585189
545.300535875 435.29463854
149.39715137 237.519064716
119.402035759 198.453920923
291.079779965 495.807645116
227.676116613 624.219012335
613.64104065 333.765506058
79.4135712418 362.754539238
203.906269396 546.716444111
215.41759877 263.774909545
236.125301719 672.9266732
99.6360009986 406.508997091
202.514323319 587.381986
370.827939096 470.900292559
62.809534434 233.012765001
97.7812255432 372.896661587
413.193157409 482.738671261
185.1400158 370.164487466
255.825631427 700.311326974
73.4738006434 294.489171778
143.120137834 361.756472004
442.307797356 440.540857318
455.039719925 374.984346656
474.742551257 431.274039528
104.894774124 347.365868583
512.716932067 422.391481608
279.801125244 411.405133467
549.347579394 494.82860463
93.4395233439 292.465677005
125.822490507 348.906263803
184.845122563 281.985324231
117.248237485 400.621797158
240.793913476 543.682005751
218.566572734 523.314005663
178.17008303 233.535251881
129.602859508 380.407721407
218.348394666 312.083298836
79.3491896974 335.729677516
482.500445611 468.016382338
254.781963111 678.002812763
516.727655946 447.536121542
49.3732509946 293.788916925
76.1462087641 199.298143348
306.097379467 318.748075733
139.004739754 204.511373197
455.056729031 408.719306034
516.897948775 484.566154437
237.4220311 643.026281709
610.471576428 356.637153557
255.129204315 376.14899484
123.131023516 243.446448279
394.159111063 465.184042288
395.069067845 405.041300306
492.182171326 403.348964922
149.904251027 534.510373593
60.7149188289 341.713084724
215.1507426 660.295552811
394.710475026 283.678160838
98.6399851437 394.451737801
214.970111846 231.269075518
87.8061871496 216.940992919
531.168172707 510.341577679
110.458561692 387.518735573
85.9430040195 319.615853325
