257.94283507 575.31275113
280.888679968 554.201691277
459.937589584 621.051917825
243.493245153 461.567758621
195.857788627 668.010598161
119.436749486 637.55376703
216.72677113 600.046745695
40.5466702721 120.24775724
59.4150775761 191.715708016
128.076225248 285.826247117
173.763731952 677.553707343
230.65013441 641.981277026
153.269223209 642.449119001
134.862046793 116.991265676
95.582989104 186.723500088
129.821284015 672.026079948
187.292143696 414.008815913
108.457598912 700.667983179
256.425980862 612.365177435
553.395412481 604.952827397
134.544631964 311.488563393
313.968913287 513.812747146
447.157884832 602.460847463
58.0407931691 93.2358523299
77.494015572 230.892836258
128.403954596 200.21399348
155.235798848 263.341257249
124.273284095 244.332487568
191.06063215 646.727963586
101.115948146 98.6656128439
235.322562406 429.902583673
103.834109595 683.781189372
60.2830575713 157.005830504
299.730550121 593.418749779
100.982546168 141.323914105
580.248257878 621.708594178
105.063241962 275.503741166
155.272060107 552.805969285
94.3176133497 253.132584644
96.2767484553 108.92498877
130.372381105 685.914164623
535.312261402 588.074048607
161.97855412 692.857417177
106.579666307 164.325362719
380.791972782 503.53327704
280.096395299 608.58812812
165.023758281 440.374896097
123.577011155 450.240152566
58.9813452834 106.501818295
83.0050226241 298.39890792
104.719541324 319.390648238
520.953151375 628.137376236
135.730047407 624.436396735
128.97918428 556.748946051
120.424622351 708.697358975
135.639083541 414.089702256
143.410037761 582.472896129
149.489455575 221.554472391
66.4465916566 119.700351067
296.201963592 646.991723756
174.107981924 702.94367602
334.739980142 649.994004693
167.403016531 477.909545254
534.261705822 554.569166174
222.246233947 671.034276608
148.848837614 666.3517734
151.560312201 714.765926759
151.58923888 616.769707348
315.894710544 633.823738443
97.822431525 119.893490728
78.3165410104 146.244085261
190.347567465 518.080493987
115.379243099 138.557508384
183.921426297 556.166439168
154.932187822 513.639997112
136.26423225 705.762979508
102.632406944 223.578917955
560.361437449 549.918597236
29.5707741599 164.261002006
471.209718335 213.481808157
577.464555195 594.72795252
441.212390734 291.690743027
122.81073481 357.419768346
204.422975184 454.471831698
163.099273706 717.293812218
16.2757750461 125.363817354
194.48419919 485.5337064
139.515584463 695.70562033
353.848330059 543.622676221
171.592914359 613.913677496
430.923614061 628.159753295
216.535263728 492.439446237
256.551026442 650.829840486
56.6306725083 283.365615228
193.133784616 632.93619139
34.9983841264 141.947494691
600.905965527 616.479394545
118.165190459 658.288411987
170.42634918 594.879292986
150.280292611 300.839759302
