602.985634387 263.284551152
681.604813595 531.872493112
312.0333417 269.948618486
482.241556166 287.185871769
649.925546701 647.100762557
445.660146226 270.645025941
639.92889546 99.5701795825
584.125716052 205.039137164
636.765838449 138.68523661
664.150986734 699.943862225
662.137020301 458.632339201
608.503626722 410.416386465
603.999334301 334.670895358
677.013858276 639.895023279
710.540372633 38.2985634488
652.117085154 679.447494195
678.176213961 688.128633563
633.980477869 355.729317864
111.376625812 248.493185673
124.047741471 228.249586111
663.973333915 554.542571797
623.030217897 325.341031925
716.982612909 52.353234382
692.713212727 82.5238800698
636.695673635 583.040440776
612.613147045 645.630661345
319.792925368 236.558301703
552.032548309 182.35501298
741.054317666 36.7403242119
644.054417441 535.010545116
706.555755184 65.4114108036
583.058583843 232.265597775
117.535411739 187.988997296
100.833989568 229.188455697
582.334832157 314.820163185
98.7159562598 201.835816952
683.527277029 590.571213033
685.127365156 103.830425535
385.597052414 279.34462635
642.592405027 605.270244841
422.833106804 270.245163442
588.059394706 350.476148007
702.616571904 92.2055203711
515.077390988 566.879501071
153.838248558 220.316065678
557.266420693 243.732406339
622.307930764 117.893222032
663.763652741 87.4118692554
676.555526469 558.097163232
338.174724329 249.149342247
605.418325109 444.774959547
622.146348869 692.719860289
181.871360939 209.337010716
439.767323382 296.45217191
718.979658459 99.2722205438
619.280086039 464.448977895
658.158284066 663.079112651
163.821050048 233.481666067
732.238695297 61.0511529569
657.063841124 515.965110846
521.016432397 184.934746226
611.663483544 367.432839042
529.827899068 248.066487863
618.72862686 553.161991825
408.261876671 288.017142251
647.460408319 577.776669788
755.191438937 52.3801574316
491.84882658 553.816219484
183.926162481 230.372308658
586.871221228 287.168729336
613.469967332 167.828309989
635.635075514 701.604869794
562.293100109 119.125013308
634.265073519 666.81231054
461.686070558 283.779277832
609.501001674 671.018402713
138.68651113 230.544844236
342.676047608 220.522195801
506.267227613 209.881999378
571.900953159 185.237274402
546.285972802 202.510482368
682.593342082 511.084921936
500.547979646 173.315445579
391.755434898 244.217779984
605.277263355 291.082526585
135.529743703 199.652082636
611.667035127 595.75008068
663.159358364 605.62398126
651.623757261 628.967434935
420.268473822 241.388455288
728.274778893 79.1347192074
109.098135711 205.791288126
582.931336967 142.38023339
657.431353806 482.325663541
633.923757872 442.613433623
588.085305829 165.000153034
620.272405513 625.367222974
537.783198604 217.105480737
539.814422339 146.728896363
471.711774695 540.008643554
