340.814453805 137.696617164
222.591944981 530.637622817
185.097643141 318.254539569
222.795861998 700.700286286
305.23690747 217.260472036
291.966556623 329.215152703
210.008697877 159.059438222
374.843233149 105.557610149
276.732741558 100.56576132
241.087423509 367.417324555
306.02355436 281.964744736
306.577915491 123.712591289
344.433849079 305.575496281
181.954117191 263.496160944
155.990640023 292.483000953
195.935411997 680.495581607
174.573776877 293.732616429
279.351262772 83.4164203697
230.36723158 620.021175339
253.452867244 155.265359619
171.257196924 320.122566262
306.986497276 66.0274473104
186.342627373 283.926995313
233.586034598 198.501588975
288.169242091 141.158391698
369.21506409 298.997320918
142.915956123 289.951875883
335.121019132 117.930706401
237.7535667 100.799016372
154.137575036 555.955253274
219.83960965 150.007203063
335.155506843 163.333107882
294.308208183 350.908113289
321.949747261 270.548063609
210.30003107 674.862312733
235.131287715 698.415305252
221.218344668 376.647174528
362.216329508 133.036422656
338.290327232 251.120928989
275.692437127 116.89627888
158.285956182 533.757553845
268.80650049 163.389119455
294.390642206 246.936199825
284.823262285 184.522967369
305.545687956 194.012151138
347.992883712 190.870309279
180.145361819 627.886692563
206.094492739 689.015613862
390.223725354 266.019734994
236.986524999 331.031584538
291.507446785 160.620221781
195.672996479 641.190009329
177.222378525 667.367303568
158.289298258 314.642779437
212.8828474 126.331615211
356.985682076 98.7783943745
265.090526276 325.947573828
238.266932271 652.698153466
222.926234698 112.600923334
348.673284058 288.990606404
386.394993507 307.863294617
382.23412799 127.065134193
269.663907661 364.787940484
256.953115177 134.378677828
243.561853917 178.78128387
364.648097845 331.585306122
208.854206372 183.331835911
247.224662556 349.099337855
208.733341633 549.87302771
251.376928587 94.2558336377
254.120213037 114.834789039
144.961560263 333.292267522
220.263031254 131.446041993
238.555600925 682.247463342
177.448413396 532.799473379
233.271898884 129.372833332
211.718040847 580.83119194
226.005426082 185.37021503
294.170198259 109.495572639
320.662222106 92.8334849254
327.139056243 100.758043853
231.283514638 157.830925731
185.598058815 562.910545826
252.008166339 234.129820605
321.025099539 230.360305245
198.140298868 302.251624545
316.451613781 149.814173905
164.849076287 652.427485356
162.26374513 274.238126335
354.721963374 167.424068767
248.283389628 212.558414124
219.009487248 663.244146076
354.268970122 277.045827626
290.530907546 96.5985094418
525.155334601 430.8988054
308.820271819 82.4670377202
271.187251437 212.422980035
378.859527769 150.858041373
138.637029712 320.751967657
187.495991853 603.499062483
