114.77670028 218.536284392
450.424024335 285.375625373
119.447579467 247.434266699
307.837904751 354.507253184
145.111896997 248.60299976
55.177670099 209.327689446
95.4721814768 271.992421948
216.996861282 270.097663481
83.8029663761 321.700066248
115.662624143 170.562577842
88.8698539509 231.869504224
138.347366062 259.441853381
339.038445837 322.276791599
638.352003134 216.962577526
95.7081928923 297.037105194
699.293836032 193.727482115
654.518932328 169.537336704
130.722997125 282.237369441
124.4964694 299.561651896
99.6801269313 173.752815553
674.465632141 233.929285561
654.589023265 208.577995874
133.772257523 192.583868738
363.789719341 272.236382146
232.840846737 235.945019738
243.749275978 277.437870536
89.2420437222 206.061655302
239.497753778 305.354276484
385.631507218 347.97197435
113.063528036 240.484111483
49.0180067223 240.49959211
297.641097929 333.788503791
189.863318184 222.544683352
168.974011252 196.960867658
108.302401985 224.123210669
100.720496161 196.012596927
184.529264315 257.03455048
64.8768266564 259.925749885
173.169392527 225.158942723
70.5602743372 205.796149801
136.201024288 223.631424675
132.007456843 260.195486182
198.625550482 205.116149413
677.063754968 199.518746065
704.918077796 221.264141452
276.283562118 295.31318717
363.000335777 332.850321418
509.025645892 298.230159753
385.994671199 318.385379017
430.906135822 275.927304961
193.368864454 309.171235498
126.355366712 220.974446909
128.681519637 241.063090781
83.827895809 192.376664676
73.6939290038 229.767047148
114.298474758 203.467770694
639.150238162 193.720254308
98.8188923149 253.571915801
124.708454864 189.475901374
458.719126767 264.760649864
453.929725142 238.861475448
94.2228995406 231.818530855
681.593383395 184.442772441
166.424375704 308.664935513
257.310190358 252.550008215
145.227935998 193.358836159
108.919821639 262.354107957
616.047555098 200.315311277
320.968601375 266.837510332
175.483003938 279.339961319
147.394720512 220.241354813
690.746155578 175.094511827
214.025442736 201.350082383
399.269459517 250.503849134
79.4158840481 287.786568325
241.862337917 212.354042038
80.9141345938 265.521232834
691.015407652 218.459048689
376.414388942 300.838209022
146.409961453 238.922607225
154.457625894 272.193307472
80.4462617546 231.087169772
317.760139386 385.520120305
100.915498712 218.875873398
659.53770971 191.791952417
115.075865313 294.131637411
336.048758647 306.791450256
427.544726292 260.339761071
159.714782497 237.657338225
332.964290286 354.589728536
210.639175104 241.391361908
361.862856598 359.579297667
259.556242966 348.193291342
613.702494314 246.381580536
106.973797061 285.160269098
194.495798876 268.322816628
102.993484241 318.09280069
164.415568228 267.526637011
59.8618878246 234.860293477
177.240383424 246.855714585
