296.781650142 149.143135643
192.851814149 284.429766507
471.923694179 410.909000101
183.893923307 676.861773614
373.282817551 366.250988891
126.0372326 650.667338568
239.521749433 217.985823331
355.841416885 129.296682296
303.723209808 125.167779471
451.509074792 600.096750088
253.904653118 386.037733773
308.495027766 184.355031465
110.813767911 672.971877034
436.581773144 314.126835975
237.526239733 156.141853944
410.045956044 421.850150894
439.917979558 351.012027331
285.425086184 108.171943769
234.960052016 468.595760722
360.343024058 317.418595369
223.30760596 370.942964846
299.681285788 95.3211162056
386.232509504 263.063424374
221.263161032 192.603662478
323.342017003 281.871770242
148.457429366 699.121111374
160.41347886 272.044144787
304.482395694 141.44435517
269.151080002 102.244520533
126.272914097 322.136975922
256.371161465 173.852520467
360.260962567 284.386933169
189.633544098 695.911673555
266.57402742 474.897481104
146.795349009 293.352834219
170.370935654 690.176877213
231.337465952 402.49848721
335.097617338 217.765101546
258.11322035 414.184026217
273.59817224 164.427564774
100.084449542 312.547301128
398.100445687 332.112230946
213.400983324 158.773076522
432.421063311 381.056074674
407.125836204 360.975122803
390.086275698 306.96404703
115.340990016 339.946655766
168.75656337 299.502418049
182.337815161 708.482333456
237.561689344 429.774014528
355.499209897 235.064657902
207.702267487 645.58768056
204.128747821 627.395938204
455.837212752 396.488162997
278.676608749 131.72971492
323.696775078 131.245581988
468.246400133 373.96894966
232.43142411 642.194066712
246.784122768 123.410545426
209.638192827 699.83230321
130.314393177 676.437355325
372.305994148 146.819190974
135.532591649 634.916349133
299.090474741 226.672363405
350.924860794 349.639107105
115.722658738 697.829710066
236.734521587 103.450118975
232.621035289 672.358790003
219.482621655 445.834659112
266.329203055 91.9860947425
265.389088089 118.23928785
384.317172217 401.647467245
270.595116668 191.314729715
204.812899905 685.175837852
191.270774045 379.83760052
252.408632419 145.307308889
210.872822411 659.68510693
281.613295912 267.877734908
336.015379385 114.472844081
306.744908089 108.005961569
335.62774038 192.18734036
332.024279712 319.247520411
100.57878508 336.294996815
162.275438956 254.663037579
223.31666671 129.798801415
249.590752969 447.949656654
318.813406904 254.904971802
433.006583353 420.001919051
404.528481138 395.258663492
341.995765419 263.380157507
204.55716764 108.170827466
191.101901905 667.079146197
139.270287689 659.506822747
316.31208121 157.520723535
376.682589266 190.581331466
320.50023656 101.245428806
181.402770082 266.666504891
339.385622845 161.886726206
110.275871222 308.042708764
202.87153469 404.107088082
