212.817233681 181.309771924
132.492702164 351.09438315
454.824956796 499.091222072
94.008342184 680.867255816
341.127993794 450.230863316
40.3328226373 644.3503301
151.793925186 237.460545247
266.750530086 140.304954969
214.455914324 134.050291441
455.040076876 605.159122255
166.598181308 405.559495141
226.206396315 220.578016625
25.9083656459 668.925431213
399.107589165 395.379123554
149.232952424 173.349468964
389.956600951 509.535239692
417.985484155 438.243644602
195.666136636 114.21202454
147.106679231 486.612539017
309.660791617 391.773371487
137.107061002 389.773925382
210.243333592 97.3750053911
317.655407167 321.010964605
133.319874795 211.123006449
257.753547554 343.454804548
61.4692389628 697.573229821
98.347211187 337.172710863
216.192221769 158.623119661
179.296850774 105.646488899
100.860523807 407.62943864
169.653663534 197.860027777
300.552231012 351.517140827
99.6920413247 697.008798061
177.701218532 488.625873152
94.9175158461 366.830864889
80.5374013482 694.320756423
144.19341815 422.389368146
257.791894244 263.514412152
170.006929601 431.905941609
188.578589776 193.877826913
76.534012102 398.992655887
358.438116831 412.660798165
124.433563888 172.212985919
416.779766553 469.563129085
381.135177954 446.833575072
339.030266724 380.975884626
96.6387931958 427.933759187
110.289322552 367.800462295
92.4373952053 710.137993795
150.417204047 451.322098676
285.378726261 291.191416776
117.769294659 643.477792341
114.537172889 622.066644222
442.251526284 485.341609444
190.194859871 147.89756512
234.642781847 144.016808151
454.133245708 462.785420874
142.457535134 641.703677886
157.322572217 132.671121025
119.883472028 701.542237671
43.9398561891 676.129234648
284.080994459 157.745695412
57.4063167952 632.70122553
220.999550944 271.177593638
307.304397313 428.035848456
33.5080152895 700.134962209
146.81774737 103.625639126
142.716907489 675.957936529
132.449045312 467.870438638
176.532043259 95.8630758146
176.229544215 128.99610712
359.725708293 488.056881568
186.139325703 222.216305182
114.890706133 686.687836316
110.931682143 413.593652026
164.175367002 162.920767907
120.898919525 660.105006949
210.574751112 321.119003992
246.372537167 119.049595402
216.807613681 110.411329868
250.427852901 221.00773402
274.419367281 386.998350561
84.5795741192 424.338503195
102.368092472 321.477885836
133.866039745 139.335802636
161.433355587 465.456345325
244.850723879 306.131443279
418.466900099 508.782233526
384.200743935 482.891782779
274.057543784 322.123717757
114.583536173 110.035680673
101.190006604 669.91520789
56.8927528106 658.564991065
229.392824858 180.633031089
293.97027127 191.458229425
230.679630806 101.31108871
120.50076365 332.86853483
251.42361749 180.684680616
83.6606954627 393.850156522
118.248158953 431.675849408
