647.571289767 536.987913963
474.053410403 536.841947841
605.478106225 532.577489607
632.195385093 497.407677984
433.520561821 551.049224179
596.81387778 404.637535862
632.493487397 364.705353664
610.292122159 361.299502289
669.364891746 500.34781478
501.22952504 621.135669738
576.166946096 586.510081946
353.59367329 497.346001354
580.431296587 568.242207604
539.650139124 590.425175178
685.302319877 512.77119203
460.478904034 615.462866008
547.367891361 616.750598
636.691620031 637.401413687
290.661643207 528.071257632
379.618131798 475.62845575
407.430832804 536.232633529
642.268838555 612.026162109
699.21777934 528.009274987
661.431124282 516.952243761
307.259883407 569.9430249
407.624156733 574.054854131
605.967782723 165.386859046
624.384290356 134.926400079
699.651571667 460.994296476
345.412259347 521.365705674
686.778917866 534.279506669
573.312327642 455.340512964
469.005578787 491.539617743
308.050216997 512.190937736
621.930600604 600.485317734
351.373605092 455.070349884
458.885280275 532.638156004
678.186031547 553.945112937
559.073335887 463.839257607
383.058872434 541.464560431
576.761991526 375.534976143
446.462032868 495.58678577
708.393613293 553.931435182
246.158114142 573.765818164
534.489392153 510.882026287
621.491367099 395.254600959
646.422843833 159.438557124
680.76379944 125.693294381
482.953459701 550.429190539
579.448007592 350.11548694
320.146883301 529.192056703
418.263097966 596.977612741
534.921956626 482.642747602
662.038838211 484.291006377
726.73387113 525.968994372
378.410270528 509.021444829
510.8725921 597.702694014
514.981015778 512.666067337
713.631372706 486.465698128
432.134585096 507.471590282
612.305746926 145.414005985
558.142210682 558.617458152
602.662077899 336.136805759
285.714510478 545.831355593
603.539810188 502.994020031
335.99007921 544.536976093
732.46855307 469.350948656
263.420973322 551.864269003
576.237483828 536.976385352
624.773476043 563.946963265
644.732498424 466.284238275
352.900623316 577.978002603
623.814056872 90.0081843716
446.867238005 568.712530729
603.994841962 475.563945565
451.927585968 587.37138614
345.502839923 475.32567808
614.407189561 115.923109135
580.051051438 318.980890638
612.304966066 381.818908689
627.096028431 172.417461659
583.033824657 608.227714431
608.447074125 100.401655566
592.050820656 177.8065929
660.110475109 581.020317628
570.182945533 485.262360275
270.486970007 582.328580016
428.062408828 526.18632495
497.041700589 568.998467649
608.291882581 129.155072565
740.883979625 494.16142001
330.097889186 483.89115327
643.110005143 104.046217252
543.395050242 559.425555391
407.628584361 484.394318355
652.478677576 125.787666451
384.470313751 567.455154855
624.320823425 195.421609039
623.867053287 106.209690791
245.98702645 528.994517161
