115.744800104 171.70384197
304.878345334 409.803511485
258.096962912 296.129051927
188.761582621 220.066213921
292.632791487 364.948307479
105.851736083 170.900254003
582.536469903 228.2095373
243.545802021 416.534862445
94.973717383 146.55778934
602.08037818 195.382558074
272.294060305 327.155901042
121.646138434 202.755573443
218.296271987 354.708553669
562.630247701 185.080799434
237.235835574 100.517676418
275.47420047 431.922327372
699.986547519 178.122381761
125.557779007 226.264144147
612.814886685 221.3565335
665.585736876 192.481785604
682.079777353 184.080737163
639.788742767 195.828468006
161.359574907 217.351819
317.226619336 113.899664536
664.271798388 173.30101948
176.226562609 142.876841441
235.919349031 130.857511694
338.140378739 125.438186385
527.798974728 182.462463403
293.929108282 144.582711073
287.837045134 114.859416557
95.4211166325 168.436206097
188.071521213 318.08276558
118.958214936 167.119327475
130.721083918 173.124415363
214.78032214 266.931519631
137.468620577 187.499662698
107.912873725 207.682665776
268.353243091 101.182715216
243.431344601 163.209478889
259.738103862 602.662442489
327.97522954 143.425613076
515.856261318 201.419976227
240.549564198 184.410727064
672.486822317 222.740384624
280.814218256 391.954911383
285.937729457 97.6641733059
301.47144063 102.532890409
199.966583942 111.281589334
207.390032424 234.487442141
240.470004658 259.45848185
186.751427621 263.056642416
257.191729892 574.452524513
240.335919968 449.937220433
219.086963787 385.894128623
318.55583469 159.885383442
303.887052772 439.171110338
266.161833881 164.66123872
224.892089771 112.133325992
227.841789803 325.578317299
465.815891381 198.528742518
109.008501497 194.882023361
327.067784171 108.411491768
219.831029471 149.001276531
288.902015104 567.959520267
73.6437370788 181.906632945
483.196217274 230.654910218
247.828834653 555.006181807
87.9837319461 196.972499893
209.052005546 171.214165984
106.686928049 146.290536493
156.369183367 172.805752946
163.96048657 187.365856074
175.959984607 188.023758344
122.406061535 149.193127793
272.133978871 591.229653305
138.051664664 175.407550307
233.344539492 145.452917918
189.130205594 391.557579493
279.533846415 133.820766631
243.342815188 120.077025038
266.486178906 116.220841006
133.526821496 207.484110159
692.092517824 217.221877446
211.886052631 295.548908217
208.684511966 421.88800224
233.359274981 220.236402909
144.350285165 210.688539831
254.472004631 357.502053008
138.609887648 246.546524358
98.5092360443 205.586013655
207.895128515 197.332348702
113.480826766 221.614731039
78.7278381027 153.745618946
510.223391534 180.981880209
173.95420231 356.432411786
213.993749469 125.25249231
483.11376106 192.196714686
487.296296257 176.960845227
700.614406304 204.87833733
