177.880712694 232.256025074
689.967836312 442.33987042
637.313378035 373.238225772
564.302323304 299.313291844
678.472945466 396.488637451
157.165136199 236.555402738
672.515991195 283.903824333
632.252068096 426.752252028
132.251128428 215.813733484
670.157254829 239.557209939
654.643621857 377.534232156
344.527661583 172.412294225
602.965955995 391.352323499
664.299527297 156.70995065
614.99630114 112.052065401
662.542793593 455.354325675
681.932627849 204.916800417
353.148251243 194.41661403
671.933484027 259.406487055
667.641923239 215.135546936
671.6355354 168.538935777
659.22448859 220.67174553
402.302095217 211.783384611
637.817800714 277.666955646
668.471468203 182.644864439
445.977251987 167.701586246
588.680382767 230.443527609
656.211076829 292.309951018
655.095944566 201.211982769
634.510120483 296.625061315
622.354065587 268.437854124
129.619081089 227.679448424
569.9410407 371.867626838
200.864628698 207.056922763
361.981502252 133.284811396
590.983463366 352.219219375
369.777422115 147.094008379
179.920423246 249.085113416
602.15978382 233.318017056
598.331772179 283.626691974
637.168160275 573.748737643
654.610010013 312.177555128
648.151931932 226.352436201
600.856830575 305.116745448
683.768820536 249.083801297
666.944817441 420.729209713
613.203104437 203.26022416
615.536346491 226.885513342
579.031113924 126.370764901
582.350176171 319.3792939
618.444262703 337.927330164
566.643649338 334.719958342
638.990746421 535.565688381
628.416161591 474.34329431
606.229033271 405.825962642
648.19068263 333.881187952
673.337920743 481.721764324
617.82148841 305.276353336
598.070603318 128.733659187
612.549693175 375.813448215
635.689956861 233.972566057
198.816563296 227.53093606
633.296678066 245.087291082
591.693601381 160.699066507
661.13742383 525.5144486
100.204846067 235.713818037
647.68707269 261.667099011
607.442598909 509.610295054
112.71016893 241.714308961
570.15123784 254.041398432
156.397737026 209.939915065
413.335525886 167.217215246
433.06210357 193.78157701
459.043416906 197.760231763
176.964954403 196.785704669
653.391443904 559.300256236
392.979098424 144.911173316
585.980655609 260.014678759
576.644285625 408.202205939
615.685760621 281.837636033
616.922762286 132.38417746
603.606369155 250.187511224
372.973988793 171.849095208
679.940842411 214.783142138
591.812530357 367.717382317
596.873185647 437.397458334
600.807659832 320.386743547
384.350256468 185.196601824
639.441738367 400.520998116
370.379112544 225.039390543
138.766666333 247.251593681
576.828808765 287.815901295
219.243568521 231.270409079
107.121247032 208.969166944
644.037451211 184.026502719
559.234629323 389.486414722
587.063311193 146.547696903
629.06527201 203.513692685
635.758518173 163.83959218
691.826525734 191.972275418
