145.942246059 477.780707221
160.568793312 513.490471981
174.420122993 453.458907605
472.717174444 626.44933995
59.4953821822 679.785868202
61.9708491568 492.321466138
117.888704328 555.518665174
13.0609599107 242.230444578
36.4807655573 291.457436463
271.443308872 478.428217347
78.8035575095 683.873866872
271.457335315 617.684974273
15.8879722786 596.107128215
30.8348656738 90.0487931055
145.835634556 267.916214921
16.842555972 679.673683285
429.589443585 607.626025765
74.5374682008 523.109378757
87.0513567693 608.476850342
511.380386222 663.252914111
56.3894358854 281.257516997
433.619551432 650.892417027
459.736776033 673.500650055
82.2935803446 243.631322986
52.0824089133 316.541373732
52.6851579265 148.97317687
81.0427953404 125.496344332
393.575156414 531.957538159
43.7283904465 663.237256279
35.8928538187 100.06316942
68.3918196836 152.511777569
42.0036145474 523.208681048
32.3293181861 255.276341627
134.311340791 446.091518743
9.54938871108 194.75812926
489.595593783 685.413820299
105.236136968 297.73874581
87.2705058384 554.552679345
116.127566228 276.495249618
14.8760479488 131.553408288
24.4326629661 702.827316189
60.9709445201 197.838927372
63.3229332759 701.51030143
36.8655118806 192.504221413
502.737567862 634.328127525
181.588232571 554.198125679
135.559292809 332.794082435
386.37075371 331.537603112
114.87747197 249.524472637
155.200913573 402.632156841
130.963395859 372.803869591
186.932135845 575.870238096
76.4900772546 500.203789207
82.0339794537 481.68624284
43.349990267 569.914682028
167.449600053 427.668045957
91.0923750339 519.952188417
40.312350743 121.012819312
137.183348362 234.92849953
87.8721679666 634.786297386
33.8953163349 650.16448437
253.824828802 602.852183362
184.016247565 396.716205248
93.4684494841 110.16158163
257.128827197 639.732107232
12.0195604436 638.915944559
49.2603287466 712.951555364
50.2383730444 606.133095539
109.50124879 590.688919694
16.0737170249 152.076758155
22.3670338258 179.015400666
142.284021332 430.126218988
5.43438466048 107.961520464
115.212305973 502.753859732
127.270185041 407.911188658
36.1759974266 693.273725195
360.682965079 516.048702085
79.7548876604 97.4777014128
19.1239692702 319.349196243
52.0097808448 99.2632481683
90.7822780336 140.356267936
64.0045814889 112.483998898
404.205066966 630.210416135
485.457840324 659.566663469
82.3251540539 701.890629645
19.5439640146 293.25561498
104.622030286 339.88972204
8.1345988696 622.371773244
228.45085897 550.786277152
81.8912775181 666.793640963
135.04455633 539.730804946
456.048368264 642.000916309
31.6434068752 632.84499332
15.3970560735 226.879323865
56.8517244929 643.08505091
15.409747193 282.524913569
83.2879967385 193.938621687
60.5380837791 545.50233738
73.8303443391 585.823393348
425.398530242 537.893184713
