361.095697287 553.789434423
261.262853397 711.354060866
324.910866665 556.035460695
349.634718968 521.217812975
242.144438738 746.074353273
306.896324461 328.660917033
341.77060664 291.870240504
321.992910342 281.065180808
386.436736539 529.458237988
264.280444706 768.98252295
305.269310937 683.848444845
221.922544604 689.850087515
314.747631873 643.655665646
280.488320809 726.467978587
504.648247192 701.926382876
244.218807798 781.742641505
289.458644846 749.877101496
352.57941844 644.217426775
183.526534378 686.407542214
249.298738367 637.969855945
229.825538593 723.136304046
359.029814152 618.597895912
524.950254459 715.948121545
480.387331384 721.858616388
176.704237227 740.06187984
222.382633345 771.641320577
307.562659105 193.169292252
324.794375821 146.551904752
550.903005388 692.532246736
209.12902839 721.665430956
501.095219603 724.524408922
296.526435679 478.011429052
260.972285748 610.307874458
190.527592874 672.342157225
335.38106764 605.518720159
240.997999954 605.435503284
253.861443558 716.943669618
496.491794203 744.166094396
283.339866856 491.313401142
225.320831817 742.607236926
287.788428789 296.718452312
255.22431419 673.21497523
531.831933199 735.255971091
153.310615003 732.904108008
292.669247622 584.271203719
331.446041677 320.325355519
347.246369867 177.567140162
467.054937718 144.933448603
266.706526946 718.401265881
289.069889653 275.386845082
195.16586117 706.907446919
222.522549954 792.540557811
286.227485398 561.726702555
379.247782825 512.576467272
564.44387975 734.473752104
229.163210988 708.467230924
271.484703403 749.898370842
289.211129612 630.119412051
557.004124385 708.444240241
260.7635705 703.166192839
313.74584928 171.209543986
294.450856111 669.9227929
312.967150066 259.579883489
178.981753683 717.512272066
328.17291079 531.401753548
202.367468858 740.222518073
584.083866752 699.296577151
156.750032438 717.911210192
318.889895513 611.500373907
342.09873489 582.206529675
364.177634948 495.622477383
202.185078013 776.358634941
324.263597238 99.9502976767
245.453165113 759.411232025
324.948693225 507.241964636
242.548283416 768.301233524
231.489107227 666.278212816
314.912384608 128.797870043
295.648774056 241.348536878
321.969498305 307.283465614
327.708718267 185.720241839
304.97525384 706.668756569
308.789776764 101.829620166
293.829062505 199.930289858
375.277212837 581.710407573
293.894926437 523.765132961
163.190659319 757.860520311
249.056396214 732.067106644
270.829643272 734.501639679
309.212124757 149.701293211
590.652031053 718.336181481
214.474546564 635.720656612
343.470961679 112.912456519
288.57041935 692.201916023
264.749885261 691.456328767
352.831874801 135.668083923
212.895331954 760.825076238
327.607471663 220.447716431
324.246324137 114.826987889
160.121333125 699.067855957
