713.312805934 632.0510565
593.911731865 455.439962061
162.997943096 424.558245422
564.999508966 450.079938205
570.088584423 374.160696878
571.440803135 465.229330926
680.128627458 422.030627653
622.757310864 413.577396262
670.2543202 519.336629949
305.582660759 467.585558756
677.634913582 564.061261764
334.146233982 476.930893923
597.688755257 408.069151452
112.758557528 397.531696359
342.485432265 455.837122845
652.35136797 217.151981571
591.016630254 493.218985451
637.424158267 229.413431086
632.112167475 464.039595485
701.231385809 553.912666203
657.521378405 420.163328559
148.348397724 409.96628741
694.102543088 402.610133506
351.095659325 401.660852929
137.505887741 417.449675058
305.276353054 436.998949225
668.535720706 427.742257227
700.791723013 574.46646304
636.765879283 413.205689357
667.138730781 387.986111507
599.952632508 462.901104252
606.978224599 478.399799515
666.286321656 452.043047981
410.93933192 452.967465557
731.588139685 637.837793128
715.316731546 663.372527891
676.305735373 171.880036591
687.703206211 647.714687578
698.801170879 449.56384752
684.858439196 500.810123133
138.630359607 442.219391068
678.297783631 462.855954758
606.365502326 341.693374265
635.047892679 497.975894117
632.749352169 374.049522012
163.741827803 439.023294588
399.051507206 404.050046825
758.094069941 520.629776175
187.776440568 415.921313553
452.164165429 427.662475068
631.272094119 321.621556656
690.590517718 419.568765359
638.249890397 428.751592319
662.086072256 189.740683649
633.488920565 479.443924085
599.314501957 306.929580585
170.202078486 392.102912728
647.776290025 469.5379061
429.067972224 407.267304384
588.868436335 427.288215194
278.453948238 455.710543594
740.464839497 533.616504923
754.337444042 549.64145086
648.214208066 449.303720526
333.179528613 424.976809172
714.532544709 597.835326983
641.629285882 384.669763794
736.267496705 566.708496193
648.759361151 491.046382908
730.493351233 611.728707061
368.176854939 442.048596243
686.939939014 231.43792288
700.76587055 480.635900966
278.883732089 422.899794171
559.166335093 418.316323666
719.229414738 543.046447557
635.857690112 197.487885228
657.842143014 476.002362658
710.003203591 429.366078102
633.75291704 339.707251189
729.108163294 585.816609506
554.087857079 479.733778831
604.762726423 432.790084044
668.885432239 208.339602329
702.921193284 197.805692236
659.502303086 230.087113994
327.044584084 385.611915924
676.54578181 602.312912495
142.650374823 376.91537193
678.744818433 194.918114283
100.762872259 423.297308225
691.362256079 613.659041039
368.177791422 471.381652849
618.768187716 439.969184639
434.885147039 432.90028637
119.714555258 426.285919853
681.648940444 446.60144691
622.904282013 508.873663265
318.196473155 497.774267291
642.467255196 172.769993406
