183.329607253 670.403517355
215.098607795 659.572588679
514.522466329 630.969371872
179.610511985 584.5670879
170.016274282 684.134496975
135.015361197 611.136002064
209.852639197 671.563345924
211.419344206 186.211204427
201.891941132 271.089560783
194.063307931 431.496126074
173.294034871 650.264801469
186.667927368 689.50381995
158.418351087 635.781986902
279.020811751 142.236088385
225.713199935 287.434789979
123.877078028 623.306333093
155.579494709 565.333654964
141.571575158 650.912949648
160.706716368 685.293771501
710.217570896 653.116945564
198.995569599 456.004208628
342.334204222 522.519350153
505.358317757 609.995249041
221.387238569 117.756668264
178.774328865 369.94143389
235.08077462 331.406064553
216.843899447 406.523311023
203.498942251 395.711240682
180.943117568 656.63811819
258.928866396 110.079474429
174.265198822 569.960242143
143.773756772 636.164560711
230.810442567 248.828062022
202.259599612 672.745388689
251.32994643 204.199639864
720.635814663 659.867694485
180.516368335 424.01984063
176.579618352 613.127146886
182.21836618 401.305604667
255.448348357 130.78850319
127.96447974 646.2665875
700.224808173 641.72667983
149.949522839 664.013070994
258.589515122 244.125934222
379.573107322 515.714792953
182.915714288 697.844438748
144.333480897 578.52216799
124.773185302 598.681062794
231.339636198 144.591989485
162.266295497 455.504762886
181.462781814 471.946202735
690.271686588 659.647573031
137.953406859 626.831989537
160.053379746 611.186137093
128.568980568 659.925730411
136.736180879 571.456402353
169.094538852 617.902216122
232.676693209 372.682849581
239.440817363 174.738186647
171.818663265 705.930831791
166.178599857 667.249739771
220.315147704 680.1696104
144.428974665 588.45302111
683.798652632 639.392643274
163.739829664 699.725200823
164.123884617 647.777027325
140.855023424 670.43852231
176.147166131 629.716483384
198.948128781 698.831468819
261.140840592 158.872231048
236.192582664 223.880932672
182.78152794 596.979624986
278.524029003 182.81865932
199.474128199 621.043213075
157.223428373 594.991790859
132.280370335 679.78445335
209.486601469 366.491531895
673.144799278 626.523298446
218.766894037 255.530742213
484.585969993 209.135070449
719.888517252 624.882972094
450.941350063 285.039568546
203.244853551 487.73028721
166.987731001 579.249958515
149.368292097 686.596202096
235.972140782 205.040893178
157.204427086 585.734773102
158.438678607 649.362031954
366.591871688 536.798722022
194.341391264 644.23720515
490.532931895 626.024211517
186.942428639 585.395441111
136.01981009 692.378984452
164.342102097 436.555564566
206.894634776 652.252393205
219.063491984 228.096274817
736.09396546 638.164166704
142.79962299 612.987818736
196.640587845 629.492069275
223.291469934 434.149700488
