431.733818011 113.632420435
274.480163695 171.199651976
507.858781149 275.928528369
323.746440363 672.463253807
453.412617979 252.069907338
265.844538126 657.192319117
374.714616857 182.91092605
494.507669643 111.143258573
440.581922572 98.8502257807
450.379997651 590.34992319
393.383946895 389.679486675
442.947558168 145.902455106
250.724619019 675.937820189
518.260416648 201.176958841
374.692357185 128.70160219
469.700040283 295.744721269
498.498899355 224.697839662
423.286840542 84.7864020258
373.94938065 473.105923749
456.844984918 216.210471419
362.917704989 375.167140293
436.320816463 65.8985060561
496.31672314 176.848009104
357.255950386 159.669635607
433.36558643 195.361443066
288.101981655 693.666598516
245.097551525 160.693635551
441.410046801 113.912565018
406.890460386 83.8315303866
133.509872676 182.394892368
393.68498956 147.662828636
471.18547487 199.704283486
329.447460543 691.981742597
403.450021437 483.155211583
234.257500005 184.266643083
309.999405806 682.55135284
371.05339964 405.591194046
460.040076308 154.814628454
397.927468883 413.918484211
409.639011909 132.314359958
100.970519616 172.980970447
477.553258539 217.181049453
351.755919346 137.897006939
485.81802461 251.992460947
478.036568498 240.851881724
479.745451702 199.636598809
119.412619793 200.149689232
257.822716231 191.61601692
322.20433956 702.970616791
376.917661827 430.876040373
476.055207929 164.164904613
345.764784889 624.94201611
342.012091254 608.621987278
498.885217968 263.593513613
415.216972762 101.438721925
460.885585194 103.674488971
512.7917276 242.106500763
371.718243699 630.548949462
385.127495515 107.329670278
349.270111685 699.645616573
270.238452926 679.46027838
510.449228015 125.516986975
275.264623672 642.760936437
423.273644976 162.685043843
437.61667607 239.999209775
255.598579824 700.306390012
376.277178835 92.8679162976
372.096420265 661.38406066
359.110886932 443.983188578
403.688466745 69.8276600229
403.149020072 93.9778067779
449.125107722 277.87096804
404.546749757 152.018096219
344.502734366 681.070705317
330.544309923 385.080018284
389.460169314 119.114907088
350.223803504 647.751385109
401.731127175 199.942501532
474.748620142 100.83138542
443.955116411 81.6107164026
466.920213382 144.156294428
432.266970188 221.710998208
100.098661234 196.656206955
249.441836689 145.693433066
361.346034359 107.466651609
389.256295501 450.945195681
439.374499265 184.000488412
480.490088755 288.769686067
465.21211534 270.051104234
455.011247455 180.910074141
344.002408145 101.71658491
330.894491989 660.846921813
279.107908177 660.752782231
451.720900143 122.175046365
508.467476333 152.54514523
459.481373228 86.8189161394
268.141784741 156.894610426
475.818761551 130.740544832
114.736474588 168.373413688
342.558533023 408.344376792
