512.265462108 550.451249768
532.592147503 517.759666432
560.276314659 212.890997373
272.30451386 335.195418031
497.399837102 642.11777692
121.378907261 301.151612032
528.240386183 537.024928183
436.419195426 115.863272724
404.032261886 113.044089777
487.276299025 285.479686764
550.243001744 345.323897572
524.186434829 653.651182502
343.781887284 372.01181535
485.295056229 172.852595322
433.967763851 166.936257263
100.441152747 320.353816131
201.557606363 286.633736383
332.560895521 390.199406472
478.060263722 551.063011345
507.044037272 231.70236666
526.780529085 264.276026624
544.837069197 268.646141218
504.484038146 276.008552921
458.319842356 117.29883461
406.697373834 167.114521595
410.573915474 153.540112854
477.918453345 260.624563783
465.629994615 239.686319768
500.507220567 519.506380032
502.684679647 162.01097358
229.369309005 300.237189426
171.655869153 343.168538076
480.220622782 231.363274919
528.567198383 628.288963753
474.290248231 209.251742342
528.510693062 213.89243387
459.861106646 257.193275641
360.444379077 376.675659133
427.959564733 201.281319815
474.71909383 148.615901347
138.541244571 334.393343728
495.882148555 265.872545362
523.531878227 347.644038067
485.420385675 218.343292804
553.976547791 254.77624316
498.306905427 669.230915691
154.091809486 291.409708453
92.7803512715 300.495529953
457.176454109 134.830200519
434.515572405 235.163962438
510.043129165 295.497931381
518.795173209 287.204352565
122.259598643 325.983664678
259.033034977 361.669855597
144.602724619 358.74762684
105.251171373 300.560234425
351.033370003 175.903789402
439.937867437 210.226786979
460.690770638 169.517998471
500.178255235 700.04724856
479.358204503 528.115612194
517.87770462 678.49072829
126.631713079 291.403874883
508.385295789 249.970600915
479.133781135 691.186061855
536.901449648 333.062635459
357.475264723 493.29537132
501.244138306 316.248164952
517.524033957 698.460351948
501.818699054 179.623023537
456.548051601 192.171316059
368.058300014 177.175663692
482.710229679 198.637287507
521.648890035 311.409230562
202.246526858 325.891405433
337.454480096 490.564982794
418.475136893 181.814861518
452.506617007 216.296240024
417.047907717 141.116300471
497.675655279 212.634732695
484.551586676 250.218318641
434.830193665 181.448156696
527.371539925 303.049328677
245.252298979 343.356288631
467.592351158 667.718493697
433.966574311 147.042146802
183.277265579 301.890319471
509.720004931 335.896842092
549.656660275 293.44038019
555.716359196 326.365794308
547.065024227 188.919655046
357.860731211 150.11960471
363.154807451 659.932132884
400.764406855 198.527094949
515.741647191 497.902927722
416.502247637 122.324598964
511.042155861 194.156226062
160.588939411 324.81269098
538.037077709 320.083531244
529.186109678 240.624975812
