392.195366936 465.872912239
267.782382375 397.071155136
454.299904704 363.753268501
416.065543876 533.704816771
486.720240521 611.793434016
392.086938966 579.33265937
367.912816789 444.517601945
474.706532188 90.5266860865
461.634025838 122.92596789
150.107665259 408.431808119
564.071753956 409.025836954
474.060616844 564.862944151
138.340899388 439.350613929
507.75261084 146.370356407
497.230874868 200.623851956
307.113438595 518.673337783
266.563460237 445.723222175
157.954281663 419.903185896
420.916337533 496.298766851
403.787561826 425.695626775
457.808515271 383.787005925
469.519719028 411.269444144
219.779565943 395.442822048
488.938885988 109.137310649
472.351810278 258.994897776
458.383401158 189.452356551
128.427396708 407.066606089
343.433700391 400.118553101
245.03732277 423.344879659
516.462454262 111.057888082
385.219661156 484.738263766
476.365016743 655.27269085
388.106866923 413.958070842
459.117541811 528.464167646
456.398132493 340.483149079
438.350690215 370.216496777
362.007517642 419.438071524
190.068547611 416.298506292
441.690635024 323.733076564
505.242134079 96.9794385616
429.092465681 600.449267146
176.147279833 391.685377556
526.123189268 411.742648175
396.553997299 388.222277018
449.487929438 400.680223447
493.136682742 637.956090361
317.104604428 474.986877874
229.19877406 477.412185331
500.354690173 125.029516395
370.011099495 390.103395784
435.598689493 390.695775693
440.645281409 418.210462409
365.20692958 571.97204103
453.644010859 559.499194323
414.377314608 619.784168366
355.017328727 536.650296902
485.8923004 224.448365529
431.061311892 343.313586847
509.045105928 168.963140662
508.366196092 673.702447235
354.90089171 455.41418234
505.411688688 599.026384603
213.020160407 430.709314763
140.130979862 380.995577397
493.423299722 683.40688635
547.010198607 399.742834194
271.638185048 469.368283772
465.335777765 432.633607131
521.647454545 645.336714781
535.991235925 132.528868748
478.727741364 305.831454569
461.983727012 273.926958427
482.703231209 321.620760082
516.198325977 382.963020168
385.641420616 541.879719242
170.358702612 441.263943372
487.041974558 285.012159426
410.419467912 365.562042477
461.832139489 153.889063532
484.914647893 337.342240836
406.521115553 442.278995136
502.532137163 256.12675821
489.958417936 395.710974873
427.720236851 565.950320833
470.345391164 596.083028369
490.365230499 135.336012072
382.478710387 504.361750332
499.097541834 416.394671203
552.709332971 352.552815116
575.928761058 374.624804419
480.556831937 356.607422616
489.027391239 170.638535536
459.616364205 667.344530517
455.194611196 295.566295623
286.346638889 418.205423081
468.722488032 100.84310227
517.846530379 324.58139147
461.280781202 628.064975582
551.830655137 372.843285283
541.170844515 329.361159137
