423.816035637 446.080808616
197.662277129 368.135179529
590.776449394 441.225131725
545.46100884 227.203465324
114.474472846 461.464101705
113.929383471 535.939203624
116.747972567 523.732271603
427.592869179 431.886963294
190.187014873 487.973052575
186.907336376 472.233863382
107.256392117 701.851002549
400.060171771 460.578130136
147.105883707 502.743620971
122.52752301 688.789972575
133.289437681 462.002094407
120.459984788 561.673974953
442.664003997 463.70263037
165.645755169 461.866314393
293.448020388 432.915952358
191.86845901 353.170168605
238.699219258 412.849412512
623.55091406 427.206897367
559.211961153 122.76214212
171.899038377 633.26690463
604.957606304 423.065937898
105.187558436 586.031850441
590.165631068 389.97161738
207.337637793 403.906900724
663.496852731 384.516017631
115.273624494 358.576296979
252.69075396 433.671328816
165.199126492 683.877413726
182.661720462 530.601254238
161.125708181 650.363357265
671.799285424 435.431768047
169.511671919 595.469149
391.247491538 443.068829958
78.9011288854 318.64408774
155.440500758 625.053581147
699.764283273 429.204622095
118.468920138 270.982727428
307.339069851 426.183451449
170.610661411 420.987966271
147.681377837 544.36676345
561.290062391 415.230585019
139.867350768 709.830963179
148.870009146 658.884128899
644.771473996 421.387477025
162.992968152 700.339033199
696.900485233 457.213616285
98.8771131334 314.874266199
133.242069758 355.424091927
118.80954648 334.78858426
123.680234905 509.582100544
527.619380098 218.035456889
159.444094461 488.034603694
141.94676985 679.214107457
233.183901758 400.288240755
145.228354624 696.713846585
222.106637435 363.101714602
625.36763569 464.229568273
133.398270408 600.225305568
678.082526782 414.813800491
143.411743045 307.958821854
585.924437328 414.860400073
120.640378863 579.844472758
207.893219229 392.002485475
140.711864276 336.191724579
215.527589913 422.411263927
274.674773167 455.052948233
151.145273738 598.873220396
157.031212891 527.549651368
246.323137717 387.710285669
147.555854169 586.417055525
88.7366763879 284.988028001
561.346194491 146.2246133
93.7759463472 510.283823269
623.852207839 391.320677229
279.274147083 405.139107986
174.738931965 513.897968605
280.297959232 426.555902371
415.364854897 481.910974518
125.025993284 311.128505137
151.216666184 478.421033528
105.861492968 503.686301385
661.127921576 468.241908491
202.723054104 513.812397078
155.851777387 378.3168825
158.754307918 576.488649981
101.763527293 346.971425639
652.059080389 447.378590762
114.692507104 294.069944504
108.437023124 684.36393226
137.678918718 669.37221222
117.801112394 608.537431805
139.9069278 562.073255165
406.406104857 430.037551228
141.80673015 642.060186113
130.975718643 490.571788351
112.874847804 491.632047626
