593.665499312 209.844092352
494.456379603 136.029174663
506.172009049 191.43963136
468.868950915 612.539578651
383.320691809 134.400769574
344.272695563 290.73047979
588.795331069 98.2219394863
579.727280236 80.4594837991
405.015701417 699.171633599
569.99652529 252.85473399
409.003180275 652.727669478
294.135700153 90.8986767565
628.096939951 187.580960877
351.257675125 182.107628142
600.067325375 166.796547934
291.382987121 135.234892227
366.353425898 226.703959615
472.948556077 152.103313682
444.328545322 106.930660187
474.325470712 340.757468629
451.572823364 98.3805350546
465.671977569 165.874373119
563.485689519 152.891706505
391.303927224 289.923353848
442.0526082 136.60440361
459.370888069 106.878251267
471.1147115 177.102081691
520.327676468 108.9843546
496.975626446 349.487392282
281.915757845 115.184904583
389.175985919 108.999057817
462.179842125 687.007264198
489.548201807 309.987810325
356.231990456 195.476776763
388.485733621 677.904073564
493.737088335 172.812666532
402.14191951 243.81313412
417.833915913 677.897045303
422.083854552 595.538161504
219.379645365 354.975292333
551.417532837 124.213090975
532.603720002 109.26825072
525.030678881 126.947957662
454.110543081 146.613270203
541.505310785 98.1742072026
402.120708041 619.615015491
442.001415144 237.797715086
408.442082241 282.672909528
430.135543008 638.481510995
442.514173115 582.624309557
492.782384497 157.492091214
443.731244111 123.972606663
371.486411451 188.347008931
619.920442617 216.942792426
585.141845863 184.613558955
639.057360708 201.662713475
365.43272596 308.891362157
390.258429671 202.824840722
525.365384148 164.346116744
474.914566366 100.62877103
443.212366222 626.006894714
498.961066291 236.548406006
502.252110877 326.238949932
451.696610469 135.456653094
338.337090265 106.871897437
263.867171567 127.773992977
525.645679779 141.425938603
314.350555943 80.6090124968
417.962793351 123.394369006
364.913028582 265.287935625
422.993701874 698.810888084
379.353283828 579.158883749
411.847522965 143.295941953
458.573529671 129.009149514
609.727544724 231.449224439
444.63774761 700.281561239
312.561458565 105.347281446
388.269962967 315.385699411
470.782254897 218.059244145
359.712681603 109.62730537
555.996556526 103.677335521
357.806312362 157.902315345
421.065581287 165.682766675
413.945721878 562.685012817
574.053778371 219.163191142
431.69749153 665.229095057
267.402018832 93.3873881874
497.481676501 112.442240276
434.234799053 154.88749985
377.97939486 163.133464576
454.479701364 654.823235546
281.915185383 78.2041725715
456.027323489 158.346960576
305.375227666 127.015624761
424.402340816 100.221359616
450.559184608 189.899745989
509.538404094 97.9449420379
426.016500983 182.427236862
431.117849136 172.569788068
475.377409841 117.09222663
