664.798596432 387.391602744
516.325303432 87.4092584154
536.262179663 121.850908878
534.846960253 105.023769946
700.811178966 568.712967904
422.425187902 544.465505506
230.991367477 93.9262381299
672.607629421 57.1791186972
614.903194427 80.618529313
591.496021727 127.737487532
403.959817964 134.739004189
578.474541073 44.0241668144
653.285813991 606.596862049
343.938992715 74.8663014609
664.197451423 677.981849504
611.646411724 99.5814047276
582.408604529 102.35818409
678.750416039 547.555740292
704.978089422 538.958233638
620.323232429 38.6607669735
557.891058715 127.317464366
558.573619808 91.4306856409
685.285805206 701.06894295
292.689598726 73.49100141
187.769279977 131.273053443
683.95168226 681.420028289
292.661789392 556.070790472
664.750063248 157.176319864
378.70050464 66.707832104
565.97920157 110.256731188
626.562128436 92.1187022077
523.041321049 68.2982217275
657.040569328 276.95504809
382.045326311 136.912067094
614.647648206 126.046647815
492.485302202 94.8724884844
628.465751487 279.181614729
668.079871268 110.270315432
562.860082581 69.6260828707
537.128743256 44.5689536387
420.873531742 474.739400909
675.929346439 596.290689386
647.63377529 385.433690171
202.252902368 101.68689379
652.673582041 530.788673395
593.931418687 37.8131076599
685.50481129 660.690297699
189.403918342 154.856613428
651.257298773 568.207344028
621.29808113 243.858715367
378.988217767 90.2330879478
236.643375837 111.62989453
639.973516012 251.857973033
541.679773005 103.327349186
704.910725274 697.93325434
357.208364165 147.783370975
515.391464967 119.919467443
632.472605384 123.312554911
638.365043099 26.0177381764
645.940726575 85.1528091536
340.287719151 181.46921326
654.329659064 70.4885630083
589.917299787 110.594510975
526.632857615 423.717994833
386.216358991 155.147473265
498.433755903 121.589835555
583.73562894 84.0474912266
247.074352601 134.246891877
688.395352178 519.507757694
666.839817318 508.894650736
582.503684107 57.2455078426
296.118633216 106.995258778
589.646504197 69.3961276307
310.636405208 59.8328188182
629.306551971 136.678535363
704.456562123 675.714753262
653.767547003 122.178835605
336.52795917 121.002443308
404.943121895 80.1995230069
611.847548221 56.4879917054
552.466452003 41.6053114875
626.563838533 43.6954095959
653.984328197 237.658067205
685.699592998 615.942599506
635.823536715 394.011064304
589.513576486 89.3703978226
537.624292643 72.4046852235
631.090698712 210.792376516
620.138217266 65.0018111726
649.535129844 38.8862765733
224.592796686 504.528004325
259.516199207 85.0677667193
664.102047063 641.518332151
611.667863773 10.0474097241
212.03415885 120.680204695
589.027149945 19.5016941916
418.835843523 112.346869154
496.5710868 436.228342392
266.556631248 107.692459985
365.394045022 180.838155816
