367.899799598 468.413144778
375.960143436 668.440425951
136.775894393 637.639552168
214.186347827 548.011416346
191.345669969 729.907518606
216.154988019 515.562652243
73.6709435546 188.38245253
702.365398613 718.250765615
432.629095138 378.263122765
341.754133946 701.168147997
484.207640671 717.52385754
268.147502594 585.63069494
312.760799069 454.687368753
345.24597189 669.056858427
65.9531754445 101.92546702
212.077472651 745.886540151
362.564874257 706.9014154
464.132990572 679.731692996
103.970429887 648.392856988
114.7080133 623.833292645
266.770721808 612.260962668
440.145385433 657.238012373
77.4660099708 118.198882297
65.0139098357 154.775620725
282.581943149 386.858396673
242.284488307 521.779691676
174.048926307 526.86366337
374.884566066 422.490624637
99.3843148164 100.976158173
281.865217427 370.407302207
77.0489035809 136.302417623
708.380286267 743.535986678
117.179408575 572.057781542
108.436524474 637.847214266
316.796200188 421.631999204
105.28468102 590.598426297
395.65057417 707.017173063
107.29841084 199.825835504
170.00811711 605.289948645
259.850991009 542.904710816
194.522803045 537.222976972
304.799340485 488.627202999
90.0140722671 159.597379265
182.026077338 653.066120995
134.967856859 621.730665051
695.71695877 748.177166675
398.25445786 345.958398113
70.8722122047 173.877021311
471.895785441 751.711084617
169.314624692 573.299615414
291.17511683 413.96335097
184.083522681 725.527955427
138.720926592 576.717528988
163.699608801 640.879115458
113.242960237 164.198850633
286.63736149 597.323643065
428.52478678 732.64764495
133.536010364 659.345574081
96.019842483 125.799453578
210.119280235 706.845209321
360.09883193 406.519815536
409.436895518 663.040950727
352.305613681 445.358788671
255.775736637 402.110242444
148.341684557 682.458630997
267.055212826 513.951062069
126.978922427 124.97966821
154.308137795 706.224298679
149.119710087 602.005182236
426.492985254 629.552934066
407.467852974 409.169441502
191.3085024 743.466815584
358.220786372 342.443075513
185.218874794 710.891492417
203.035288822 585.139514148
249.844363456 576.244076844
124.15326107 679.402718374
220.706542773 451.949107442
654.061324023 700.801976704
687.851990205 708.327420497
687.308275931 738.71878358
461.632100845 735.809303531
350.33242381 383.11638721
182.596820901 505.149991147
343.8549765 479.095288009
129.012159715 588.031947675
260.07635643 447.751235967
223.283492367 723.435165217
198.660248762 698.291627279
212.942277398 488.25594669
109.892227483 140.632768041
121.101639007 610.624984622
399.149856874 387.241810032
458.195083323 719.540788976
433.465447883 701.415074945
672.998568039 686.702556583
261.83758682 484.102979134
667.869814267 726.633284341
382.097750289 368.325206544
195.121392045 621.410192947
