618.852783943 297.634394271
689.680247361 537.610336736
689.685839617 507.719497357
348.838959461 566.847925455
707.803902232 521.459036232
325.690032461 555.854694511
488.843570479 535.490653693
638.235776476 514.735729411
603.913150941 266.299713305
603.128986296 557.082779508
710.740709661 493.780528541
321.578353611 571.859534092
676.274468656 624.28575492
469.387905005 585.830315065
754.420934916 103.193402594
669.407311937 639.857151192
466.441742574 600.435411406
194.492998605 749.948071523
484.484201674 550.003158309
168.225253029 663.397836487
436.049732212 586.533760928
565.823157479 565.378998133
584.837679381 621.523391166
534.449081753 525.474409905
613.164383066 534.718420982
633.123845202 291.724376194
705.305587159 170.479257019
577.461776997 523.814531954
705.705080113 145.728943091
552.013530639 537.109767611
527.270251877 532.977530734
320.41845506 530.568372648
141.863121135 740.677824621
420.797346924 558.349759576
701.859396971 576.746881905
384.672426686 582.913577818
140.684832736 697.00426453
319.259109443 583.532690304
730.662910598 187.433304248
515.056879849 548.669366277
633.975976687 631.34666827
674.430608664 544.150982221
193.079517532 667.890782991
598.662918044 576.357698222
528.268392342 577.610673097
667.992834648 520.428013277
748.651837308 203.545097243
759.396358899 175.044236157
726.864506434 99.7022441295
642.788721328 273.234936035
633.455159618 539.977410989
165.336630532 733.919369301
612.956335724 619.206263731
644.634569184 599.062944359
590.923478629 597.154346392
579.708266692 545.393577904
637.429547357 522.399279462
680.870665699 601.924642792
744.193961277 121.742147411
605.011039569 484.394835314
673.293537194 572.671426913
638.008716881 242.47915278
531.463116303 557.817025275
726.968425143 117.572399576
717.347017146 644.061408338
296.158990799 558.286510213
495.565992368 570.781200231
637.365214438 650.906080014
157.891845908 772.189482337
510.623092174 535.070430946
620.86762 259.801819699
191.17592821 719.805236182
210.795218639 678.219459425
100.347499083 251.588358273
611.286424593 232.210645313
699.557923791 649.513265441
162.789650845 720.041839405
545.84536523 542.362540933
622.242168042 588.621357179
558.564257368 553.453744659
459.987610757 547.591977787
631.577438516 552.000971035
554.793097012 598.562192911
610.901850396 518.386208731
572.304304874 579.549132567
638.692189472 611.135715508
644.537389294 570.757454243
546.535809845 618.209368564
632.696161079 504.173297005
186.200598128 773.379820949
171.036690267 758.000206591
175.746815191 699.135262253
345.799031866 583.93393416
596.857068933 298.233753825
762.246045303 143.284519255
612.028173452 645.16549909
707.854995009 111.605824625
166.203072675 689.897651393
738.152603698 150.021073304
587.777943604 495.523550861
