588.067936189 547.212200647
682.585236021 269.095738668
778.921753642 493.320405672
750.296254844 664.784853919
585.106169579 421.626592747
523.797681464 414.512732957
764.927494843 439.497762574
740.622944663 430.281939003
652.427550044 697.406105204
592.937809204 586.45986188
656.293765049 662.309906129
490.118223336 341.917262076
636.405884912 540.048401252
553.086830379 456.570396082
785.045437328 523.530526348
470.29046122 392.780554967
589.612654074 487.970999426
695.743490382 400.651912745
715.274012578 193.466167249
693.956687796 589.697888557
714.908637859 175.140269155
706.62272158 444.295192977
787.17108193 487.207816637
684.180260375 512.05659356
622.092139059 277.457629734
704.306208551 224.72379978
728.89337457 464.498649614
712.091652425 409.006038054
752.087472601 593.686135399
470.907309731 354.920226017
571.791196754 386.246711117
745.126657256 714.281507155
714.019103426 573.167248572
596.392300049 463.152852961
635.813990995 672.597571606
640.768878791 317.376687324
700.083375312 498.248245579
681.916741022 687.531566246
733.760907689 628.38326786
242.721859794 345.186085086
743.596236016 454.719494494
735.804339877 252.304929159
718.156671827 435.172682629
593.296606294 320.316214202
732.626570595 230.60343559
679.300928721 635.163856624
758.379855388 498.340197444
739.975896099 512.354386358
709.94917516 652.692553695
787.727873484 635.780756647
644.913887514 292.917967139
648.393599713 255.518315334
644.11341362 457.1906866
618.845198212 568.096278765
770.720127935 538.607674166
666.860968263 544.993423198
553.553963782 502.806600869
674.84120783 471.677269967
767.834560395 484.080876458
741.244153545 164.753141403
725.070513293 676.984661902
560.977998841 532.205688535
791.334793538 578.982310661
621.707947019 298.371025628
538.242183302 351.56879337
457.71435061 366.826694258
761.192687347 456.71079777
520.937608429 311.865326469
613.186486812 387.232678557
649.653915157 489.171586817
699.799562881 709.229795782
645.851778483 615.500072364
673.516436257 411.958094163
663.066143832 273.026710172
741.519561444 563.523851593
733.46508034 706.500843233
526.290090027 328.896154636
721.373978894 520.367020416
753.450917518 515.668877967
536.67141206 380.957637088
726.676326235 443.993973896
575.908227112 435.497867073
691.053060804 447.720757714
774.544172038 617.136242137
562.264819145 562.305925485
720.091464135 695.743678461
485.953056247 317.41054963
717.572309784 243.144443209
600.628984637 341.725682492
616.916303121 444.293245603
769.31912295 690.374947217
510.879286217 287.610059636
689.380918374 412.219545054
499.517677057 355.24121918
717.258281765 151.111730101
713.659532625 482.147678905
752.103343547 191.757979731
706.53286668 453.144118027
690.133534657 429.786955005
725.859511648 208.763400132
