251.89063437 651.009516244
660.807941504 636.148280527
479.319770345 611.481032881
502.394331568 584.314339651
583.959009612 190.238796731
563.653928476 194.876599061
591.271797296 458.250610015
687.820764825 647.74527213
402.144527851 632.755295752
502.024347085 554.647320233
372.376819562 636.182783639
127.473345157 667.085137707
594.150079867 218.141332242
433.687481075 645.2790507
539.394158517 515.546370496
416.475149493 559.791788611
356.600175783 580.802972188
490.562962762 570.064364651
713.821797678 644.809230248
607.758783501 606.116460966
600.178156008 650.937225468
136.488308364 673.77287051
606.216775598 491.144718615
513.989678884 534.659293535
192.421873543 669.183304119
470.173113542 562.184130276
705.99224921 604.735042664
606.438772451 623.834487746
741.037830368 674.354207435
626.280424898 201.046619133
587.893788838 653.323513579
401.135553617 607.795133487
597.542529335 438.488344879
374.784570185 598.176325791
637.654069967 227.021952998
256.310307499 625.862028345
545.052263223 540.122240152
573.884074141 601.50845936
696.800115879 606.51998869
688.318940167 672.408999774
584.917414434 583.570572154
744.04522732 648.522996419
586.174978895 146.291739094
632.744845327 634.811543706
665.911162211 651.327645624
525.429895195 650.948602768
175.101535039 626.407731021
696.734826356 642.957150749
499.671243793 634.927495524
534.690099338 608.026605517
640.436729297 608.290458698
613.17718074 465.371404134
653.164716194 620.525969318
525.703738146 573.79145678
552.65533305 562.445221962
576.910493322 162.907786575
113.761791389 661.876586597
676.229328577 640.761337643
513.048281973 618.549259191
671.382145958 609.923872425
142.775665712 645.192213254
570.766267078 663.800823158
718.026133848 675.336290301
680.225856796 587.229761262
151.041350262 623.062278198
247.777724048 687.793760463
560.616457173 439.850707932
685.60740441 613.046293891
568.216790565 637.199378796
725.771635893 653.695712955
343.697508792 602.373895961
528.544028558 550.810980331
719.789373386 601.376853601
100.018579143 640.958855172
573.90446524 576.808176019
543.520295773 586.031272708
518.796641768 165.138076886
697.055335595 616.520487686
737.699821824 616.524276893
578.480947744 469.530452541
722.172689437 623.953979176
427.813449447 594.609595597
662.537927452 594.149378653
443.984573534 574.327287941
549.62298624 171.429627817
420.424467246 571.647215667
119.835189169 631.051660231
594.782608948 613.542553463
99.9053850939 660.87601919
610.903441092 175.484875256
508.669641317 594.57699881
628.954461546 594.120790204
356.48309938 613.363111552
548.220518707 635.897290575
468.9152762 584.710689039
560.949923331 603.230082245
697.909050748 664.707187223
455.022798361 619.808189274
577.731419263 617.392939071
560.356318182 143.632803708
