237.486670351 620.497181351
177.330606341 372.203522108
233.482481271 585.704885992
233.169636392 547.909439394
219.712178476 237.017806053
311.589679614 583.300076492
549.910055078 578.974404752
516.067745473 582.707918915
312.47071054 622.213248743
170.100144492 754.181324225
231.776761232 677.049424692
138.90114274 662.169492363
235.297577734 656.609430995
187.648756164 710.302404254
430.547936135 628.471889688
193.485498127 641.210803975
191.870460044 750.163621235
623.824643425 494.167577609
169.774209887 400.48828541
171.471968165 637.929519742
238.822420081 140.555351741
618.836564795 477.134718226
451.979699476 638.989442071
216.30765304 554.936867643
148.548088397 600.504199395
177.564068087 488.659402934
248.580880028 442.883171764
268.456826419 473.5689506
442.804530491 603.82601244
109.421366813 661.389987742
255.887266352 599.640168028
223.305867316 485.580093431
267.629671206 134.348087186
187.622395811 448.427821229
193.158013302 769.534246075
173.96187837 616.232072517
245.938669504 211.78288563
289.471814454 629.640132896
192.080323554 359.486109001
239.761864595 193.906744199
258.812442168 566.652613805
262.938389285 114.207836224
437.270402298 661.288788353
139.038894721 551.259559528
205.234971192 516.589770841
344.491284388 617.263761066
508.274799823 544.703443775
234.164095565 376.617611477
213.24229427 447.622289161
247.87005765 478.574032835
162.949050909 572.268764129
178.111963573 594.670928559
186.522394321 332.045509917
295.799952512 601.815249976
478.507322045 621.350806059
166.7289332 668.479600241
170.933467816 725.817993523
203.595247177 407.957376412
522.689552555 612.869234337
248.943487008 101.159516715
205.100887384 315.769602139
186.967634196 689.552583009
263.230365622 531.581676796
172.422830741 541.707829565
197.44128935 564.079664271
108.885689428 647.823813249
541.482529978 602.427551493
127.436688118 597.822467332
221.777952404 646.413511137
268.941819403 631.384966627
240.816197176 529.49732744
215.552763455 756.301745649
237.477267855 279.978906843
183.751692977 519.243746558
232.120221519 467.411489321
212.683428893 620.908163232
138.998453761 644.34848559
220.574315353 279.448857931
214.51126165 349.780957579
373.850709369 587.324895755
539.997791721 564.879303999
193.18441652 729.330270573
254.297695982 236.26900395
234.850154254 441.718777272
209.548813172 716.876670007
209.156928789 487.460658895
101.749141967 636.689701141
253.485730712 160.347658482
209.557232655 594.609711686
206.947961073 277.329036126
411.559673737 611.269344774
124.98262582 628.087546343
309.574804418 309.79314105
201.608775636 672.856279778
246.01808421 118.451791341
250.081489875 257.729068685
170.038315145 343.540707482
405.053273188 450.39053255
228.950589586 323.689046513
175.920036762 438.410922494
