79.2274888216 519.481087198
94.2553262831 556.716496393
107.234342181 496.743462246
464.876666388 706.028767572
58.9457431779 709.263300814
17.1713429356 537.224312756
72.8771724913 610.692132434
53.7533852926 293.572076135
70.1562590565 359.748181841
272.690759387 479.284649487
79.3139192926 707.1233834
248.464084761 690.848021325
35.1153167639 644.998550101
31.3612816548 84.1725417626
95.7805269675 300.172552773
34.5093337102 708.765481842
424.465820783 687.430301235
29.2878701995 578.600337177
76.1676457512 661.38654883
503.710266864 737.235548293
81.3243466825 347.864931471
424.735616697 726.76018828
451.063841131 744.860827326
71.3582725992 280.710800735
76.8554059915 388.829814844
44.5427563313 140.638557937
65.5376637302 126.94937248
396.589337466 546.981481439
50.2303466139 704.882269072
26.347963154 99.8666944557
65.877765873 157.324572147
20.8742413738 573.659430808
70.0075315744 320.770766026
70.9955407593 493.341830129
40.022358921 211.196551652
482.361866891 757.01438917
97.6147169404 350.717137579
52.959181294 616.565471888
90.1096214357 323.337633157
34.2099540594 132.149742855
26.868378297 727.83406241
74.1763729498 203.810249937
68.7763781273 721.454166799
58.296531131 192.641782012
497.852390987 712.677243967
113.894388109 590.401487831
105.314319525 385.983610507
388.316853854 331.887257629
89.0870432096 291.478173876
90.8450542985 447.481214175
86.8440421963 424.277170039
140.932498255 599.990875227
38.2150177702 556.642876861
40.7591614709 535.391619676
20.8851362011 626.402432176
103.239759709 474.69292654
52.6056698633 582.848369203
52.7648182943 121.390093625
98.4274625726 272.388271713
90.0079132589 677.327246955
44.934522383 699.977169209
232.78226495 677.827922412
119.575705751 442.004625288
88.3760725366 112.669410928
233.005010847 711.085073453
45.4975332565 688.990812613
58.2861454062 731.718570493
51.9044223627 657.450297775
90.4165420481 649.108095692
41.6037341049 152.687745059
37.4386534191 176.472871842
78.6836676375 475.564524087
43.2896525987 115.143035002
64.444999587 559.395884869
66.38974641 458.341337401
40.8890092015 724.289616632
365.558703462 529.27054659
78.3292852842 100.751563601
52.3791010938 388.994552557
53.8330032117 93.666430101
84.4143576297 139.38348972
65.9245308408 103.242427419
400.587175329 708.990259158
478.736065988 734.843814184
97.4823114172 714.397046375
52.019284366 364.168027613
94.9193094479 401.686303983
42.2518156819 674.05776937
218.746322466 568.112901996
90.7069522293 699.696651355
81.2330083136 593.1578377
445.76966954 719.117355039
66.0854082619 675.24568607
61.6121199743 251.873327807
81.8612209952 677.241127597
61.7653192253 346.546576176
98.2654093322 194.187354385
28.5966092224 610.112369637
60.8189202914 646.884316943
423.792963891 545.684644872
