187.693528689 306.395349015
178.416943964 429.5437705
93.0196324026 288.942426615
145.210688875 286.258206889
130.883781828 631.870415141
101.176798964 229.43778467
163.778276569 196.206320196
127.164907927 171.378225382
210.900744634 295.860763965
144.873003165 701.252666166
182.831462343 382.29618458
148.837636674 367.637911485
178.067223227 352.858886198
157.615795003 657.103709085
521.668217144 438.148947505
132.999619551 686.824824979
158.736213342 693.396618212
200.982957157 358.154005015
69.8252368425 337.781326442
87.447290615 312.883628789
154.853662641 460.410955557
200.064222157 340.61052264
539.37104625 459.49362201
498.439061405 473.785103258
120.890322234 519.873211307
93.052740815 651.70403083
17.8091655988 148.702842057
91.5519952923 115.585715632
559.047723326 452.847669553
139.691436334 429.738514922
523.126940244 479.375266905
151.371163282 246.339977426
69.9183904622 303.71289981
58.3061580855 329.590998703
152.30948199 335.149230188
56.0451904303 292.413145981
175.731705198 484.017324844
509.13432146 504.731396771
69.3432265917 237.287495225
125.438347863 553.582370497
72.9131642778 202.022641472
149.848921753 356.093658746
541.770868932 506.190109201
79.7003607249 508.770748144
73.1762957312 296.029009842
125.463059408 226.270173389
133.295199988 152.088870944
454.491601307 153.335861651
172.222253123 449.607031255
32.0814741554 186.306943126
130.089247757 379.792004866
102.929189562 698.945275583
71.6620412021 277.162340776
121.68165825 300.592341892
563.678085262 519.349809411
138.232041711 396.270853557
139.173327725 674.456971627
95.6588263626 325.794493708
565.801631172 484.984941271
160.931013113 415.194427772
69.3010844505 132.866993931
168.687849958 370.37655751
103.448523659 181.527301912
105.882246831 474.409463508
95.4841230948 277.549002334
135.743089262 492.407116765
586.571325658 480.281608922
74.3265884241 485.666505726
104.734705342 325.833217419
154.016109193 318.796943063
175.317449854 270.147856652
116.29772946 700.016298733
86.7415892615 98.0290750005
114.713988945 660.291415021
114.740510254 268.095639831
90.0406437256 676.708564276
78.5221856988 333.527018602
29.8361343719 117.763655563
73.7010646564 166.790786111
115.119388348 199.900078683
91.4988044192 134.91923276
189.874070394 409.594511547
46.3396912148 98.8835490051
40.9486914159 159.684839409
181.565068904 330.65308579
44.7250586506 273.034853706
94.9076833023 542.949808287
150.184830383 523.151806347
133.709875823 589.86651317
48.0383898107 137.092988561
587.800865462 512.44594804
49.8015892115 311.783085171
100.534990057 99.548443865
172.578939026 402.362788134
158.791303889 389.09761058
108.376144955 114.185544934
102.386398565 583.135922427
89.5673547989 158.871874599
65.7870191417 100.216751249
65.9084838093 467.737563033
