362.309380428 236.61916354
434.255606005 334.018215153
232.614157798 699.807089712
346.906893775 374.683337849
197.689328415 187.74941239
124.387482654 274.007441748
417.86898671 84.5607063731
358.717797407 299.048515567
326.660691908 203.45365185
299.072682004 657.133159979
215.286518614 249.514433121
286.717612837 147.191540982
96.5637838453 273.307876104
194.145503575 262.567964885
102.358940385 300.415237494
311.402588032 516.815448847
269.188411425 632.673057055
165.558822289 188.409950721
434.851104755 378.317237717
230.283882886 249.588453468
246.188080967 687.556928972
502.247655595 175.778839794
145.7614113 324.459047286
421.976236124 120.688219668
202.505777338 146.574900958
126.286427818 312.351471913
111.627959374 261.939815455
364.115171198 194.302185405
285.532180496 202.270272415
254.594701671 698.976150555
465.02752096 69.0137752987
290.894968204 257.20133496
321.910070764 328.687800934
205.01398275 233.238908035
307.06482129 476.148710999
345.28531957 392.978045114
286.153995473 700.849725048
356.799772215 272.864483036
317.398194927 247.83733392
277.879921985 120.720715736
270.512240541 688.5296211
146.937665861 215.569992782
341.61924543 186.769957725
171.103613585 164.615406042
144.868858147 164.991437044
309.658108274 282.883405025
156.919757292 298.599507469
322.616564594 440.943063345
149.672545307 269.504839934
283.703135084 679.796863476
210.395295887 162.430893666
301.635341925 398.349574986
280.123483315 544.595780973
251.061155114 597.258218693
162.631286752 248.735220301
410.544016729 265.417400448
258.90129291 522.772560261
331.996827183 355.024583645
249.560663548 213.119741718
257.814897503 274.89180087
263.674654251 486.490174156
369.816904856 323.06242782
285.701087266 486.82924312
380.337610483 271.38634003
457.24800933 87.6979805983
271.65852207 510.350906982
208.21914817 209.565405926
227.544688919 549.735169607
426.11913642 364.073054588
182.367731791 173.804278253
302.987139178 200.062560709
238.672271845 662.695837636
220.892697972 199.79270188
317.355103349 397.174806697
341.884381339 334.33158006
179.389298809 233.300815714
404.134457168 358.527990929
429.874250849 90.2458519979
258.975545875 148.103579238
325.90371598 163.537242516
282.673322809 175.582804449
292.590039813 301.599300417
389.318870056 342.489643503
166.381098608 214.618742875
328.387559576 240.562585838
259.440672654 661.298403675
232.491557368 165.770466726
295.848782314 495.962317249
214.154821177 283.764224046
320.539853039 310.267322646
131.770219992 266.436364535
307.288944206 380.667673531
132.548894483 295.149130455
295.165693261 131.833886113
398.486705831 320.217631211
296.71912199 157.762261085
281.06115178 229.623287903
363.260520968 350.984605494
225.260573122 628.098996662
321.25038868 372.723641688
