410.167413034 147.623440451
349.344404802 95.5084555727
505.954138609 203.41780732
503.347718936 314.871815994
134.256029487 337.659208206
114.909005086 306.507604469
423.300618555 268.94020666
330.110079921 205.097606603
465.233002466 366.875068774
113.534564206 293.747474419
513.86605638 265.618954123
533.55061703 383.559272582
97.6220992532 306.745099361
466.553066729 208.275552816
397.190834041 306.430648173
266.921951772 310.51409826
506.775801757 339.938709491
176.211701276 319.519995307
140.717621119 312.156242363
401.486855722 237.884228339
336.37279058 129.998439599
520.612946223 335.577625051
192.310990004 294.971829698
346.21143614 140.990376554
337.800734551 186.39866762
354.381917558 220.325409206
99.7462916132 290.53365476
383.739466233 223.041058398
321.669236306 92.5050962724
457.693951465 344.023974778
288.460465911 325.103023632
107.276395279 328.667275212
359.14210401 201.769130133
318.687782548 173.231598908
362.746962511 148.048439477
405.74438783 177.083101362
363.241296984 216.389833056
239.608377455 304.703932816
455.005911945 172.299725714
435.063582015 249.949549393
219.603239554 309.183967712
149.710208177 303.631021482
527.882081134 313.968104902
355.74776266 183.751852654
304.498597718 374.461560447
117.616170875 351.147252347
273.531372818 343.748724927
201.778480945 313.083072651
409.367256466 327.113933828
375.846350678 194.274457399
422.517631927 228.940742104
292.703876493 356.590654277
471.841358893 337.044092278
485.24365183 353.226842164
152.793051583 336.781969388
253.65737662 348.883046089
362.408847743 124.437818116
415.975108665 205.9230795
467.128398431 244.810684643
496.247481824 373.614589971
423.257720139 306.591281057
514.221916551 378.803293425
305.37540359 121.576854378
130.014455473 296.694577927
210.297454986 334.734701604
449.425869765 274.665663899
517.282287259 366.219689359
168.566149893 302.743591583
218.252184814 349.029129294
477.595480028 212.51456841
485.30356836 165.282796122
430.636972765 339.946601746
471.360194285 187.204017018
482.171383151 253.481994082
536.55768242 358.393412009
126.847716312 319.73047178
430.000484133 182.042599366
368.532360765 166.351854511
360.347335507 102.49732279
403.666520176 278.954196555
444.946091807 146.768150463
325.610431651 101.22026438
501.869517803 690.049967155
246.192860348 330.742129662
228.882037286 348.011864698
447.374378306 303.813889565
333.536475236 110.86513926
516.860691754 679.574711201
424.628077446 374.661942417
493.376694082 231.386822659
309.295391917 347.505482865
487.820135634 294.684126383
94.8724168376 338.356995951
371.877660554 259.315310462
320.271558512 152.469176715
374.679618088 293.548626473
381.495847309 137.757461476
84.9567412168 318.430822023
464.94555188 315.579018341
324.814115841 370.469477059
