413.802663385 655.766481097
479.941284438 619.639689825
158.323695142 695.166006888
441.541794677 553.783700076
494.732825475 535.92160119
454.445822057 597.634658874
638.665394183 661.034246104
539.227382545 610.261068086
382.631847189 582.764141355
183.015769404 621.441738815
354.711799874 587.16036659
218.289823024 643.646450443
490.105347199 585.925449381
99.9431381691 675.976556298
227.816915598 613.982194737
414.077293623 413.970345918
386.093926428 512.396536111
386.441724348 436.923425615
567.797024309 689.562718511
387.767284705 613.144416244
616.225721026 652.490657897
125.117949006 679.263002664
676.385210283 662.754811135
312.042236904 508.929155557
122.409325092 711.243736114
199.838590403 596.625017884
659.079097038 673.662662987
388.638015587 629.644639886
558.649054564 644.057763358
560.128275081 618.570852645
531.393696058 665.221260849
411.506181798 573.452846229
643.58771699 681.695804103
282.83826243 651.325436852
471.824635093 664.320006917
428.162220538 673.852988958
451.273346627 375.386262257
393.164708672 667.514675943
679.078027693 685.698804126
505.786866628 677.308008528
143.143239224 727.744220416
699.741788355 723.245500205
483.453223529 496.899827665
406.748313593 601.723174062
514.390780995 563.266596264
170.585541266 732.688388459
319.331936699 565.360708387
632.827862442 710.523014141
164.961080599 678.326987524
332.342163378 630.951128258
514.412783565 471.673070792
694.529112699 674.889645607
583.227901079 673.93397116
431.554746495 392.33268133
429.727540167 595.715373654
474.585735029 466.866193671
145.889790214 658.058517145
461.537810355 625.338489052
310.072521855 608.683094982
505.475001372 606.962553661
184.061995236 652.30694611
425.513802733 617.416988287
550.338918741 693.405425503
612.471429708 684.840742498
236.594673116 577.192976244
415.97575548 633.496120169
531.24819803 603.811167591
453.999800428 646.054730888
490.635047032 657.510797766
438.732442317 649.986947294
268.570407527 617.921516007
474.614342929 434.505014454
701.942489556 702.761267663
160.772620341 609.611020481
470.172472297 565.383029178
408.304451903 617.9146158
394.722920732 399.16414398
662.074013155 701.861554221
706.905741367 683.185388104
521.741818267 512.024491167
681.694799172 746.53423239
429.345743632 514.832546644
533.33715109 642.78884354
457.953627659 420.07532015
495.884730356 414.250980869
439.801115871 432.737254615
299.913224626 476.049026515
376.811174433 645.115484533
119.667516742 656.840070201
472.105277988 396.878897155
99.2443912135 731.003033291
400.350719732 648.76365253
244.15220091 662.496849943
509.268539695 649.083592886
304.674584206 665.558792367
128.341790702 749.494412715
679.973539196 711.891648942
385.708004278 556.277746117
213.141412235 692.657122342
425.593254092 370.157741103
