426.238148415 712.621715919
562.293206429 737.736470564
153.728245013 773.199110278
234.763812742 704.013898466
298.146149258 673.032301379
342.394286641 691.841937714
581.245313387 719.79116359
505.290405719 624.847569035
196.855889907 753.836180832
100.883733456 634.582689492
158.346837341 755.664518658
94.3769158747 727.327338656
368.708246988 681.111580952
100.611444984 783.232196462
121.291285611 633.847042285
138.381552766 688.641854623
125.979559191 717.338217574
124.121432316 679.460660726
673.017979065 764.481481268
379.622510556 717.563072388
526.569701284 652.86015309
100.957974569 755.656264341
639.651135687 725.840199366
111.82249705 668.993221725
139.077080298 786.514445094
99.4276032783 658.745532871
658.777563251 718.317120296
355.267443935 732.721518981
525.137420229 678.085044099
537.037128006 638.220187195
414.421531515 595.825441781
218.972007364 731.752490005
619.776000822 732.843096264
145.862436867 742.933778929
395.840790875 659.656452071
458.119447486 699.167321685
175.291663496 664.958012186
323.536189688 741.009459958
671.399593478 743.094889142
482.019402199 671.967871769
324.44105846 716.975616764
700.014565936 781.012428846
262.330347656 655.371139717
228.380312468 779.747993454
344.521751279 660.453921097
428.87420194 631.238457428
114.811134854 700.228444824
649.401284237 773.248647079
118.993607981 792.656145915
197.521654142 780.532921226
253.826912282 643.195334834
687.010379171 727.65763485
451.64966081 644.572466866
154.109163165 682.705144337
262.69359537 691.180260589
233.769879014 676.585278067
84.4696500934 730.256344085
458.793258329 675.070902771
128.049988116 791.086977729
456.481426139 613.684328134
102.872347773 723.490668789
503.141639617 696.06087429
503.873156891 669.874092275
599.22287459 738.782829751
93.7414909463 683.502886624
449.782405557 709.772692754
486.798818229 601.37391753
616.700937803 762.933299065
396.058895984 635.319743449
580.842570802 762.260440667
120.795992757 744.814648536
205.314932024 694.132138002
692.286714328 753.441874149
85.3926853547 707.018695078
323.895297831 695.618686075
288.167807268 715.994324021
131.158741736 663.147469178
646.909194521 758.30545101
701.983763914 740.043538296
293.608039799 641.504835402
704.145052393 767.704431123
186.039953817 733.240703699
507.212410503 654.340737234
174.906091009 707.058214423
222.938855339 653.090505728
149.378000748 725.965954943
101.515021636 702.145973998
298.780680734 758.592148789
69.5505650483 735.082327899
297.261339488 554.440926203
267.784982135 733.759385421
412.827158523 694.917378328
113.780843599 764.90426201
481.094098846 632.228263797
244.183259647 728.087556508
247.680310296 763.105593454
675.49392062 796.186111533
130.972043013 778.78769808
163.058950407 786.346957469
148.040450326 649.619821934
