297.675893767 91.2453117139
581.259525399 151.067504081
270.329134078 103.765444716
508.544816225 133.225444312
344.216449688 147.735721883
99.4763085248 112.532797309
192.406410218 159.665843693
479.144855166 101.749325873
298.754624234 311.433272929
272.869580215 53.1967172597
196.4279746 116.572621416
318.480706157 138.97108141
532.21999085 90.8110533302
624.428966886 161.115213029
311.462580383 276.526130076
700.09304849 145.128393467
651.90543336 127.429975066
351.62388541 233.177557093
344.419511319 276.029647207
174.596129114 89.9715676785
667.429532936 181.636163541
647.862444134 154.724366217
347.676123298 88.8844388083
563.556136756 64.3721916972
506.669295061 76.2240901421
503.601295352 102.169807077
143.172982857 67.4637648668
484.106431638 113.304947147
541.353955379 167.623903161
242.629712218 101.50573795
99.4053962628 142.212468621
505.533841361 112.735989623
470.151536114 84.2835130883
401.113783951 88.6854487614
274.412042316 78.0565613233
250.757862686 68.3023376488
420.315102242 163.384511035
114.954566363 149.129022488
394.238252326 113.169433049
112.905896009 62.6434876555
347.172162999 112.572490009
300.645480993 118.980287051
484.975529683 69.5485540255
667.601782911 137.822566759
698.569643698 160.115716955
510.068924737 93.5355513664
541.750099802 131.657747156
493.696032156 274.630259719
567.070778666 103.342806281
589.947608141 92.7892221587
447.387103962 192.177711223
318.648166295 90.5614486864
324.641671828 106.100715486
133.96881853 87.8544253759
112.380355412 89.270440869
289.023665783 62.3177272665
639.473418891 97.975513978
174.160437007 129.057435445
309.777245748 65.5205264011
593.134159712 126.020408387
613.886123396 78.4876225866
124.075140982 114.258090276
697.678750072 118.367258619
387.54594208 236.789282351
515.440558987 67.4714189679
372.152117733 93.4200091806
230.568346316 125.370149587
624.33083177 126.218675552
538.066386869 56.8737739044
408.289592714 192.433206068
370.841258924 112.274953607
708.780190591 126.177060281
497.429199773 55.9550344567
582.42875098 55.3924059968
299.478153869 250.662815133
513.690841175 47.744724521
137.180569966 148.817334666
682.526887386 157.81119016
561.837189923 82.8045196741
362.973586631 135.453449847
345.438316288 178.735838817
132.395523315 126.105579244
496.664135155 143.548339193
153.040411785 104.383990165
681.902729365 117.175943563
323.495547716 254.100559005
534.263793702 76.1722845508
592.183996698 62.6967168874
383.261456633 153.077778891
517.341638505 114.634699128
488.063794901 91.2245446889
528.364302184 102.272423669
476.353950773 128.364602745
609.657176937 176.992723918
211.413662054 138.631742302
454.557557018 110.865591465
308.65647894 294.439339112
376.824492836 177.503604103
108.285590154 123.14039921
400.22586487 146.334606238
