241.009411356 195.116161649
414.46322261 202.167478241
298.238901451 619.444837633
337.616203647 154.85029522
260.165701296 118.017449257
222.570366782 126.359952067
248.744275263 135.534674154
465.785245893 182.92640669
230.424547484 658.401373495
129.460096859 298.153900542
245.526135807 697.094735248
276.80806058 245.826250662
277.06563335 108.536307345
265.121972814 701.060346874
279.218593687 129.301673555
286.936755718 160.616371445
305.525270165 200.446613442
311.036857985 147.725987591
664.345945421 130.420859871
382.029702983 167.21120771
358.068672477 206.441016128
285.32652824 216.821128907
320.540088158 91.5259998735
167.715011808 285.811635831
267.52024332 195.543871464
251.995618181 155.287454182
509.788022143 148.603354425
366.144245038 193.255625903
697.617480472 161.901118453
364.697891886 107.331166284
119.13956307 438.947435284
281.695905944 636.812688687
177.359194714 244.817984567
264.124869153 617.736210837
537.435363799 272.11166236
170.577861148 308.395642045
189.0711557 268.006011773
349.901488901 150.010883708
468.15749208 160.605640978
655.840125324 161.33272373
379.968230297 129.662422397
708.787811078 124.896640505
272.53617984 79.5077596486
388.178225711 202.650446697
432.364285579 238.621426424
289.456654687 699.657660904
131.469712738 329.944123741
494.465796246 179.286447788
278.496006298 669.11116944
335.116513817 228.846828864
395.170871057 160.428399816
298.638335425 105.64911734
404.213506068 190.286786753
282.76154947 148.768961575
309.283231545 121.163282612
258.919444235 97.0533626388
224.54636842 303.809203733
437.631750678 205.015702758
285.948676325 654.004529127
423.355387116 185.428750259
258.089500252 220.607842348
97.7718121373 472.416967742
679.545458468 159.246927957
427.564731435 155.481255187
211.645261472 271.727998289
292.897733561 180.202545757
141.497808568 264.173224642
440.878482905 179.360126611
100.633326375 458.117346739
698.037159825 144.282026474
255.3743099 651.447896144
296.268871863 138.325715273
638.703993198 115.677524768
167.442061646 343.730004647
335.74560307 123.88966497
321.596516784 139.103754701
205.406782619 109.521727354
637.700778018 143.972521402
694.71122712 117.728873281
113.922057861 273.783513143
680.629755829 131.378502497
305.829226965 264.324892243
410.907171934 171.08370404
314.143541159 165.601824459
221.956566949 107.69466329
306.174451047 217.495167601
185.315078834 323.186342456
370.843475318 184.043964983
253.174257485 275.628265753
288.610115907 92.143536659
308.098853457 240.405581196
382.132990932 150.968958249
239.258369481 675.633775716
286.749029622 679.634818817
321.686829814 186.031245117
343.417070959 178.852716395
676.946297413 149.500889634
258.686131484 684.830449568
348.003770685 195.607800359
237.687436688 109.141483427
