387.707617994 178.950398805
733.392787016 345.10071504
710.579291357 296.437466854
324.927847069 308.566111471
732.199555294 314.743717221
292.85214078 298.811462787
571.743673738 291.006893095
688.402102023 312.581311395
373.255615772 146.757398842
679.145940636 382.82337149
723.707006057 287.293099956
296.52477109 313.638056465
702.971143367 503.716068533
524.960674284 332.463054512
621.299749427 102.057285578
694.20595845 521.419783672
515.511107586 351.468309628
378.973720843 617.375139335
548.1560473 299.326355148
313.648835679 550.603104247
491.230137384 333.238971502
661.183235777 384.414593297
651.281703915 502.351796768
644.189493583 300.138301208
683.549534892 338.300348663
401.634952019 173.629919438
558.40489967 165.504348432
666.417321138 322.432135053
567.811922922 129.251170634
656.439223221 326.52727193
623.868545708 299.576496028
283.593479369 273.661581185
299.314868327 608.05703107
473.00672173 310.346443826
721.470823644 395.114949821
340.606592126 333.545927939
292.019369943 575.487187401
281.402718105 326.896508472
571.318401679 179.713799754
612.229519085 313.962479375
670.642253835 540.533725343
711.478994664 354.326918176
368.380919757 564.388117763
676.614011006 413.278980811
637.167140353 362.769007226
705.821006151 315.043075284
588.241650264 196.226659572
598.150357642 176.501727
588.949216889 100.126687858
415.09197729 148.65069929
691.167147206 358.109281715
332.646472498 601.854434389
659.461943478 517.771780936
698.615158073 460.82739602
669.200071504 443.952688736
670.512256471 348.632375089
695.021107437 325.174780087
713.403199425 443.132355726
612.751214275 123.223396033
672.499456485 289.930195412
699.765993449 396.051675563
413.227473797 112.534083643
628.348660858 327.737024672
584.319038754 121.764459651
689.837151241 540.656960672
259.928293154 301.628392429
566.664670953 323.31364011
667.341439142 568.091582355
318.082224624 625.232913977
595.48049347 292.317801442
391.644777269 137.401200678
371.01038591 591.947477817
398.334585682 577.330199564
103.942959431 244.735426997
382.377598818 109.513892709
689.380612126 561.491462799
313.852901782 584.920370189
639.502516174 323.439784573
674.316036749 466.878605756
652.446279016 346.275676506
505.823479005 293.09355253
681.598369696 394.741338777
647.327103694 443.596532653
674.052753894 314.580571052
656.692983707 417.909022266
678.685470317 498.666790513
690.501981051 415.313845037
616.451912502 522.827006819
681.215509221 295.516668173
362.920096788 630.012647431
345.492038529 614.603229762
349.049412851 578.216199754
309.100657064 327.288325289
362.289562226 186.862729394
603.687429494 143.086559978
647.899638115 548.507651931
565.039423644 99.3270555428
328.741371117 566.203111174
579.875751967 154.059432144
656.523532608 295.454166274
