256.409891979 681.547211497
624.852416987 104.587332561
299.960171208 202.22388711
347.062281701 139.919243312
504.197580294 87.8109019597
457.628138394 119.837185047
638.907399499 27.0804676156
584.966496459 141.557272608
259.576998754 161.674464994
384.41184575 88.7340532407
236.936843041 149.277463034
126.833470202 127.849678746
481.498928659 112.00227472
262.245820815 207.920333276
425.085682857 83.0424162541
306.462978627 79.8332509261
210.902822578 84.4629880765
364.77781063 104.458818095
688.244270436 115.138221855
455.333347019 153.577646531
618.171433048 174.775801325
138.917347991 134.824430784
667.845621501 37.0443753028
408.295909564 92.6002780321
171.225140534 647.691367993
340.102240401 95.3464295623
688.460158051 68.3485921339
444.838082613 176.498623415
630.051872645 196.354556557
607.876275669 20.7327028318
581.399509764 189.794523163
259.763426699 121.776545509
663.525389876 8.3742187417
231.654414134 103.907391348
509.253507937 99.142707034
261.221470256 662.38682758
433.533084354 110.894014864
411.58969541 175.910057556
677.996082885 69.6169768901
578.851839246 210.068103683
422.653945731 151.237772107
690.242857593 137.08410125
501.708723019 61.8828901197
364.194426472 233.775820933
535.065005125 160.790815488
546.047020656 219.978376996
165.066310052 97.5348485395
652.755172463 126.508208764
303.046076109 263.681397135
327.939300826 222.641292694
545.477536909 97.5494720946
699.355026236 32.612007659
512.780819807 121.782034159
375.622301725 126.724541395
435.353866298 137.932596579
481.335169034 84.8077239204
111.280250306 123.277395372
487.287650728 161.500219346
300.235615582 234.452098828
577.710136348 88.5678806479
149.267537688 106.798616125
574.509621732 228.530123651
604.113588069 213.008233236
643.805572821 53.0207080369
133.445668893 84.0329156769
271.58959334 693.528804918
590.128645602 36.2555353232
647.026076956 78.936757127
542.345689376 188.550357595
630.398273648 143.767395085
196.45527917 105.329240659
401.36164085 110.40418981
700.861281685 69.528584525
100.329255021 102.008904747
394.146652171 139.080802464
366.138929215 162.271762768
433.371848623 85.5465180541
669.769751101 81.4549301494
705.235326149 87.8112185754
553.536400871 55.0508756121
698.417185842 93.8013618039
286.292158654 122.720783098
601.881863628 65.6363593369
313.97029962 102.488174111
454.465301211 96.3125624411
280.708701479 89.2447447631
119.171853386 92.175607386
382.256616801 200.076664885
100.455394169 121.872028554
556.593355941 29.4801487293
334.403478404 175.551976886
470.142732941 129.259913181
211.49030004 118.562577736
507.383173895 189.072398606
308.084264899 142.778564636
345.372196944 202.907874463
662.483179093 159.952760764
275.88200048 193.481874693
319.594579586 246.619819823
456.524170096 77.9195194496
