511.791869828 170.776747756
559.970790257 486.167365122
322.52220511 141.465695255
464.170767986 159.010935252
520.036821135 648.971710553
434.94142508 142.084136132
533.502123738 77.0975478343
507.515047213 103.27330952
542.799446547 108.899013889
534.44797777 700.102754169
545.093717664 402.313082163
495.273695286 347.326157897
497.583630868 260.26711815
547.060323303 641.417986792
598.843766992 58.3980593219
522.644057084 685.041381859
548.340150395 693.735561675
524.533856092 285.758234522
114.015229743 118.639706139
127.915092602 98.4200547368
539.048849469 518.788395729
517.044069291 250.177721393
609.008109759 77.3390356541
584.907613367 98.1675424111
508.092756169 564.276814951
482.791680311 652.051770099
323.072646816 106.890510941
470.371648844 82.1887369861
632.54179838 71.828433186
521.672611202 491.551202046
601.370225004 99.2850647293
508.0946465 126.285848037
119.537548122 58.5247271955
99.0766181869 99.4708180719
477.052044534 238.777384498
99.3360776881 72.8338320365
558.727002221 554.52616983
582.599102898 126.143583629
388.021751489 149.910815691
513.423237871 591.061652478
418.428823815 141.337644587
480.493052318 277.646016348
600.072845881 123.541780662
464.096820064 566.8385485
157.9930543 90.4701733912
485.731650142 136.301713726
515.752483755 86.03327143
554.631446853 96.3691596806
555.28262754 512.093621328
338.501548257 119.383697733
490.159986519 384.842217317
492.331092283 698.97865099
180.905380121 80.4669438761
431.493503998 167.526427488
614.591728684 136.730533316
502.323153257 407.847411099
528.694980349 670.451858591
163.00571606 103.550412574
626.673182759 102.067856011
536.105832088 468.45392083
440.33878186 83.344143964
500.83175238 300.206484705
466.9958076 135.779834705
491.721135406 526.244613348
405.092128362 158.709882551
521.280977891 547.435783132
650.05676393 97.1756973436
451.149704061 552.351213848
188.080561791 100.635161696
483.093798745 208.996890775
520.098363162 102.295344574
505.788188303 701.245566358
466.933464029 54.0157061827
504.318734285 665.981152326
444.874690876 156.207338108
479.820549872 678.196261209
143.005965249 100.97127495
349.029356631 91.0004452583
437.306066882 99.8731610113
486.460311954 93.2331000816
469.033886559 98.3553091455
564.246384303 457.481040738
417.530379917 73.9979957135
392.907591554 115.063286435
501.625281349 212.869828319
139.073426036 69.7553562919
483.269776451 575.8883603
534.494240855 587.405243357
521.865926867 624.125191043
414.980633787 112.421861309
626.226628409 126.340747243
113.999461142 76.5444383745
484.961828965 66.5752340204
539.13474129 428.480640283
514.984026145 390.469562563
494.451741832 88.9548497887
490.698577516 616.078434653
463.645740438 110.455876955
445.384635271 62.8400874167
437.990490279 542.115947997
