136.34217035 329.616428271
232.059022029 590.573875056
445.16269393 772.881925151
202.590796422 724.81413155
334.451226869 728.411339095
170.804692322 689.149274825
101.883113084 385.820882206
175.481532387 169.272687494
151.165424179 177.783611706
465.976269836 763.303142799
261.255109319 604.395219571
142.090813716 369.308286627
174.479879365 707.136305475
371.192847622 505.347255893
107.16407013 328.099408895
371.494565908 778.91859137
400.356933006 729.622458865
151.055083696 125.131881853
242.224466281 682.242260214
283.199661856 639.47806531
239.197339722 614.392595398
157.667703406 100.321026573
207.126114001 469.409565664
94.820346018 367.17763542
172.767510731 594.714800294
187.582669737 737.266569204
145.724825828 621.744230182
144.570670634 265.605325191
121.063969797 121.566588596
190.33974608 655.978250495
114.163692322 355.492429677
278.440776959 588.97677248
228.540754721 719.762571156
259.124883705 673.539466822
169.992267736 634.661780355
223.697455722 735.441511454
249.724143149 631.122725199
105.328553742 510.982220965
270.019592155 628.618912686
132.079954961 347.746692354
160.233923728 658.599003303
348.373284679 522.755029698
127.569142482 309.470927572
407.866485249 754.29950875
361.666517724 734.256871345
296.364953719 614.097599668
221.292243 658.60412101
214.273056408 621.688736749
236.395100962 751.525231969
261.149679397 646.505764155
118.151153597 534.116147822
216.344073599 699.30504017
223.512694059 684.813188692
435.235075532 760.844019287
142.729812514 215.020916525
160.192176992 198.301798263
439.58164697 739.489756622
261.16303919 685.837908022
124.168922025 178.928949968
256.480340259 732.211953704
185.291139366 724.188735723
173.742153375 228.003454401
207.290494317 680.858678536
86.9977205105 524.933327127
299.087009201 658.255357382
211.698626501 748.331715391
134.262372377 100.876450959
266.532903616 710.106619501
241.849686027 665.60429335
147.39452716 89.7133695009
145.563377118 163.281350644
345.994504088 763.317469342
132.810893002 387.859686933
252.925317279 719.430151808
235.273205354 637.806733099
134.399463509 291.588571154
247.105963613 703.245734166
88.2384931075 562.715992269
180.72592606 137.142472553
167.006561575 115.722874445
168.351170002 338.949020822
277.939019597 615.844126875
185.819693107 679.193390416
119.626668324 606.490033988
142.217831363 250.004776896
263.922736066 661.512914169
103.547274234 552.897773879
405.097636756 784.066548754
375.172602663 761.138039331
132.752835204 580.662998772
144.422705343 143.870277718
233.834274932 712.78496359
208.149018372 715.447566752
161.426370249 303.884340098
177.848225746 252.483703034
184.347150825 99.7253874747
170.119739264 617.222228728
163.76584241 276.434735674
206.735874433 644.089655243
237.983811343 655.001949969
