617.823478336 333.949598269
613.873234126 275.901662294
624.082583499 288.894490325
613.579590142 144.801768652
648.3731609 612.657375519
593.830992011 622.201886716
630.282342273 433.414552854
518.757139636 58.2986899221
532.544780284 106.96053663
586.043220778 129.277249695
651.712956157 638.11797293
648.296954068 500.661478382
616.555501443 604.326268126
607.509974681 66.248988204
571.422829803 107.759955884
616.211348258 655.724366932
595.548607165 151.816216439
597.652723478 695.049875844
638.240626638 415.319587055
633.053360374 198.906405374
584.286010138 141.597946146
615.449874352 233.835415226
631.705346379 245.139598398
533.641762903 53.0384687618
554.992092024 130.766184032
602.984929529 110.163149351
613.625639865 111.534680742
596.488767066 129.991282902
632.233371161 576.242666181
577.104646923 59.0537336587
615.561734217 127.64601846
592.577398332 671.557288389
541.284366336 101.217458577
611.269211867 308.102307394
577.435418059 100.355190494
632.877339428 221.762076479
577.003116521 152.432126882
610.965864873 447.772744059
560.607067243 121.930680344
571.952697213 74.4662934057
619.007596966 686.996324847
621.685995326 144.458134756
643.132724149 663.87614299
589.808419026 117.358949345
614.486336316 160.301636191
628.463648277 358.111204971
588.825410269 234.025729098
361.719647603 315.856395791
538.608428519 77.0228766348
548.216977394 151.156385916
565.817007916 162.708291291
644.871697149 295.049435739
599.759766521 581.441186312
586.279050433 456.30007401
609.259529273 699.877139661
563.077814469 176.471123279
600.347839921 493.309218034
612.186114946 86.5482698263
547.815982855 82.724972856
652.314652557 441.001220866
658.707196342 679.696649181
652.006389918 403.936554339
579.087818436 257.258090577
631.717077009 119.370092563
648.249647478 586.416464671
624.029300836 627.168018228
639.236201288 707.827997203
611.59649585 541.580538784
642.666623163 367.857524999
568.414188267 88.711517999
558.336804651 100.403085257
584.500922283 308.901955891
596.689430404 98.1748855665
609.167336156 394.962139576
556.502076956 329.05410918
623.594772607 697.414356386
580.112829133 127.595512064
648.664880182 102.828914875
509.308825522 105.149628979
631.119135569 78.4838507849
646.791934623 128.498199612
625.601730649 103.124441354
579.929978175 198.049770384
609.585805418 200.032428411
649.448554761 696.993286148
496.025673615 84.4222305133
596.379658325 250.590990394
625.553484749 677.493029513
612.289150434 254.56573923
619.401159661 509.487940355
629.063956232 310.143032919
598.087788204 214.990880288
640.581364541 465.442619266
118.833255102 266.912548454
635.222632129 539.453484111
513.334413192 83.361685748
642.991162605 148.43834549
602.597086365 638.694182482
614.347638364 470.985648148
601.918257078 135.440029233
