366.700161684 242.876859816
400.249881344 589.160732522
386.394930832 313.753489443
306.90569937 265.111186001
437.468024175 645.276854999
388.400146493 556.365284846
407.123060881 320.055224586
483.062878063 481.036798281
363.975751139 184.351081686
557.097546914 589.931819479
649.418520199 104.305516628
294.46281252 283.617180695
503.788188687 516.755189322
326.356669489 284.921518299
406.414001562 346.758063741
519.843406916 532.714700559
285.859188625 298.13806961
449.066584324 564.63825441
408.699937555 542.510225086
414.46441036 608.247364929
348.857348904 267.947728434
485.345180516 638.600213315
538.246598724 663.536295877
428.191710118 452.912112746
503.788224568 459.009192448
381.077612031 262.60522848
555.926810102 100.928382135
438.14837791 534.201130544
435.923715212 424.239656996
382.440082628 581.3018957
558.639580284 122.169744291
420.691597969 505.56533121
394.75321306 474.506480472
478.752908293 612.080546681
510.426163958 478.252126283
523.774041535 671.268993149
426.795627521 379.216678793
512.278388884 647.229470688
578.643399953 99.5428233101
475.897587939 458.66576104
561.164415864 639.869738465
379.748444644 600.145370513
622.143504532 128.399776186
328.923320443 241.7266067
518.675067599 590.063954553
454.270665475 510.207195228
613.862661173 151.796700415
480.553061584 437.799472965
451.99125324 436.756990482
389.809401969 228.453467331
549.964740514 567.214454745
432.846853669 490.516561624
597.570523671 636.906992822
545.570121439 542.019828037
535.759866082 616.175817762
458.653578376 371.943535667
620.091142153 101.809673405
488.769802728 499.375871532
380.195487718 322.24755972
431.456492441 540.991536544
471.150386309 523.402694516
401.87052566 188.867798746
497.457977891 587.257226084
442.900660189 458.200033042
344.545827124 159.737682301
290.275442908 216.609299182
328.338096523 195.638203716
575.472283791 656.724586819
405.630370888 629.063714802
414.088169461 470.900316968
378.322655517 199.474776452
582.746448802 132.45202137
460.036384069 393.520077677
406.701293846 453.781371844
391.152695549 165.033807058
512.073453444 495.330227821
449.813130319 623.982214432
485.858775688 539.300235017
567.79658766 612.536905423
422.380222437 568.634447527
360.206558596 582.705988505
376.389854463 612.94961986
543.043575794 640.578451623
476.363833107 417.016506888
518.137646991 616.074997879
483.387143143 654.782306476
489.696722515 392.58547246
560.037345219 681.37505311
465.911707292 491.575126183
512.473675988 558.051915017
468.712466434 584.263670014
434.396384079 590.549003248
313.268070249 304.090147712
351.97594414 219.256861467
653.977885481 125.842004649
584.420786242 678.057768457
362.349990986 326.651933937
570.674710044 141.519850665
603.126394327 114.868539808
456.207790257 466.187650317
