638.690987831 505.293516007
666.591170978 446.682797311
638.540582116 464.780868512
735.671688282 318.10791104
722.513646067 671.56486067
620.287267124 654.012226619
697.380783603 561.102250087
562.405951236 246.23742587
580.547738853 294.763604728
683.504221438 294.957730898
746.219259182 671.944376221
770.661146919 603.667364079
678.003221335 644.239569231
698.982227845 99.878402517
638.652673135 271.361760894
679.090707961 678.439039113
714.869154988 333.263368623
640.654527324 694.872807232
723.538419021 550.109974131
781.115990701 361.126138417
643.646769184 320.173272701
740.667284818 407.599913525
759.974594311 427.028452917
595.178242343 228.735759038
604.271125285 319.147993826
702.772585408 174.351886225
729.986353066 150.850361711
715.388329509 276.3389118
713.248600948 639.242868517
693.417293155 110.687829075
722.920127435 196.898885429
633.721796789 679.473179917
600.43421025 268.342405232
605.383360425 480.339172538
693.038247878 225.165992058
776.627444928 392.098788799
690.325021147 328.76421185
674.659572263 569.732593467
633.32655306 283.363646733
696.563467691 158.758499595
688.627601811 701.645303475
728.238594747 230.307118465
732.665073433 694.092215845
715.888681131 212.264501676
763.116961296 315.715998182
699.746731318 511.292801164
715.2519727 402.252699447
383.662546843 311.465906215
613.181432108 245.486372486
576.828322329 344.765338382
615.599104117 344.216154414
712.78694372 470.836910685
648.357384212 621.040316443
640.878604945 567.770793904
655.69293461 706.051165498
600.258535902 377.4171959
674.190105174 598.732079056
721.044738851 126.793270213
643.759292773 230.652997298
744.632503174 578.068695785
709.879585002 690.152846153
757.169078654 542.952420339
661.186401317 408.735759908
753.504892983 124.900014995
777.035072856 647.253421478
706.872929656 660.13144523
723.447120701 704.391830363
704.41022736 623.227115261
728.212053241 510.908435476
696.189456739 186.725369507
690.086635993 199.844392938
601.202349741 435.932611186
709.055378979 134.469126846
671.440582009 533.093936167
569.678665661 390.682612089
706.848517307 711.450433734
675.111458771 253.114846591
747.32130756 99.3338571725
553.261926728 303.378213347
722.44689518 98.5587600813
742.501422055 170.602916638
733.632788777 110.517844698
723.542225764 367.258954855
762.199167605 364.14148816
761.789409458 699.768545563
538.080172831 273.094123584
687.664967231 410.829035424
699.173061467 685.383975419
704.812339512 428.195462008
749.37852299 606.100020602
674.187555126 483.585745623
750.30004597 379.532441618
721.046986889 593.56910369
138.000460305 270.76788185
741.391448521 627.743112852
568.538260481 266.739486642
752.933554913 204.187874111
659.252463809 658.711359795
709.064989814 591.058911979
739.654217993 286.99678885
