123.985011027 587.3945961
374.427040255 178.668565413
101.625440384 205.563928528
242.334585126 145.291041838
327.39538315 143.983826865
279.22653016 168.609458682
643.849126458 165.115233942
504.017283365 137.242095761
171.425056879 164.336769117
77.0034433192 156.186940687
143.580090047 167.325567562
109.880133266 168.384008228
361.366742679 163.939708771
70.309316539 189.748363267
85.6864382015 153.812475435
140.208278192 123.1651191
138.918940574 145.48024295
118.786868983 122.078865928
562.98103695 240.761211245
106.841503342 532.783587316
609.659531287 157.084054828
82.5476904662 189.649951349
681.797460797 165.098610344
94.2838675622 134.451446488
91.2206610824 222.485704149
56.2754414795 153.086452431
665.07508074 176.52292365
106.252933747 552.931656865
548.772146683 157.812437878
539.387592395 141.873703241
533.899915092 178.972951546
200.995156196 156.840664501
650.051218413 185.236584905
130.699981812 189.192339412
351.840013754 420.183149291
130.38226255 609.208642976
176.881053783 101.429989695
92.7313888779 604.87864873
685.345566376 186.477128589
508.848216874 193.162244116
115.74210737 273.438876549
698.727127551 223.835670095
273.663936374 132.116949665
205.1456556 174.857355092
381.470692614 150.088866838
128.728231657 291.824375258
106.167666897 147.664330212
638.891265116 213.5845074
95.1133429715 190.02591041
157.284716497 183.908208416
314.908005629 125.593860354
697.065512315 176.893384437
579.518887819 181.060826113
153.732025737 112.38388842
243.905906219 164.889869105
236.643771834 133.189597677
83.8883986111 172.286272391
337.865613089 187.473288088
129.86754403 164.346130263
425.488959434 142.524284836
94.6173154255 169.137436636
155.306956835 558.027982625
552.543942587 203.320434497
623.164450361 189.311399387
70.3689994237 139.976454006
121.515850589 563.584018399
460.470808158 141.434598758
188.70039738 559.117033442
438.193465008 178.372972807
147.342992851 585.471079807
114.685237227 162.309049929
220.712932488 122.086577544
699.652666366 203.41673178
41.8195107147 166.14605957
280.817860113 158.453254068
209.465160464 194.564315115
95.3627274334 114.139260842
663.222174314 204.089611261
708.116296175 184.698792802
355.686087143 134.391816902
657.188930216 253.294640724
195.270062568 145.87393507
498.842737225 159.299621449
192.921579254 125.903489058
253.007903847 114.186865354
165.371065172 133.969220631
76.4037262424 131.298699883
84.6812074539 567.961190357
61.0037917411 175.540978021
204.390654923 111.636885362
87.9127705733 282.045345308
99.5459933942 581.954094055
114.15054958 189.344294514
469.957338385 170.694914415
146.95886238 204.246120835
86.8436216806 300.322691869
680.934161254 213.274125236
153.68583621 158.561176697
123.482841491 207.386361982
123.852603343 105.349858247
