481.162774236 556.343776381
402.373260487 728.313314248
171.049998849 776.022076644
251.874248259 692.846127155
337.649896968 698.645935834
237.159033948 663.994717969
220.918792013 214.843612764
708.631609902 710.938374711
560.981732418 452.821222584
372.012454917 747.144972888
506.672008636 726.699907517
355.281666836 664.559915299
410.445080164 567.910779992
380.543269571 724.01160524
215.760091126 106.1923412
356.644736172 711.64400686
394.702117242 751.614795904
495.768241075 705.586884541
120.876909265 788.147348276
118.637494151 768.017190494
363.959283516 689.814369707
471.466017374 703.621455735
227.160650564 126.36116848
214.142172442 170.246311657
353.524835462 518.858754928
287.310896744 663.66937674
190.806040789 675.674546593
505.104506059 496.681455483
249.331006155 100.587529687
349.710338312 503.508540901
226.41788429 149.169590079
700.247840347 735.910996606
122.501552379 715.086801635
96.1729932323 772.249341973
409.037524967 537.172448498
99.3839938718 732.993831715
427.222353214 747.428786626
255.906045642 218.950182484
199.747098287 746.513134017
327.641320632 665.222554442
216.8460027 685.404725862
379.848424179 583.560405655
238.500368697 179.718054017
283.48868228 726.094202075
148.413272873 763.049700518
682.44215944 731.879554595
529.609891946 417.305574629
219.164619041 195.142477827
499.961071852 755.10627965
191.696683952 719.778555553
370.330771893 541.222998122
328.811253773 702.327461855
163.892644404 720.660992674
218.649266332 768.79823639
260.129027186 194.339193418
381.520704832 677.559874601
452.83973268 752.70213512
147.639438082 790.562986961
245.446314343 137.48500291
357.010872129 684.31760185
492.404959735 475.959816902
442.954819987 710.717661796
470.516749442 537.136228389
331.833502102 530.99736235
214.424373086 794.355896499
325.991136967 648.491664404
276.473676284 131.795157148
281.380518503 746.738180012
164.69023237 747.802329151
458.272628359 679.642170147
539.964439496 479.399267811
337.620181698 713.979548587
491.914825639 409.342766096
330.796683976 691.171750003
236.465796362 725.110371977
326.079744684 679.928750703
130.515267956 787.941029565
270.023367505 563.238657533
671.081149195 697.172392681
692.673387819 691.640135662
697.035816264 713.21870832
479.114519429 749.899224101
486.162966303 446.469180666
205.936007064 653.134758184
457.006795808 576.562808776
141.094566148 732.968198017
322.022322503 578.884621971
367.813422341 699.151114943
344.27847539 680.08516728
237.660647561 635.215167042
258.557939255 159.737940698
119.44618136 749.531162827
531.232478903 458.030330947
480.100415209 727.609269621
465.77556116 722.067661423
687.842239293 672.960929038
320.796080107 616.277838398
670.103485779 712.049608302
514.372081003 438.321730663
252.794500415 744.415967922
