670.662324498 170.492719689
565.144530413 523.715420116
238.171545654 170.916045496
572.402724814 700.581220394
630.130594618 106.316510022
633.067090695 351.519582431
278.099887907 448.848273345
701.167147447 179.438640102
599.260000195 43.3496704078
583.642881751 399.586706927
606.540673626 156.426836287
651.90143859 91.4259775438
642.120091845 247.276710767
227.456037868 63.5889049085
205.769221681 76.2351245231
545.802146803 685.593434882
226.039934984 114.730268068
581.405374047 27.3728945934
580.027831585 618.90549854
578.823562178 77.6781296633
205.608888626 140.542834503
647.613468891 49.3583355274
236.138451396 87.3812440688
301.401572669 479.18757854
626.763453439 74.471886023
660.674316455 252.156211887
175.627147328 73.547176754
669.69558565 132.212389416
516.262214847 33.0973082082
436.881722353 551.75274443
300.686925212 433.04203692
665.442119618 199.277153643
636.102096294 374.214370793
628.486173681 144.567952726
559.923622 678.656290155
584.595633862 699.606628033
563.290528395 410.900346308
687.963877314 201.214951631
646.68783573 173.595149804
611.659737572 59.0728890872
444.11805088 531.496402523
589.008669143 60.5157828012
607.465483756 107.917277171
617.859741793 87.0106467086
639.651920325 114.824678593
672.530310349 214.886847566
529.636916471 621.372359295
555.593022935 698.647394564
687.623711189 256.707226888
577.947647736 376.881060123
631.670293209 91.556189767
545.332670252 642.644867404
527.03322705 669.835621246
199.372162674 103.668673223
388.686255311 167.88838268
687.267178949 158.804532337
609.204649099 346.511664704
588.022066112 653.184172448
487.673048399 41.1547845906
639.721193654 206.849905549
676.173744871 275.872484014
706.678236382 204.641011585
612.015081512 381.298725333
565.898077428 52.0883987269
320.242959985 446.132872424
651.008462358 275.658244608
277.798255726 471.289020694
590.819314314 376.017939958
557.951799266 556.562249159
546.051834196 18.254680768
554.508540545 36.4898718636
177.427313059 111.524258593
463.48409974 52.5204288749
588.159109875 683.648484099
526.011625368 533.896019735
532.18136843 54.3893653502
561.361868023 590.253294427
300.667340757 454.46866443
635.568259282 75.4058035507
665.157393493 85.2553771597
669.630670324 95.3809801053
494.403140351 62.786003851
535.195493786 570.641899457
324.621970555 468.451485759
641.91108796 133.503041625
233.128808536 135.946192778
657.617994592 111.424422926
514.321228336 640.840547286
192.35400855 55.4282438224
681.86453 230.392045373
557.973887534 85.2160067551
568.727552201 664.430148906
652.530564801 228.212564926
628.962714346 55.8568358634
567.415800907 449.130372255
652.50954687 65.852080712
592.087887621 85.1807464813
706.247555549 227.947167659
161.489019528 86.5785265678
537.199223518 606.750351432
