702.092429145 442.047068481
665.591572103 540.228897956
724.225022516 454.39276857
742.725498429 444.222345845
702.380442017 571.877331347
701.022211949 461.226588554
745.732992841 545.785451465
240.063252792 428.307584549
707.573025572 382.063556551
710.182218258 493.752606572
744.706698906 565.834897978
634.27249022 500.616112699
266.54220716 433.101297388
714.946599602 324.721019568
674.288599203 99.7650703233
642.067462382 661.126012833
766.484987323 480.666637549
630.494006744 519.914477249
768.845808356 544.602659344
728.717099897 500.288373359
751.739647091 480.375404019
722.660840838 483.058737647
686.242806607 509.31214086
681.81045066 182.707879723
736.155843978 465.792548763
644.057297234 308.616290956
641.203495574 247.750604821
703.124909155 168.628699095
755.112984851 643.923323114
679.008440495 269.283586701
680.386756879 149.320060525
597.50547939 477.098040787
199.437272635 380.242126796
658.899826825 450.564181193
687.424398555 438.442769357
718.096831931 511.875885341
745.713128116 423.389423134
619.065851911 566.158304245
662.142340656 134.250006692
670.077103272 315.859258718
665.189019063 679.238070023
696.677305989 245.480799483
730.879429758 662.530100113
738.718838311 337.332168515
745.539063535 502.409228384
657.743793372 618.298273557
676.431594013 116.122489099
694.971400133 128.020961103
656.367639226 99.0430490227
774.672284474 379.678096856
780.464434631 358.991635782
686.901297899 531.385638773
665.894183046 645.548984476
258.662153759 448.515848775
205.669324043 407.137621259
703.728690463 285.447638591
666.356186387 564.614026585
699.0008579 305.014096988
642.991036515 114.395126118
645.082217782 586.425450973
694.993651064 668.105183362
617.597464193 497.279435922
706.178071519 149.716712479
642.02495553 270.679940638
691.057621155 598.642828484
584.560606425 513.693742398
716.362971912 686.568223501
634.148749925 537.911941437
607.442808255 571.33645977
685.729771775 334.51018423
725.498895655 351.422963746
754.578832157 364.047762865
717.660589222 412.303724929
769.147283022 355.834234583
749.749641073 340.193622391
694.073031893 627.92462308
734.007739878 365.839195442
664.632677789 289.441280538
161.488690321 399.594029363
671.599918699 243.92629785
645.553928505 151.575195592
665.192613863 173.279631149
676.686944648 480.162732682
756.794042809 508.284993428
730.705618633 566.787566122
179.51870966 409.786403522
782.68528759 335.589249054
710.375943578 454.425691155
664.290502136 507.913062026
585.0530911 584.92737858
610.65862065 507.463993346
768.353433253 318.897005583
635.188433618 627.994280507
670.039487679 428.873487385
741.270350542 631.73720779
179.203957361 380.214635698
662.311874675 206.289578071
717.423610649 650.363327572
724.603916767 622.150367401
782.1034338 506.403839704
