286.094992659 689.512687817
194.279690091 283.369709163
128.504831553 39.8306004607
156.359198795 303.837374349
265.797809763 158.337994293
151.705563593 343.910087146
581.069399877 41.9750898742
290.957032387 180.236927419
317.889983122 345.516080442
175.821871727 106.577209924
247.152030006 562.421190339
186.553382102 126.816027163
256.512540123 182.491354981
96.3927373241 22.8920970656
200.817173958 104.482172099
271.088292862 129.40270578
165.344882467 389.276224518
254.448215791 142.086956436
229.042139592 300.997518447
269.085045972 556.516230079
365.952092155 110.211945304
123.11160414 21.3993845578
606.058966203 15.2021034934
209.970351197 74.2352862564
104.594484508 41.4309048492
175.136856331 89.280346118
385.745626222 104.779205101
266.868871569 591.679804266
333.165184359 148.973790489
576.580422246 20.0187559303
186.377711087 320.968432674
185.875890175 360.338189039
377.39827452 129.46835197
224.881494577 161.584638189
304.505177794 696.103632124
287.887830576 712.067159793
297.771935442 98.0226237952
260.488196943 706.088063795
599.32075509 70.1186342927
365.708050466 315.966490505
99.8384151835 70.8743032778
435.03971237 196.798017778
322.253484495 127.782145116
216.532910688 370.197903383
334.736323095 123.50428846
118.058899628 62.7159281691
225.302057407 97.157352456
342.358415189 507.159071071
145.911691578 47.4297740755
245.546368775 162.145018404
339.797306696 90.5810463553
604.229684939 37.6587737366
323.209330766 168.666889137
282.173704428 109.805397985
220.561192792 335.052806229
301.640150733 167.689055157
140.147878112 28.0541317186
257.978046947 280.305396577
237.659038055 107.153874694
216.153960094 226.017384059
150.310269469 103.202344674
308.542185325 514.511667018
323.366164297 537.468017847
411.122350202 210.333389112
196.789722266 91.5865330357
285.862113743 651.042263109
368.314101873 90.5043294824
302.638398669 559.352109467
249.920430131 312.702986098
302.45160845 665.58422378
211.920368642 112.163208736
311.688978232 112.598178355
536.557954583 331.397127261
143.8635095 81.8165623094
219.932407957 183.500696859
286.21724867 535.598191666
248.536156517 117.348969113
338.20543362 291.510839914
618.059760114 55.2951449617
345.242614309 101.626560881
301.181736823 627.117647755
131.324433424 369.310543611
211.778002929 252.659988293
287.273672186 138.870757261
316.245647022 97.6226884412
287.804947209 152.481010249
183.062920331 67.0810926176
248.665054864 650.734034
108.729142055 32.8491881722
293.241334683 119.012682045
84.2222537597 43.5819964605
264.022222713 677.415418985
199.603384732 136.942251663
239.090665476 243.702546704
225.518547634 139.163567306
99.8502595584 56.6247226766
412.873381684 112.409171019
198.786113914 396.52419258
179.885224717 157.038644962
253.895224394 99.0746011059
