145.907060688 99.5814058094
81.1494436158 97.4693604645
239.405393617 174.640450876
385.177296599 554.621069767
115.889865798 606.351011271
100.505711197 575.209633561
177.563167855 377.343829646
60.9367769744 217.105369652
331.803125403 600.228706379
107.735828273 563.055413326
405.372583034 304.923954168
473.949614659 645.144153064
87.4711106528 575.71742844
200.079408362 171.466394122
172.573327256 432.778994286
214.003880333 571.642162716
410.280837322 590.1271665
145.502515579 586.210670031
133.813971543 580.407230698
154.453707713 346.023754009
68.7355602759 127.350948559
440.802537339 590.890502455
150.357829536 558.384267524
78.6404234064 141.721251382
70.259696436 195.169930926
88.4381399329 247.744282571
99.8120937437 558.961608959
115.406368558 236.884684864
54.1629513131 90.7828139794
317.16279403 571.346860549
237.692945923 588.695182538
100.164760201 598.208774389
89.2458311677 205.107600876
51.0637777134 179.251341097
95.8494504941 132.049429283
140.974908813 128.24488176
93.4828759826 220.384889532
192.277598072 565.51135353
191.711406451 114.640222445
184.426980344 348.971234663
177.842104234 571.313733675
121.025587302 571.324825772
425.839305543 561.276428982
86.5969521889 175.606451882
243.677739931 636.313102113
100.315809444 619.887394302
222.134105638 606.595243351
162.185431275 576.244143898
233.580031445 466.968182422
106.137588474 198.708190509
213.556589591 234.801007947
238.774275854 619.752348412
349.249152889 574.659520083
375.546909602 597.561621894
132.214503625 605.479383131
206.079064513 611.185958452
95.8802137876 119.723724624
166.200656084 183.862359847
210.265338212 327.572943169
413.768125246 628.576797203
231.168545715 446.39754533
448.719341656 638.372048911
37.8709977004 120.509286921
117.248215491 554.576321612
167.471864509 598.255519831
197.849214257 368.820272459
442.651919202 623.595260838
136.912455134 567.140835275
176.788020042 612.198394423
215.694372672 208.091531787
220.637309738 114.345482011
288.160287454 560.539405523
205.994337556 140.008868339
243.193609113 325.696018604
469.256596036 617.750062413
112.62490163 588.432930401
163.442584558 141.334028636
101.052069361 149.136542605
92.2721191537 102.132013327
153.330386318 377.779072099
181.384919154 97.7433212267
56.5219046424 100.69019859
503.045429734 691.853012991
201.062838885 593.492331545
187.487898204 611.106726778
297.469904714 423.498836254
65.3914433379 110.693347625
516.768317869 681.871315282
293.555285089 606.195355149
235.291115828 300.041544109
255.97222364 611.086257433
365.891576068 522.780200867
87.6621479818 607.646388727
127.186374421 369.019369728
52.5866585425 154.358684437
131.738695444 407.449275163
116.142345464 107.782872801
73.2648035777 587.183296104
340.656952248 550.086264771
270.188201471 633.17572363
