642.724796016 295.802541836
680.450375439 406.292452483
657.84344051 310.972489974
673.951725515 302.768173158
710.178593998 437.079732703
620.822359264 326.150626846
704.224356628 402.509124182
209.18393427 271.706353904
600.952337538 273.56602487
640.856788465 351.874133626
730.61490914 433.054409832
642.633459295 365.214804701
234.682903278 281.380959298
636.799864341 218.224388733
754.907389659 76.8292691959
682.101469181 680.392006926
699.630952237 342.184860932
644.477091987 389.194030097
725.76112488 407.122814032
671.704041122 353.913785347
683.147518858 339.064891437
652.202265974 340.954165475
659.023111724 368.683812125
743.661394156 141.203647067
666.002848452 324.11465475
602.500694772 244.438266643
662.476108001 162.931887411
759.829367907 131.967538398
725.74798576 690.212580835
668.626479051 173.728983669
747.322480535 115.273497177
603.693093666 348.760178963
172.913345124 222.63506961
591.01093624 319.397253719
614.520115258 299.571002559
669.694206887 365.830978653
677.168813886 280.553946456
699.077749273 474.091081265
731.994514001 102.282825417
620.696628638 233.933095997
688.77561435 710.235834047
698.334352352 157.626846791
733.834079567 707.726472154
646.927899305 208.302463967
681.856422113 358.085922406
702.841769126 610.888860612
749.794027678 91.5334383527
763.967999972 91.0176363929
728.726632409 85.4912843363
673.816041777 258.545487153
680.694195847 238.208482345
686.379156762 400.293496323
694.678768659 665.747333403
226.682750206 297.274981617
177.654297069 249.739144964
683.955279826 174.010469813
702.914752361 450.366751171
659.705466677 185.13250763
705.85621959 89.6969690303
722.966150175 520.946284795
705.360191209 704.389742903
616.836332619 363.217857535
755.573982313 106.432336013
632.046012895 185.433609974
740.454900946 547.548577582
609.019569886 380.950232882
709.748881473 721.256510452
670.229629327 414.671256727
690.367927017 506.893092943
620.123012668 243.958539832
630.748525296 226.947338087
640.479989655 254.329473495
637.083659276 274.744690344
657.567162353 241.856324996
656.967356946 211.482824576
706.131862256 641.024392289
616.126289757 260.755933886
629.506234922 200.749991487
137.144445909 241.555761007
675.793797932 148.063665457
703.328053558 111.525265551
712.626361715 126.865024674
620.963448295 343.215944806
692.660756694 367.965154953
718.94865346 452.47995513
152.105078531 252.209304476
684.617541638 211.202042997
633.992737497 317.712179984
658.466149375 378.429614505
663.292374404 530.099540623
624.892639308 380.668472425
669.958689824 193.310967218
676.704696172 643.191360669
591.793891286 297.349037385
725.50660847 670.699518038
154.424491868 222.267696833
687.506727322 131.112043069
702.454768207 682.370387842
717.551541673 649.47842245
711.050269397 370.572314395
