635.95131186 363.509311175
635.607668527 66.1847916304
598.480325693 315.591849334
626.662346156 638.108069896
521.753727923 199.199901043
480.327714872 342.959335214
650.461373468 208.634082027
646.185605704 190.201432018
564.77646315 697.030772337
615.204878871 400.831969511
568.354080038 666.015660494
425.232712558 92.7569051431
663.072870072 343.233927786
484.494098652 269.348445135
638.542013643 321.382153755
416.225579158 141.738063325
507.499553197 300.635452398
603.968276983 157.881756288
591.720383717 53.0097844762
576.479863881 463.783630788
595.42188902 35.4324468773
582.710553367 216.549598461
621.945562122 296.076300438
537.934012083 351.615416585
592.210962614 83.6114265249
606.971854691 59.2469688404
583.195030744 250.843688821
624.270065497 164.949934307
593.497079632 476.943675166
410.931830368 105.751428616
530.780954073 143.663722869
622.075122571 688.467231791
594.498010899 428.703181375
491.911157315 278.167633196
548.346013808 681.083776894
632.331640422 94.9113314778
543.809915026 315.562837912
577.716325294 681.185556467
579.471378343 623.950556233
234.248343135 348.20134621
617.546958672 229.301837969
658.374982515 78.5408385415
620.674077864 194.385173621
605.371860655 100.952374874
662.919702083 45.3840179833
560.219161627 643.40820582
572.930613234 326.703049678
551.700185315 350.566201148
589.525696533 651.549099457
598.009354855 619.095312372
635.160122654 85.7381197058
593.666482312 73.5131884576
510.070970634 266.155421799
649.773648621 373.801836061
628.039446482 337.708910864
672.47426914 357.359047745
513.914435696 366.486970534
529.776913012 277.968641917
599.074425312 292.704863783
614.74529646 33.1094921209
601.782345592 646.914450429
587.592661667 353.70438719
606.859024342 446.97880836
604.677232116 92.290067178
472.586283232 104.074446091
392.682360331 118.993203987
615.929974786 243.912241061
446.541499219 66.0437029477
570.240986781 141.25055316
513.960148034 322.32416219
582.936469421 699.027111801
532.86176578 620.564040568
551.755316782 183.328105692
608.343418778 79.0943543577
649.465299741 385.520644122
603.79961841 691.950757848
443.217504734 84.6102068887
537.111441516 372.401516412
579.702487826 332.564145262
496.581767089 133.444976541
620.753341333 208.497510658
499.139656554 230.689784501
548.942162839 231.715567768
569.032134156 601.515461675
612.702802606 372.97461629
591.54829342 668.035863492
401.950336345 74.2081040393
641.970023439 58.3062872934
587.339127383 110.81164875
516.107574774 237.462988758
614.182808378 663.991789113
414.563857004 51.7961923085
583.162403068 175.092629211
432.215326088 108.14099744
569.319483857 41.1575719802
568.408486828 274.613344226
641.611633056 28.1517541856
550.458824919 249.139981388
559.314941964 207.338037716
617.34428937 49.9906890867
