126.073165802 205.050432497
92.6234274747 427.373614755
449.37232462 588.846876472
27.5531912712 676.269914385
319.740597176 537.599619739
16.6575112075 637.190821769
67.9524461264 251.577288553
177.686465575 151.590438541
124.60501498 137.142653994
457.632496053 628.159849978
104.05636929 463.797299411
139.28271229 243.610620769
15.4113672677 657.646776251
377.06340465 471.132512218
63.530135647 193.703020196
375.583857706 598.255161237
406.329250705 527.401024684
105.786842675 118.439854859
85.4887712703 544.165394744
262.675844825 468.500436008
90.7887640865 461.226730076
120.352827917 100.327305447
258.240191061 388.044009637
51.8099096355 225.008415794
199.603533524 409.140477169
12.9187019234 690.783660861
70.650501038 419.843837492
127.585537702 174.102958651
89.4636089693 109.518268447
64.4155078255 487.188479756
82.7374068041 220.685974325
254.415207394 428.764564393
36.9125157352 690.467693301
107.350166763 538.2180029
59.9375872855 448.319524251
24.6948008184 702.535954397
91.4578065303 488.447805241
190.36244033 322.805806411
109.535012885 490.42377063
102.485645807 219.874145663
42.7968315973 481.358539696
337.108966315 494.049752103
37.4817876345 191.837578891
406.644310572 558.963626358
362.466972966 534.817254701
289.815816393 454.061383396
71.0751833024 513.896725707
80.701846763 448.394217094
41.5453801088 707.598088886
95.8215300164 512.129709486
218.427143053 351.278208935
45.3025316907 637.84206295
50.3260766794 619.693221839
433.371889954 574.83960345
100.985073816 159.17377193
145.243578889 153.789965443
441.92661237 551.947673074
69.5250170967 640.634865711
67.4656829717 136.823913887
56.2995829336 697.433057709
13.8973373856 676.67258948
195.428349403 171.471279118
28.9051991831 626.994949535
154.687528455 330.755985443
274.013390501 507.657594935
17.511404733 707.253188423
58.5619994806 102.417672264
70.5070293917 672.052796759
79.7820165644 531.967064978
87.3247043709 97.6574189924
86.567745381 135.733228065
343.099020764 576.429408378
99.2757749469 245.691022057
55.9013646792 681.320956857
78.5721792427 490.455393236
76.9177919381 180.766700426
56.1838528115 654.957900349
149.287125797 372.324323914
156.476803805 117.929001638
126.858655649 111.389447621
162.560247492 239.253529093
225.725835609 459.276451167
57.6311763552 509.703529066
76.3670610835 398.496615548
45.3506259815 151.235853248
104.874152098 527.034673237
178.205835377 366.408416588
408.718539289 598.232064365
373.169418984 572.182230541
213.530566577 388.671194497
33.7765990522 115.338317706
38.2623137566 659.442270417
30.2020864547 656.388837683
142.037346512 202.196668729
208.320989586 194.681193724
140.889866031 101.937173566
97.0940792817 411.708804575
162.524141407 194.605502818
65.3423960535 480.778395488
84.18223383 509.21957772
