738.620535928 545.418680542
702.779977995 518.60271499
697.907568116 576.865605549
747.784280845 642.660648173
101.383292249 534.645717594
573.837023437 641.450490596
557.209196764 646.224700157
736.389595605 462.035497411
191.901435734 578.04283912
161.156165551 555.767396263
592.309844694 692.946058278
653.665353418 585.911707446
166.247470116 588.375508545
670.028642139 676.171729979
121.76042033 540.332386008
564.460729811 660.66733058
679.807463692 590.161054185
139.690914886 521.818127087
617.310629174 602.305888579
550.570084052 219.920897714
634.326536795 540.393768033
714.257800911 572.790575688
688.404560961 597.350180293
722.95622041 660.699684469
763.726285705 494.75168071
507.752903517 660.029002791
646.072145003 182.054077666
660.008683279 531.800666697
737.016963242 583.097696452
392.82536 699.659410259
620.099952493 575.841259065
741.028094899 663.231037579
711.003930263 646.7182874
607.527626643 674.161569627
723.643725883 615.090150856
693.272674879 646.273235425
729.720246928 482.276648638
341.696663477 687.429597338
609.561957521 649.825573482
747.917892224 607.244528738
420.761371889 100.37411858
585.299465589 603.836933219
419.925985092 694.77374218
625.423080988 637.113102588
757.529192473 438.544323435
711.790144221 684.32547133
206.549282546 621.059864405
717.242655234 597.278781722
706.165831901 667.101503607
736.614479209 624.528899747
365.509685145 676.027548228
403.93121073 662.232322277
392.330817725 676.039471878
140.598954345 591.678014885
666.177152038 622.849745463
141.125543234 561.861150948
580.459781406 682.389014401
726.351836206 549.708872077
669.150078058 652.234673692
709.255217082 460.628929159
691.831398577 614.142639068
529.551970316 677.236593316
736.848043754 598.082130349
701.280181678 526.719636012
765.19951693 469.830433768
528.431660686 655.915828606
719.429235311 522.439799528
404.490809586 641.110227787
455.63984196 648.803752897
564.85657041 623.810461436
566.25811243 672.184952322
608.179971169 626.255511718
734.549930918 495.969971342
581.293157342 652.681286203
348.382368953 647.879670973
712.605790098 622.392237138
102.923590884 584.456348387
728.77703392 564.888201929
692.350381044 567.179527189
273.727468043 243.867546666
657.85137187 567.759755493
651.989525995 604.546397465
381.266249333 662.495367386
133.17916879 261.714041355
122.260175784 578.618771483
751.981639802 625.647660949
646.797356664 621.189880636
434.999672866 665.864158139
679.657812979 631.068825073
379.236349927 707.73364393
707.494805015 598.947892489
376.900525885 638.167405221
654.847887187 651.472351921
227.889023658 634.956960969
492.631951476 627.905325406
597.737709407 637.892902855
733.740244883 438.930409314
601.454975117 661.801885024
120.932324085 557.064447077
100.18668476 554.511563573
