175.788024838 98.1620376733
110.646532594 92.0122348452
268.338246929 182.446029949
393.303503665 525.789661774
115.663562826 576.352629223
99.1875387611 545.254370311
206.390027883 369.082361167
90.6396339956 213.102359846
341.354853287 571.811627152
104.219003241 533.318651842
402.556820153 306.144946198
475.661879128 615.198041513
85.770605983 545.784333311
228.773995439 180.179169834
193.468347229 426.948063666
210.705516438 541.82555686
416.546272889 560.792733968
143.893744834 556.264733964
128.91256117 550.811745869
182.871271239 336.418376213
98.5026110247 123.634005338
442.117084513 560.929765323
146.272063416 528.666126052
107.880065248 135.082956713
97.9111794395 191.807999536
117.792257813 249.380828514
98.5484743095 528.990800188
145.397168855 237.320796398
84.1496363211 90.3334228482
325.924849818 542.656610588
236.411812573 558.76872178
100.312436885 568.215252045
119.213504928 204.233996593
79.1420449541 173.303932732
125.383977588 126.923308763
170.970733921 128.044721205
123.460728633 220.497384211
186.983981063 536.009613071
221.328677204 119.154716466
213.282704608 340.78321928
171.504949001 542.039899388
120.383023536 541.383498976
432.483746758 532.032226267
116.361928926 172.089615547
244.191434726 606.320845147
100.737431606 589.896514222
220.629705623 576.65949571
156.362921486 546.84688498
242.244915525 463.451464866
136.108154072 197.38798923
229.368372989 241.84472512
239.085743687 589.756546287
356.785955317 545.621740017
383.686017555 568.706676006
131.886549861 575.485487558
202.991442505 581.36086723
125.197440039 113.361746654
191.191547491 191.707798584
238.572455227 317.654369181
418.820655048 599.006777201
237.886268812 442.700083622
451.149401185 608.477465907
67.3763968516 115.098653718
113.450675569 527.578219974
163.951009328 568.464068636
226.696301917 360.602435744
445.325867424 593.717206331
131.584901368 537.635301054
172.585706888 582.499026898
242.082016526 217.704337891
250.377970619 118.177149613
294.70639016 531.840553432
235.386340076 145.973441075
269.386435537 316.471513618
471.432393884 587.836366229
110.932584594 558.480844147
192.643876529 148.195485183
130.489216259 143.429739778
122.221175313 100.616457277
182.383412373 370.356020041
211.236862219 94.8497185628
86.519876067 100.713932171
502.238765902 690.743935958
197.146434585 563.787000398
182.231282293 581.650389998
300.853433652 424.122515975
95.0420263571 106.368400245
515.269892277 681.526012255
300.987280717 577.135345051
262.470445794 288.55133339
255.796700383 581.125055104
373.349846699 493.731133557
86.0236865017 577.695375196
156.181283889 361.383660026
81.6659610219 147.065132311
160.243941728 399.29594633
145.869383291 103.758808685
71.9310594891 557.216316294
348.010304185 521.011970784
270.181540431 603.18372453
