448.858108776 212.119542455
485.650592528 261.504475991
322.545157885 698.429262899
433.186247708 356.317831172
283.457548248 163.441290267
131.954060374 185.59055725
494.483149492 129.290388167
425.819215115 239.10413794
414.54818671 184.329374681
388.456471876 646.93404145
294.318298491 206.518300234
375.862397243 142.025573084
105.336736904 183.981298603
272.682716717 218.744323926
110.533057801 211.12465011
397.009546121 544.4468707
358.995134561 627.422613835
244.805809008 148.213241422
472.083728647 296.858922478
310.059335467 208.102320568
336.107877929 684.835291738
527.040124987 190.253124774
150.940091904 235.142548483
488.465353882 168.136224025
290.737806108 135.170918651
135.272257183 223.207182449
125.24718224 173.705432562
453.159861635 181.656964393
372.682659453 181.325275174
344.512493728 699.178374839
533.291408202 105.272830835
371.384706736 217.125903557
390.338313746 270.300027425
284.707735087 191.636729405
392.402595734 504.64242636
432.175894454 378.259950504
376.094955948 699.324033762
431.299750903 222.587214065
400.165797213 212.660357402
367.543271216 121.217240389
360.342149068 683.417584026
223.837428579 170.402830336
431.252499305 178.968357205
257.185932241 147.10381271
229.831040976 140.840676987
381.480079829 228.965490085
167.166414762 210.719041834
363.684805821 446.51593268
171.756422105 184.363516876
373.490842605 673.753641119
298.273447765 144.81322519
389.556370667 385.07910093
365.370273966 573.250772894
340.29430534 607.551819372
235.943481305 196.788517454
483.328918257 223.272992502
343.837519806 552.160027509
402.568643082 299.242385992
335.390462384 186.194040361
336.562200377 231.384167484
350.188199607 511.246848095
430.777432147 257.049867236
371.780447375 513.033452018
457.708308199 225.781465865
532.168611428 126.403389522
357.814219623 536.300017561
290.74561215 173.945104847
314.356716031 570.689294056
468.624695761 285.178809515
269.037248151 154.609544933
391.463257936 184.414338619
328.568604904 659.140089755
305.693318017 170.391941272
405.102896673 383.996071351
404.066618319 269.286705643
257.576727275 189.488346291
450.907162751 281.761503419
503.167205929 132.321426408
348.460979702 144.017634398
415.788427188 160.758662296
371.731518044 163.566196259
366.896699184 251.019261295
442.460052688 270.196508359
246.170459833 175.018815084
413.685472894 212.100739049
349.232115106 655.272344433
320.971049052 150.466208993
380.564398365 526.035641568
291.784022326 238.259783581
390.000979227 253.074617601
152.251172374 181.052078317
393.692755588 360.443148301
143.9551253 206.716780443
384.972216118 133.042259265
460.900588536 255.679927722
386.51554936 158.397712097
367.328978265 204.5752702
423.872603224 284.471695073
314.952151677 620.972633473
404.857638308 344.599313614
