509.452420454 165.216799263
502.143464069 347.264962061
535.500653351 168.370381886
575.270206165 153.505503014
540.818841561 355.597973966
459.433189232 227.787539503
538.794528191 315.758605913
159.928826358 90.9058953597
443.58789643 169.504727887
482.975964182 249.615640031
558.304098017 357.703515713
470.195350075 291.0600555
193.462773176 100.158755499
491.985687102 118.698408341
567.719864596 76.0313220826
494.400726725 663.884317928
600.422837902 181.526936351
463.887895453 335.692182116
555.23016227 326.592522766
544.711292176 213.157881522
572.570022763 184.923002511
502.766634739 225.255941928
496.924066885 272.752368044
559.654171231 122.843195107
549.828006424 175.208355471
450.457034625 136.017503355
501.559443123 94.5363679934
592.785934713 130.551902445
539.529041178 663.436245147
517.304093448 106.714784223
561.18060868 112.642060992
423.946181668 289.956670747
112.205413559 53.8828759104
417.260439476 244.30295876
461.736858887 188.8512421
518.856170785 252.010972895
591.148339209 145.380101805
527.507384278 400.784891397
545.98386011 89.1325184205
475.148976716 126.773445747
500.235878279 691.358346644
539.219500656 106.631084585
546.979781102 676.597473445
500.573620831 119.56555696
576.37201706 200.182950284
517.859122645 595.787898588
562.872225752 100.735403991
581.577060325 100.680790135
542.069833907 69.2142105268
563.736216245 144.418781765
569.045822737 139.227787788
512.382226006 330.382066272
508.124051976 641.604836
181.000616436 115.302487556
120.198934281 75.6019758096
534.513269036 125.29001217
527.518916795 380.928737463
510.046708212 117.97147514
522.861671909 52.7104650663
601.718328537 497.235922375
517.911569463 677.23144595
440.731789222 297.16720867
588.038830862 112.567309139
485.580793804 85.6826280811
650.735684995 526.840239176
430.361270223 319.870521746
522.240216895 693.843537127
488.050027755 368.182796769
586.923555263 474.732857892
471.175571838 141.021382606
483.785420368 136.335575306
506.087117911 138.01484896
513.22534757 148.853093868
534.302691594 156.268603692
514.679538824 122.579922537
520.772131268 615.008476632
463.672390394 156.773382262
483.424285402 102.62384148
82.0320409515 71.7325138941
510.873896484 97.8857550518
522.754837028 75.7018116072
532.517200676 100.094452133
448.967725071 264.43917073
562.111008862 230.636018149
543.076691969 384.786821919
94.986522381 81.1612056749
547.270299105 133.254884664
492.142872018 192.501127152
485.794779905 303.684616299
574.360646254 494.966811478
445.337459013 320.657965039
526.678932479 144.586777937
491.461859041 620.761981653
425.73652105 205.986607674
540.177331299 642.449475316
92.3754343614 54.6726840517
514.445020853 90.8024612301
515.923432843 654.306474091
533.302060107 622.280707008
587.171344713 230.249941932
