88.7277066033 522.553992602
77.8438746775 470.987091886
497.015483151 138.879752357
697.083231353 190.037176893
71.5010305522 332.625988166
54.2565948878 129.438573198
242.57418265 169.596055033
89.1537629439 42.0728176917
159.715525815 323.47118381
144.832112282 215.819439557
62.4053367431 703.317937276
73.0962467851 71.6380982816
100.445671816 353.727884647
380.532194612 274.884687165
90.441628973 329.314014853
224.266759362 216.976652281
98.2803012099 130.02248714
129.686311531 198.712751261
62.340635152 65.7635980643
552.154846996 252.29499503
53.2099229242 30.1578628651
529.832855232 136.466939193
353.810126694 243.264757571
108.215670234 673.857433642
117.842403832 66.0794050871
203.836671489 152.129921594
613.963146257 146.752457364
66.6396202219 41.945132366
700.367358534 152.167010653
182.040887816 199.930095921
61.4734478372 46.1116672218
659.099121402 191.996527599
469.371339199 238.870175672
71.3247117551 683.54369605
509.363327951 173.449223795
376.721671396 254.202148065
93.6747837886 55.0345157498
163.016977328 349.658512746
47.8894025051 654.260141185
699.914835481 175.763573165
405.052653133 125.312274608
51.2427248801 66.8320932037
200.380296526 183.229656362
103.192647997 109.04880763
109.836712195 32.0296259792
104.450541172 712.971159613
165.954734196 370.304271322
515.34014269 157.511817751
443.469606356 301.084034605
673.503609011 181.357716776
157.829298093 180.612951655
159.010166562 160.84434705
168.838535709 170.537900144
122.797756363 370.594354145
271.201052708 442.676224834
124.88441516 336.181970817
44.2707628849 693.104648216
56.9493579025 520.756012897
83.574810611 703.501855907
82.8758017006 31.7345454291
467.549990702 172.484682185
213.216763659 199.457063327
647.052920263 165.830508018
59.5489567958 495.424962107
109.660564069 60.177668961
211.803202047 179.37364214
79.3479121226 510.545610686
138.04445631 152.069246309
160.860957694 149.091876369
52.2646279103 86.8790806478
185.259766353 339.615900683
67.4509800999 97.5543526474
104.525070036 69.1702215561
233.593331731 195.934137744
120.822756271 176.288827012
487.945341826 190.556319093
58.0699494923 381.463581317
675.900051208 153.896771389
104.844043179 92.1467144436
44.8449293774 14.9375868493
78.4857567031 59.2990523994
86.3199072033 82.6646793244
133.348370379 181.438567257
84.6567158216 157.844776728
92.5662869008 392.49687722
685.401404129 221.10343601
95.1721289587 91.0898443584
183.657006952 166.16967316
351.918094787 285.198571612
174.005408604 219.251373146
485.197204238 166.907553638
116.98197683 154.741978657
86.7236359836 671.654788942
154.044017826 202.991859167
125.271442144 137.34947477
82.4905434031 128.992548879
94.0157642765 14.0089598819
59.6576088993 671.54689895
44.1396862604 349.473518613
71.2070923268 364.592448789
