610.030520555 410.922564364
611.589605435 128.289244452
638.219070825 159.681592103
640.328552619 145.919834034
769.973559584 578.114231947
427.179850498 545.213868334
261.494848201 209.723213635
732.166238225 148.439939602
690.625417154 163.871266658
647.68137761 221.661640618
429.945105036 251.622063995
679.343477324 104.829678483
717.8485777 612.789043517
367.282081118 188.035813863
736.014599998 675.8962836
686.516186626 186.795935623
670.345156828 155.797857169
749.953950233 554.042450471
779.342945237 545.133934977
716.151787553 106.223319001
641.466852796 194.708696941
657.15520505 144.904603267
758.906084247 700.60939504
321.656714191 186.520892692
215.959389367 247.706238559
758.604781046 684.528111776
292.588873373 555.003223302
729.781287709 257.85359133
404.356102406 177.898246703
658.186865215 174.723758351
695.536418817 179.056513147
624.550884314 111.738912657
746.601607199 353.855286157
398.146383171 255.68417737
671.176049734 224.858524146
588.69147818 132.535187587
719.349391116 355.121465983
718.240349887 218.666233022
664.254396314 119.673693949
637.174054214 94.7740230854
421.552650047 469.668095293
747.64498145 599.565969585
592.664891103 408.759879462
227.72010548 218.735010238
724.21206433 544.4679627
692.621008786 103.481681322
762.168411271 661.034268905
217.408031568 269.201905551
726.205856142 579.659002372
711.304794578 320.525215601
398.327902268 208.598956982
266.320337932 227.642375019
732.275632181 326.495977764
646.017973813 141.792919578
784.358759667 699.635971297
373.594591924 266.570310832
621.133238729 154.546191685
693.373360658 224.067140642
735.182767222 86.9554713776
713.010797778 170.173334751
352.638798823 297.9865169
719.522860515 151.9958071
667.098493151 190.046007502
523.935377793 427.189850557
406.880594948 273.262573588
604.567811756 152.518227793
681.687246201 139.19321596
283.732631761 248.174473464
766.739564563 535.385038675
748.851319837 521.17772356
682.527631137 116.461021629
330.763238351 221.587011698
692.894089953 122.337868848
337.120032188 166.052198063
672.922857101 244.557517578
783.747917469 672.171859482
706.317031998 228.833757659
361.879727733 238.10006091
432.77236851 195.311710761
714.495461825 116.993136048
653.026200405 96.2386901627
722.429845621 99.4453172006
751.488750245 305.192091378
764.027668728 623.671558982
576.260488105 415.04545977
672.038514086 166.31342503
641.315229726 112.474140105
723.571844602 284.678521793
695.454791707 143.033904049
739.097522038 112.474625311
228.643947311 503.081094774
289.708475925 200.54943542
745.961497052 640.715260341
702.13000357 87.2623987957
245.210645765 235.720143424
683.15222827 90.8674910225
449.173452286 226.706412874
487.497265869 444.617454719
301.026346056 222.325602958
374.63488784 300.358545942
