407.532290952 572.224278987
311.017650257 713.754848666
370.016618696 577.576699313
397.121406276 536.86106411
291.250753234 747.865659668
354.706518786 343.237710456
389.497665347 306.74081166
369.036498669 297.982843002
433.841728625 545.319615167
313.190653342 776.389728242
353.567867525 695.392500831
264.945978786 709.680166643
359.468023611 665.598628444
330.201087709 723.968161046
511.130674011 652.352814807
291.916829051 786.966863304
339.1275483 751.20847104
397.833164865 665.373496208
209.343700956 722.873336269
289.199093801 667.91108072
277.206828436 737.493115994
403.381817657 641.602472276
531.318148812 666.376809566
486.503851417 672.241440669
211.787685516 767.797087334
269.663467933 773.261116818
357.399782698 190.329699545
374.746006446 144.778139069
552.677690133 642.573054061
255.677087576 736.523088102
507.200699116 674.904719344
343.438256891 495.23268188
301.105704389 640.002732899
222.249829671 707.856609231
380.590685804 626.847805081
277.232829593 639.816901145
300.49478835 713.574495199
502.813941034 694.5864354
330.18530041 508.757535471
273.086935792 753.248133535
334.848205767 313.554160507
302.702514211 686.363848109
536.866456863 685.530335584
173.772147927 765.941282452
333.313689354 613.374038717
378.692426901 336.636734475
397.109536448 175.239718159
469.568563483 143.860419377
315.047431065 728.301899123
337.023850245 289.499669036
233.692018484 735.644208319
270.869925214 784.277420189
331.965150053 581.89094954
427.305365389 526.362293127
568.198247283 684.630930367
276.034178763 721.865570772
320.95733653 753.966642306
332.18137868 655.438868052
562.080177546 658.709248437
305.6641248 701.192987674
363.506069348 166.532656181
343.094788744 679.3958411
360.825887108 274.025578641
205.488378098 745.082216912
373.015798778 553.48873715
246.087245812 759.175156137
587.016947453 649.393649704
179.431602691 746.780754873
362.511438313 635.817588029
387.311470807 603.522148661
411.624324506 511.361970377
246.972986824 788.380262734
374.132247006 98.8368195089
294.559515649 758.867064301
372.535453069 522.556895965
291.91620375 770.631657689
272.139091471 694.132506199
364.886168146 127.987458871
344.982782246 249.344019838
370.031884713 321.035037348
377.697356861 184.79447901
354.619586663 708.020307754
358.719693414 99.9228149279
343.695556314 203.352619889
420.019983311 603.993542413
340.857146027 540.872868471
191.935516785 782.03574417
298.136731512 732.332071877
320.161533911 740.132398593
358.761441403 143.104986593
594.264469208 668.487184422
249.632127334 671.138677873
393.455062852 112.822751097
338.009367653 696.287589914
311.079933683 690.881784776
402.7651658 133.229609674
260.17919942 773.8429816
377.121285853 227.266196116
374.217752417 114.041122207
181.142733071 729.708463189
