349.10224397 507.574305414
258.717434027 456.312985457
407.967529761 401.788072176
364.613915594 564.517631655
426.94070878 616.733784695
336.16245722 600.900851089
328.308393592 489.583203015
414.771663136 92.483955541
401.664401161 122.228715711
164.534575132 466.639103807
525.082928724 454.452764849
416.109608769 579.996534379
150.37286857 498.095757987
447.823165238 147.893850302
437.285803456 202.079736586
272.468555896 565.416615885
255.573575625 504.638034409
171.069496986 478.402495147
371.966798111 530.932828998
362.238084081 468.74806687
408.938554807 418.577043847
421.421610895 447.056067267
221.466750089 455.329742609
428.986981758 111.059551042
414.030585603 271.815724411
398.485149025 192.375441426
140.925703586 465.720687976
312.612899702 451.577337929
236.971375766 482.728162608
456.527667293 113.68059287
342.350014147 526.670476952
416.410551687 656.850350335
349.898940513 460.149675048
403.646022443 551.309329958
407.909467563 375.45872144
394.472806472 411.06197489
323.79942084 465.653398091
197.274471146 475.833884666
390.252464575 354.29952346
445.299381219 99.0125220407
372.053990543 618.942109931
187.487308226 450.586147364
485.714339401 455.98486793
356.028445131 432.200263763
404.154211034 439.977387653
433.303522637 641.459224987
288.334619057 526.820760723
219.075682313 533.843678933
440.385836024 126.136063406
333.3674053 437.575169967
388.964355067 428.377509665
396.990131536 459.278543375
313.54397935 602.233649969
396.792835821 578.444182238
356.452322893 634.748234299
306.007513382 571.024504286
426.439158704 231.401374592
384.276938815 380.612820972
449.080377736 167.922296356
448.475532696 670.552291554
315.82305394 500.919015939
446.368538692 609.536281785
213.420083466 490.621589217
152.550155392 439.692274163
433.458567815 681.476778832
506.874341523 444.157240689
250.447133755 525.111614837
416.236322717 466.958770437
461.692163717 645.498587049
476.081891974 135.553445751
423.095824328 327.464306048
405.127286026 291.776086798
430.503095414 350.777449164
475.538262638 426.702119316
332.545601854 569.726891208
179.545151218 500.432271014
429.521439111 301.043872478
369.640542876 409.462236054
401.860733466 154.382942686
433.688522064 368.304003489
362.235865041 482.68405716
444.359771561 270.155404359
444.949970035 435.331788761
371.345349321 586.420792393
411.694896227 608.476589043
430.416651144 136.546628547
336.20124995 542.447618247
452.008433037 453.388347956
511.452769907 395.655084436
536.691375601 419.673104584
429.150131155 387.534415928
429.046231535 171.431181164
399.700992437 665.093559491
402.109688808 322.925736699
275.104708081 476.76212099
408.790597556 99.5156861509
463.12487408 348.902575939
401.531698814 633.308459328
511.737823439 417.049732782
485.695026263 351.838971323
