278.653582317 376.633589496
374.042656497 618.540958168
506.082220844 673.62673296
319.789415341 763.098074171
442.485182314 678.126047125
223.584333498 772.335549052
241.595904577 440.329047259
324.596204811 183.194920483
299.390184889 200.180617451
529.398675722 655.325070792
407.459498309 626.610143022
284.22830298 416.948912288
260.297028718 773.222822511
378.41716367 499.401050746
248.745921154 377.303987868
453.869163418 695.521617582
479.114143144 636.788599076
300.890161023 127.061004099
376.734145495 701.387770023
426.022113184 664.037761367
381.910906633 644.344020562
307.210124159 104.195133942
254.504820773 476.130686291
235.279110939 419.553923051
189.528090499 734.941894352
296.565975776 770.618813616
162.799502797 759.361416551
285.12419555 316.874216783
270.948390133 119.542374649
258.630269336 731.458166422
255.316063004 406.002133784
426.299373914 606.311886809
358.187764726 730.798080905
399.417399881 690.549169014
215.264738155 753.767056391
351.426663897 746.92307027
390.069952628 659.799953745
146.959762949 653.820921175
414.622894855 652.935381553
275.041461843 392.947729119
186.324395068 776.455925631
361.222051386 514.710297265
268.462216437 360.831921209
481.882270314 660.094885448
456.809931724 654.342963443
442.411910712 631.420021334
348.397536606 683.432909827
345.620533906 662.994109715
364.583774089 760.41913558
398.521021508 668.101447866
160.481971176 677.410933975
339.299702824 724.972873854
351.573423283 697.146873283
503.272663288 654.406356615
289.689525105 244.102774821
308.391357618 220.383101197
509.159248929 629.290182779
400.44153628 700.714559367
273.287003733 191.908885021
395.167201767 745.283771045
288.78144364 752.636256261
318.105199639 265.079385524
322.176993947 707.592487585
127.979017511 667.752188169
440.054041007 672.432519448
331.140608062 749.487434829
284.070977552 104.188278129
408.646960503 713.715799654
375.635948091 687.610001396
297.21929155 93.0611635073
295.11914934 173.749114628
443.860690353 685.502345586
273.120330826 440.827313453
393.446245475 729.775249746
375.264493548 656.109907562
277.202760715 337.393147739
386.104120662 720.013036435
124.67035047 706.92050552
330.438035821 145.470067166
316.868468617 117.517703244
309.913497242 388.371707402
422.837926395 635.526424849
266.536220869 749.600049448
146.548411641 745.31118643
286.286390214 290.96612327
399.781097822 675.766706946
142.287331811 697.118098271
479.797814133 684.942694714
467.782620664 669.657128323
160.147057302 725.652288283
294.132059911 151.609222666
371.056736722 710.585180224
316.731727407 729.086565649
301.667929134 356.949021783
322.073911679 292.755092637
334.251979706 101.004631132
184.929301494 754.498711639
307.598338265 318.547414912
320.486065334 682.519945743
372.5105458 671.255857159
