209.560640551 303.930891721
135.537612515 181.972564365
197.315557109 278.450722566
247.39197835 259.865151469
122.521797358 150.652451787
334.195172657 242.580347219
462.007934024 243.100766066
418.08364474 251.235689682
331.140138758 281.710975343
198.457710647 545.099102223
229.263136098 351.471485133
128.57440552 320.623520125
212.101360268 332.450228197
228.472121765 490.656322619
377.923372899 287.379126389
159.153643493 306.730753546
216.538737339 540.462132537
624.304274224 499.600199312
86.9364029265 182.05416923
144.589982843 303.906705292
102.869270603 121.058146288
618.150807247 479.280460329
399.304014995 296.609671278
224.974708455 265.243931362
122.761882873 279.36342836
111.341274358 219.271017844
286.263294793 199.076302656
311.183134089 203.121901873
391.248331688 259.884452743
108.324131737 317.347932032
243.554623079 290.3349814
250.432312104 229.37305092
160.692604128 116.436971729
97.7432831563 199.54983668
219.633329081 561.715722975
143.683583774 286.19776377
150.421730319 148.258148201
286.310195375 305.824099675
204.547145096 201.177621074
82.8096967074 139.390339005
290.527289679 259.389979671
137.362094429 99.5434675602
395.921860171 329.792956829
101.760818484 248.312621462
155.890936191 241.370653649
350.289153059 272.434283687
414.473596209 215.561510082
312.624438151 179.862544415
149.3596133 214.955710842
267.078066414 228.104450107
129.26048558 255.020465197
130.602206219 273.327817746
170.760333105 181.979336845
312.505992326 268.35745855
409.905525427 282.219787754
142.058016773 328.585888888
197.226114422 519.102396866
156.898018662 201.45103486
431.357143204 278.277834063
119.039965107 93.2001523846
239.121583706 175.813570737
188.003220573 358.006281545
307.141150481 234.268346029
111.563592712 242.018824537
171.429417707 259.881070728
107.578380178 306.209024635
448.800152221 267.952470443
106.525813815 274.949246933
175.415796481 318.945764012
252.737130519 317.001716767
282.194628588 243.293253837
235.906166706 580.396557432
259.084073075 155.28018415
130.692478388 239.309039251
217.16133774 233.306564253
150.51932438 293.353428937
121.712353761 305.160794548
211.05901349 169.788460157
241.048377788 198.755371705
362.611264071 245.639982441
443.501942437 232.422033301
221.429346649 524.875084852
202.753549815 142.749612414
262.941782131 211.170390636
236.45779137 521.426013593
173.023877599 233.98556075
98.3786902965 296.452219103
119.532882813 121.792002565
153.785617218 279.795335961
185.66079122 168.343734019
371.815150964 269.139938223
131.959044036 289.781270938
342.879305409 211.500542434
181.38049128 340.618949058
98.5216102889 101.980342084
232.826745696 154.207214482
91.3167967809 171.273729612
381.061273709 226.214220846
264.19201233 183.396222349
80.775572955 204.453068851
