398.715343752 554.677810615
543.981698924 506.055366227
655.066210692 717.646564217
504.697756939 464.80274705
687.896160237 714.479344059
118.742396059 517.687831483
127.729851412 583.393696465
307.23055541 557.478181231
672.14735669 701.551802025
553.502134982 251.225769898
146.934357361 552.120991455
638.592698125 674.977487192
567.190837601 147.675827915
542.711975685 473.401342876
501.834424615 530.091084764
552.760883357 413.224850376
526.977604542 449.828184559
626.200418901 653.508317693
707.172672351 705.350248967
464.310905216 498.821870268
598.207706896 430.43360997
542.569104653 430.059906114
186.469853276 582.699952101
584.094984044 110.670139342
269.189792813 556.930608485
546.913506792 171.683965456
616.453142796 130.598528949
430.777704438 520.866464604
658.737037883 656.824576918
154.019121785 578.424227222
110.572513096 531.482834648
561.328263469 211.400102984
253.073691222 523.523038257
545.450103868 279.480819944
488.552111357 579.25201607
158.893885096 559.50604298
608.023906407 187.316153918
114.063718644 560.21921788
207.63672184 585.01303777
633.508362703 116.119921338
485.838894847 548.207032499
589.485713743 646.254869848
277.988725928 524.20452916
603.114435296 265.848957321
573.467601687 436.665077137
559.305884634 129.911426302
560.645289758 323.902671013
652.526257861 637.861818276
227.846480645 539.040540516
357.169528981 563.416909366
595.086716909 626.771811052
172.843755738 572.535946647
539.52979016 600.878666488
593.379102992 128.897883258
466.128514256 523.852331398
380.752127233 560.120136142
578.768946689 271.247910511
213.577313435 560.385306007
587.251062338 190.117242734
528.071921525 487.580498405
413.674743977 523.213202588
148.73054572 526.114817037
621.404168701 279.142333469
680.702564898 682.280835527
417.391748536 479.590722571
449.801814822 539.375889533
614.304842406 677.852667856
626.201762396 631.031426941
406.207033887 489.732066982
540.840211626 560.975415825
576.151933878 609.334728835
568.953090583 342.334188526
322.699257282 527.24832383
573.673198128 164.116950905
533.799993588 312.053516604
391.583538389 495.378749218
591.338994467 664.038392328
569.915254813 455.59253597
272.901500594 580.317642517
610.613211589 658.501922866
523.215101132 577.693330157
133.785288323 549.033487322
524.716738575 426.904882466
183.987441735 541.482752561
585.07012281 307.035865829
666.646618324 671.887240547
431.548314816 491.327076495
449.29232678 506.671016143
554.447960656 298.213736318
199.052211431 525.948249817
289.041551423 540.534409131
335.959970655 549.96789465
245.814407231 561.892959214
574.045622347 494.878294987
624.548371294 692.592392378
365.800180196 527.562376591
654.337137328 684.019670496
564.456455318 587.703969944
119.902458781 340.492671008
604.808262506 152.242508378
