255.386083616 651.346410607
654.658643734 655.17833794
467.288457802 627.450922102
488.258826568 598.454595535
565.395577988 197.681299317
544.280337432 199.838113493
571.279347812 457.703797235
695.336064561 666.255474337
396.566608061 651.960036969
489.007927442 569.823630427
367.356875066 655.53624893
127.545051897 687.083988787
575.443608443 225.2072084
428.753558807 664.612150273
521.796656811 524.938109716
409.791147177 578.632086928
353.782548144 600.602543228
479.052451782 586.40624007
721.976147573 663.058042508
591.0949136 617.175179301
581.1667411 657.144914637
136.279245244 693.769888659
586.221011294 490.994928894
499.577507304 548.503023607
192.300581243 681.541458074
460.670286588 579.776240509
705.610013683 624.726674833
588.672979322 633.00434087
751.10198248 691.611324467
607.717805147 208.489835151
568.827450382 659.355444472
396.565053026 627.258049037
577.543807181 438.409880908
369.691491084 617.514878359
621.914314274 232.590892733
260.020649441 625.802860986
529.221986011 552.318792546
556.728827834 611.783808968
697.650809343 626.498609743
700.536454607 688.243026741
568.228260274 594.587204828
752.597520685 666.574192719
567.543612285 153.562716971
615.536017365 645.002175843
665.765105472 670.041307554
507.200717327 659.176290858
173.876077245 643.368324724
705.108448386 661.119604774
484.316276461 647.337446395
518.011801384 619.064011192
625.566927698 621.58172826
593.23954523 463.834277171
641.691657834 636.850546644
510.583128997 586.881119355
536.936767946 574.8068721
557.953258187 169.259792674
113.335747364 681.86989577
682.438030604 659.686494068
497.524585825 631.147320517
668.589553525 629.72354286
140.84598813 665.098876391
551.855923029 670.306131988
730.161035506 691.182366006
674.88896502 606.482096938
150.346833714 643.043589217
249.172165388 688.792817198
540.628704954 439.755239665
685.947951506 633.03023583
550.027081863 645.512742612
734.764328786 671.481767051
341.370318096 622.228754427
514.52725494 565.040650611
726.124974334 620.343816659
99.2985667761 660.945510815
557.755778485 588.590871585
528.421457744 599.140585286
500.514147016 172.265518624
703.898175519 635.310689373
745.621282947 634.88412147
558.486976383 469.885615206
730.076659905 642.31299425
419.323586284 612.717879082
654.387461635 612.313412058
433.482854805 591.342350564
530.882750432 178.409565188
417.082463051 591.36600875
119.243288527 651.042125532
577.137663937 622.958176087
100.197646516 680.871254687
592.441067525 183.174800107
494.884698296 609.066990613
613.77363242 607.13565104
352.08749305 632.870388414
530.306957453 644.79120973
459.02510176 602.090363641
544.22453498 614.156920981
711.062924653 679.75541702
445.265093016 637.266095551
560.161901277 626.948526433
541.689100455 150.811583963
