428.188578464 642.579572488
339.426668383 318.873746225
152.125422532 135.44772035
303.803011499 329.032542766
402.960114347 168.685418837
299.204842495 370.524379785
572.713099691 157.19195021
413.917760275 213.270989233
413.584457954 385.308998288
294.125993628 185.285728557
393.593980841 539.296975569
311.64591417 196.507596863
383.48135111 213.482400735
101.059054721 108.468859858
324.11352859 172.518312785
414.838197678 90.9574951655
313.128870264 413.114438124
400.484986977 111.007504379
374.842505242 334.51184949
416.989840578 532.300104798
490.240877411 183.739738788
132.549053273 121.00431783
605.670935108 128.026612848
338.738645132 117.808424117
117.893961021 128.723604744
292.757944066 151.822392632
504.252868567 189.407647736
414.534309494 567.763637034
463.173535531 181.576983804
570.093357617 118.500837791
332.774633538 352.92327446
333.247516716 387.497977113
482.088912955 229.407765148
356.262616711 188.992201034
447.258387061 651.593193421
431.801349718 674.537010489
436.857823412 56.9778824005
403.050759434 664.520528417
590.088741868 186.853177367
440.740352931 345.852767029
115.712525048 153.377379774
474.833321783 258.722576891
463.186188049 100.494232878
363.547414132 397.369784426
477.052490822 131.464035945
137.59512802 150.640355775
362.073657466 135.581670627
488.186476319 482.602512732
174.160476052 127.054961427
381.004333372 165.421263033
488.480438625 82.9468373913
599.536808448 146.283756824
444.196732875 214.054327818
423.037059562 71.6616989842
366.606678866 368.834133406
437.63604128 108.009305245
154.344278321 103.721513132
400.955530128 319.02687075
382.932756561 135.530947924
349.600991467 263.865465524
267.845980726 171.235273925
456.576098562 491.502408764
470.744132494 509.933001924
431.160537013 257.720164989
320.383227051 140.86791457
429.686688566 608.696621146
506.350995129 129.706397127
450.732987421 536.903761371
391.438588629 358.47824911
446.606090003 624.475299126
340.395406872 160.70758002
457.222387568 90.2849326144
530.56623345 332.958167628
262.914383043 139.627542228
352.779254599 216.717953895
434.105715913 511.541413513
393.536274648 87.5693312978
421.963149858 318.13230568
610.728919443 162.123459587
492.59108257 92.500557684
444.085681248 582.444085309
278.193228827 395.41185835
356.635786152 284.465138426
426.506909755 86.5154398167
459.889095042 72.5842846758
426.103988474 99.5805908905
313.94619899 101.646125573
392.470911695 608.490798539
121.481202151 88.5613880246
435.450575451 80.9229016197
87.7098100842 134.314398667
406.907915609 632.697792
327.499667958 193.52765951
382.607387458 274.319346717
366.057063527 169.145517931
101.27646115 137.60302547
523.282247251 205.179672637
345.89199843 424.47810155
302.951542482 217.972908927
396.873066255 68.9056425356
