93.9873732422 109.191235895
659.997682786 73.5673484569
658.345302026 15.8478734144
142.687567537 104.149509909
681.063251176 40.0761348371
97.9593066165 126.21126062
405.71501891 42.1498271323
610.314936618 33.8972194119
75.7647648893 97.084997115
396.276285526 291.074817484
682.251905216 14.2631995098
112.015491384 125.231872328
396.170420548 477.371105711
366.579592053 93.480212776
318.448589238 70.8367578504
387.720102665 517.6741068
356.707251157 114.130149794
351.133679863 417.17740181
379.6360662 63.0367994364
343.597820955 261.823966049
325.611450033 121.546004774
371.21162964 296.01704109
344.751954784 473.532446679
488.105024328 53.1757022304
531.342443688 80.1789095398
105.956056972 107.119863986
254.580730567 125.06165795
484.121422577 76.9989222948
261.273101558 109.533739066
457.318956527 90.6726036548
446.787680631 54.4741051719
78.008102461 134.794459912
319.970504914 334.728132915
299.411018296 136.296056225
418.125733062 351.166476799
159.702413563 125.305894703
320.831819549 289.683601078
90.0337370398 152.597683709
270.230144349 128.062961918
424.643827713 71.3913588211
365.499767003 552.295701233
514.339810583 121.709682412
366.397799487 315.185950831
377.200648204 347.525617905
447.777275635 210.443061584
659.83867224 37.6997883673
296.204676991 123.047985921
304.170288224 114.829975906
283.818372623 77.380932457
117.989565638 109.934832391
477.055806618 139.147241311
337.247632874 346.858124904
352.140032647 516.995319755
391.535921811 425.0024629
369.892375115 374.620203731
476.24013937 108.735927267
636.97314069 46.7319076585
410.379949139 391.856603689
312.209328304 88.1137564726
593.230827695 11.6046947648
401.655395932 320.542450529
111.082047973 88.2286567227
395.53214899 124.305155246
279.331400424 94.3598682287
385.104100271 545.962568921
67.3780220848 150.434691284
389.285882591 82.4606544034
362.319969234 580.084244156
322.532231976 375.919956063
409.64122459 55.4716021769
92.2744076372 96.7643826015
345.20204629 372.946227164
356.11399853 401.486998134
99.7799380588 249.559460742
79.5651647115 80.7005297363
383.311582001 567.927060819
329.912002204 306.865973053
422.575431694 102.586746422
366.347821429 440.366873261
428.883698183 133.606498176
325.81847181 99.2047128294
382.414681793 328.57410565
350.795070996 382.5777022
564.304162764 52.8665387959
358.438778121 346.442776811
371.498011695 471.709327817
385.819681565 369.225030733
320.51289699 505.456058949
636.168957492 11.1408241414
330.938374277 428.754873658
328.234314554 390.677861143
343.240707308 330.37109055
120.680151809 133.148608575
75.3372450107 115.419678312
304.739234997 105.04307042
341.970281493 559.767248734
257.09018981 91.7574163984
344.217378163 289.271921501
277.390492143 106.324515791
547.223358421 33.8268922739
