113.89563837 199.450522381
455.267486356 265.971323381
119.219801425 227.436657312
314.445403429 335.636589675
144.230345248 228.622458884
52.6338090973 189.491569083
92.7996236091 252.172048509
227.29131706 253.017964375
78.7484425273 302.364344072
114.097210867 158.121902953
86.716657794 212.537902108
138.06101547 239.469122443
342.547466446 302.588640578
642.350962274 197.367900534
93.3963849533 277.171865825
700.241478494 173.759022385
658.024264668 149.847173663
130.383950069 262.241341264
122.359573713 279.678225828
97.1858712485 159.83796054
677.662017362 214.187469877
657.396235576 188.776355862
133.332046789 173.728314511
369.286704532 253.006936906
247.048191016 221.905557603
256.922225792 262.398409925
86.1246512134 186.308884296
249.436554214 287.998800016
389.686241258 328.388311451
112.275087481 220.500397325
50.0997143469 220.529404579
302.519675515 314.399356304
200.825459141 205.87387374
177.082603721 178.711708
105.450790633 204.327872224
103.199611043 176.168233812
187.774591655 237.310790804
64.3566342138 239.9444301
177.108313134 205.568723945
67.3146357717 186.070685448
136.508437557 203.648873156
131.019009431 240.234534007
212.497922055 190.709568103
678.865719581 179.600089237
706.835358768 201.356856177
286.575518093 278.170154702
367.042205764 313.279897145
508.65387035 297.129570629
389.811889528 298.753323304
434.795163899 256.309273524
201.439771398 290.896460272
125.522337914 201.277702613
129.647297875 221.097223585
81.8629524199 172.476147458
76.1295102099 209.935605841
114.780058163 183.502989793
642.77291326 174.051184963
98.5839069329 233.574010706
122.780424359 170.896607674
463.387369186 245.317488803
459.457018353 220.125716748
93.5841872815 211.836414532
684.339189034 164.632160407
171.034277849 289.218096754
270.867450768 237.85315527
149.396914787 174.51371112
110.114485604 242.396764883
620.015346549 180.723944222
323.391611897 247.817459717
178.506093433 259.606058556
148.999094647 200.333211379
691.965007305 155.137907257
229.352535622 188.554256298
403.405778236 230.936470347
80.5062913832 267.818631378
256.058906878 198.285417241
79.0506804014 245.609029848
693.64962491 198.635560049
379.802963825 281.128362945
148.470684374 219.071076905
153.116704007 252.243832207
82.4610700547 219.225015003
323.803213271 366.455714359
101.673722207 198.897134763
662.067699134 171.953716455
113.004734321 274.240643469
339.209014518 287.053462534
431.642036338 240.765244682
159.727144608 217.659983536
338.066742526 335.251554469
224.049662278 226.565076785
365.589858579 339.93054824
267.370870172 329.787337074
616.631489038 226.892647045
104.591822513 265.303993129
198.717309116 248.817451831
100.245972448 298.283291594
165.176843227 247.561141643
62.2813310252 215.014828561
180.482990234 227.125565435
