300.785794748 677.277250885
260.908457397 404.777751541
293.983197495 651.293900072
300.281450383 607.734261791
306.793482978 259.263211136
363.916078301 655.720129823
589.979655116 659.539793416
556.436533919 663.103097861
364.609911589 694.524142205
246.072511832 708.849233505
308.054113602 710.921490098
127.179188262 749.960670618
307.923415388 699.918352932
272.02029593 693.851533152
473.899286113 707.210353439
252.319335757 692.104231459
270.982140012 715.831919849
629.147318185 489.616666043
251.390387054 437.780551419
211.933305608 709.254924113
328.775201701 137.810697504
624.991324528 472.550185565
496.277974148 716.812514932
274.065876842 623.873749915
155.052675384 690.150668051
247.682089185 544.985001916
331.995741905 476.583762523
352.261209515 506.015466605
479.335780131 685.939111785
100.737195708 750.37595143
321.918010108 659.734644945
298.265533361 535.226791162
357.420189073 138.306806044
265.773184077 492.949935584
267.299508569 720.57885349
202.834389301 699.224422177
332.128092134 237.560497849
348.696533601 696.185831858
277.47979657 387.566401691
326.433473218 217.576246509
326.908892593 625.417857273
352.825456268 114.960950535
482.47480803 736.683925333
157.374550152 635.766575578
273.215809755 574.072788019
393.434102366 692.14711861
551.718052416 622.751383144
317.7622083 409.164913225
296.597253119 481.229453204
330.156390514 514.918395498
182.888999377 659.974937921
209.062244797 679.042347068
272.948100522 356.554012087
352.492298792 671.172786015
514.797750989 703.523190448
212.218588994 725.797146274
241.97538124 691.936629517
287.895260502 439.293301238
557.684130365 695.730435531
338.766693383 102.555696299
293.623204048 330.417115191
265.193442624 702.791623835
331.75249735 589.880840762
203.857567872 625.748194864
240.153191517 642.451183974
103.68254517 737.585135009
580.128389528 683.543393936
121.92932698 687.551422485
290.682684695 682.175662671
331.565997034 692.862590877
311.792155945 584.656929802
295.610808819 718.722157236
325.785413498 296.580808974
244.146737714 579.8951936
311.129413477 510.451539508
268.764394232 673.223099334
135.442157929 733.98378397
309.340114724 293.378610744
300.968000074 373.980623997
419.28442218 664.857144109
579.810199359 645.575573071
274.510154173 709.89973618
341.77642845 257.05383639
319.582530162 471.831690069
295.545945094 693.777899853
282.901340544 538.710415734
99.9348065222 725.891358637
343.322436175 161.669483325
257.240317201 668.311182998
295.752246598 291.489495958
453.721656387 690.249616572
115.692878261 716.69233363
358.557016635 313.629773437
274.938255263 680.507121083
335.956303883 120.214206689
338.303369842 275.341143826
253.682662621 376.43001084
408.033780135 449.282794618
317.112097433 340.642568513
259.810112755 470.636421189
