390.790601775 573.034106092
524.492658508 510.542604957
646.019539959 735.477188521
485.101078355 468.79690785
677.318146164 731.452870187
116.026119166 537.50249166
122.949852273 602.812645786
302.205461511 576.836322568
662.280281753 718.948224486
533.700920149 248.425772718
141.257251955 571.297955963
629.358951032 692.717304842
547.271902822 149.437334766
523.075550428 477.197497082
489.708104523 545.99413402
532.839041735 414.989533174
507.176309321 452.609607985
616.246332873 670.85510189
697.122640417 722.625730536
455.840774492 516.938001364
578.534528283 433.324942994
522.786576451 432.991955404
177.120905745 600.372171585
564.277235332 113.358920255
263.424032073 576.081467929
527.228486399 175.215340951
596.629687813 133.250028772
423.443600042 539.473041769
648.771113289 674.160998683
147.00744077 597.141662427
109.347551864 551.442700261
541.50217096 214.007009475
246.516653138 542.412690548
525.661435597 276.589125712
476.431287005 593.648768895
152.715253326 578.527418942
588.613878632 192.128022021
110.920071947 579.969063263
196.279820425 601.468226649
614.125260253 121.045417629
474.556429386 564.718418406
580.370677717 664.056289419
272.940950019 543.550096295
583.355804797 262.772800794
553.608991209 438.919016546
539.374809663 131.567862944
540.859861326 320.981540813
643.793896436 655.854292709
220.950338876 557.807063134
350.617580382 582.304255142
584.76898455 643.893212556
164.451243734 590.675912795
525.366555911 614.987605774
573.576231381 131.69002907
456.493423277 541.365880044
372.915314265 578.519193127
559.027812897 268.040762327
205.478327281 578.672028289
567.562839626 193.634382816
508.502279083 491.706660456
407.987943316 542.385256471
143.639749615 545.455883755
602.204424622 273.564358242
669.939147304 699.1313569
410.930101328 498.514941619
441.366449 557.490672616
606.380393144 696.21545617
618.500572324 649.486969354
399.783979814 508.672425265
526.828069837 575.238182393
563.075264045 624.465258679
549.067129302 340.231657996
318.277401647 546.74987419
553.855192865 166.778731536
514.052095308 310.302656056
385.797988546 514.521680551
583.717732209 682.528051384
550.314879254 459.570032251
266.42313982 599.239296787
602.726546834 676.87983805
508.951055121 591.71067446
130.134460257 568.69743826
504.788648215 428.587075424
176.29138532 559.940356717
565.230746237 304.511505296
656.099107536 688.877123595
424.493390203 510.041456678
441.094486771 524.912620139
534.52786092 296.438922128
190.836552135 544.179331489
283.049220645 559.615197274
329.423149702 568.869239159
237.536583662 580.098770555
554.289644098 497.986940096
617.386099504 711.258972282
359.391980363 546.507097288
645.815177338 702.110848132
550.390041417 601.91803206
118.581237792 340.020245744
585.003725822 154.98480548
