432.56875486 142.8574867
473.382924695 462.095762251
289.344207549 82.8553498164
395.858927752 124.980511146
430.475688984 642.407273438
372.229876347 101.987680998
450.880781187 112.219684662
418.113187398 102.356491245
459.522241896 141.619012252
444.555107692 700.503271838
460.101324377 372.951155623
412.120320435 313.344515041
417.07969624 220.522859934
457.173342037 645.475288794
565.268127822 141.668156033
432.768170355 683.519689141
458.444652985 690.548060056
444.910941201 243.893508327
118.213144096 62.247178835
125.940153428 34.5723959511
450.162272856 504.909723642
438.615745147 206.366938309
581.782399313 162.897636207
544.356285981 178.112408557
418.842030783 552.974570611
392.85887046 648.732018063
282.825836584 51.6483555228
382.795697329 64.6155194156
602.787735131 156.50731032
434.088408477 471.157190764
571.77448611 184.163620298
421.401937318 120.595790477
120.518340525 15.7257225458
99.6936534738 50.5892650604
397.510813776 197.29498981
100.015420513 15.7803104633
470.913854518 534.858804307
545.768172094 207.596762434
331.393781669 96.535002015
423.784055107 583.77269356
351.747229555 97.245506677
401.437606217 234.945469611
570.189050674 208.30536701
375.196136831 552.883654537
153.052646852 29.9429608929
404.085878357 120.120445129
427.669664972 102.207112876
487.770661596 145.640941797
467.851950695 491.315770083
294.630160208 64.050336058
408.013087138 348.492966018
402.536897996 696.394323778
176.189494462 23.8662639269
364.318649322 127.982886077
583.414560585 220.466267531
418.645503214 374.839236768
438.865287351 666.568757512
161.294646789 51.3200175359
599.399122593 187.35162435
451.026888419 439.237379603
354.919950305 68.2483661596
418.802130032 263.335747548
389.560336157 101.324084295
403.696761587 507.559086015
342.455890975 110.827848521
432.352577201 533.661638082
624.088073592 183.203201569
363.805100168 531.552596736
181.856907911 54.1605911514
401.553283479 173.156137385
434.023227292 126.051034593
415.940601616 699.830576625
376.999292129 51.2758242986
414.362011675 665.720228513
373.490028329 119.466182615
389.899692894 675.929732165
141.060150899 54.1555312636
303.434501427 44.2838179651
355.535488731 79.49025553
397.605297821 102.898960146
383.07170661 78.8432469472
480.198094446 425.365829142
331.584368184 53.9704268428
321.106869309 76.9017800978
419.880934506 177.644649475
138.624604474 11.9782520541
393.625175131 568.626949427
445.718013095 572.75174755
432.3541967 615.358340319
341.02411247 90.3819066765
605.829653466 213.707201826
114.276753258 26.2993532249
395.288442932 70.588245697
455.228581991 396.39655677
431.315889657 357.489714784
404.971091952 83.011042721
401.205426725 606.683506706
378.259465063 90.9393640925
356.263898161 57.7594507565
353.996834415 510.660197405
