427.201812677 136.883047067
564.493493187 105.881459662
440.999885651 276.201311037
544.590777809 72.1565436313
477.056273436 259.298507714
111.944140909 9.06978689194
118.630816973 63.4609501711
367.73087354 98.7789980626
484.030529512 233.792985825
512.165564361 40.7254776186
136.305519539 39.9429886413
439.756199508 235.478556796
449.022810886 51.4088124719
595.043964338 86.2279940277
477.229989702 101.211736441
633.296451433 35.2950788652
590.588465876 61.1737717935
524.550668692 158.40741151
514.261237614 233.855819112
446.280259706 114.850077681
658.594881324 71.8656518197
612.066223609 46.3976036026
222.168320653 66.8126320763
463.276149924 30.9536575872
337.784999064 77.169335512
428.359519923 78.5104584809
480.076375511 38.6090997984
413.631360342 103.864849613
571.386406411 148.714410388
147.247796807 62.761519136
99.1264584765 26.4303487476
438.440497491 91.2421377359
330.139764274 44.4746940705
483.763165888 67.2738817244
421.009120902 156.985395376
169.641897616 56.2387125951
522.271151959 31.6180590903
100.046780488 52.2861310498
250.598721404 79.6890644669
486.295494764 24.3362680448
443.730109578 129.905620839
419.351001617 206.888120919
345.079946313 50.7741086677
614.904727565 2.26312271326
637.495628027 53.1023306687
428.299195996 57.4869189848
563.267290248 38.4442078899
614.885946806 114.511191414
272.562034056 50.1750636608
394.124072788 125.842966273
538.733387015 127.260643359
185.980143978 65.125652096
438.514384497 167.189918135
467.319105273 54.0707421085
455.032224596 103.481042274
405.847284994 130.421611814
568.449553926 13.4399447593
241.023174871 53.4794823669
465.174072664 86.4413276334
557.446166023 81.7015156079
397.770892508 111.026241314
127.081518354 19.8985380891
635.381395671 8.00258121497
537.038243131 197.198312393
407.723778934 41.3945129812
427.248927674 121.413513562
410.102422701 247.007076618
577.583068221 115.771305254
396.5887224 65.6763505982
526.812879801 93.0151971601
473.580190964 148.061689739
648.939516449 19.8284158712
363.117522667 73.4429067333
444.966829881 74.8653068132
479.74476374 89.2119083337
376.3718373 73.9586727656
383.888197367 242.429504434
632.296663834 68.0822285867
338.700521381 104.636440482
464.218052655 188.808672753
458.608527941 133.339754164
114.512473262 39.5902709483
553.112137038 52.944675574
205.314653684 36.1134275815
597.6002696 17.0062823152
505.109728855 190.985481548
408.433454055 86.5807607063
422.114863189 108.666995859
496.602693099 64.0904884672
234.862758598 30.2910436147
349.203965652 88.2306119986
375.728167279 109.188899488
312.726668101 80.2006819
627.332572742 85.1554020021
407.744966283 268.419555523
382.906725979 96.2063085725
490.043582319 208.706006605
506.194445585 114.094513328
101.566204783 16.7737473499
525.755447616 27.5031983745
