669.879296601 386.50780988
506.870722236 90.6666951979
526.739477511 124.903472345
524.976135581 106.625899869
690.812096464 568.848426847
421.928977679 544.961969579
227.116227466 84.7075999496
666.682059122 52.2649515047
604.966679689 79.4935071521
581.71402317 125.660830544
401.624509624 125.015510221
568.591722181 42.4977688515
643.286456269 606.483525679
340.902450673 67.8017290838
654.206556035 678.408475036
602.023305655 97.1715328865
572.528502955 103.902072974
668.756446131 547.208514897
694.978111422 538.937257883
611.655372309 33.6739642963
548.004094077 128.816774291
548.688728691 92.9436058613
675.292093734 701.423528648
288.294537622 66.2246267069
184.527755569 121.874346002
673.95997036 681.827082704
293.641444353 556.514830595
659.22454773 148.841532628
374.916874606 59.7141010975
556.169666264 112.199156756
617.642170223 89.4474573392
513.345602074 70.7462890387
648.736163726 271.383975698
379.902651963 127.144316757
605.748279313 121.485810906
483.039594746 98.1555679318
619.853172064 274.09993433
662.711131738 102.173202666
552.92971245 70.8041104794
527.262824156 46.2010199142
421.016101511 475.317490217
665.929355479 596.277243404
652.596413149 383.63695777
198.800717467 92.3016703299
642.725737088 529.768682811
584.077381379 36.1107714049
675.509435435 660.994372553
185.919351797 145.483364472
641.292880434 567.36451121
612.455193386 239.189311085
376.658490973 81.1016471504
233.282337951 102.211644994
631.511215337 246.5297963
532.009493583 105.874052133
694.957098639 698.895188238
355.763010235 137.888374663
505.630400328 122.092395678
625.188969012 116.460647059
629.854292778 20.7672973397
638.134458359 82.0960659483
338.889379946 171.567463543
647.070511691 67.01631507
579.962863373 109.640993441
526.645537499 422.656318389
384.25140972 145.342424853
488.575520117 123.267687508
573.795650895 82.9534910141
242.923187014 125.14920952
678.422835495 518.766872405
656.867249506 508.154453983
572.526697861 56.5674625249
292.078096019 97.847906202
579.647339961 69.2668428049
306.6807949 54.4282603192
622.210764999 129.632273428
694.471672888 676.264286683
647.554484243 114.343157515
333.69757417 111.659647174
401.365694626 72.1697649122
602.196410891 53.8696815184
542.487451368 42.2530354451
618.120868826 39.6677958164
645.269791584 232.753288758
675.715940241 616.514156692
640.800007772 392.89274673
579.552109149 90.2474203467
527.977264151 75.0380939026
622.863739767 206.45143262
610.565736913 63.5892870923
640.657783479 35.2320692927
224.395718559 505.607613268
255.928381477 76.0855591738
654.119303933 642.10556261
602.5043619 6.0436323279
207.813036555 111.614768877
579.327840175 17.0678926419
415.805777108 102.81698471
497.197638506 435.684160336
262.038426529 98.7713711433
363.742858043 170.975418795
