107.142610997 211.486596193
98.2396029131 446.526678613
449.174843122 608.842031572
34.767363988 673.368796382
318.209279299 557.081061906
21.1073647028 632.589750417
53.880922116 255.84045065
157.739687347 153.039257313
104.774726248 139.715000076
457.976859998 640.066862456
106.497184738 483.557744328
119.856909806 248.361683275
19.3137927356 651.976263289
374.323306432 482.116695637
46.1753819995 201.26979473
371.889673972 617.910705275
403.811132412 547.240768242
85.8587523202 120.108686431
88.1939216683 563.901815501
252.438899513 485.664179018
96.4241490768 480.399581925
100.382160693 99.707562512
246.269715498 403.654619975
36.2144549213 230.238858265
186.043049581 422.208242815
17.5948153785 685.692780546
77.0949302972 438.731766281
107.843976746 177.227306828
69.8729706825 112.740005508
64.5520318345 507.171109492
64.6561013501 228.343396649
245.285168342 446.558802528
43.0055233883 688.453622809
106.183758266 558.078193668
63.1714609429 467.987164087
37.8522428249 698.112392393
96.7282700332 507.65292531
177.250193509 337.905395156
113.011416813 510.00176453
83.5740456622 226.35463873
45.2752487909 501.169849195
335.427839853 510.83383689
20.665904518 197.356373783
404.939346574 578.890622154
358.895216639 554.493565916
278.430168952 469.304409555
73.2454106886 533.719093571
88.2555407007 466.861210287
51.9718145519 707.351544379
103.43456818 530.560585146
203.396645255 364.46800835
50.7637003172 634.522858947
55.2489481701 612.313495447
431.868239959 594.782991424
82.0779978325 161.674240145
125.325293434 155.589737668
440.182031396 571.869891127
74.8920817778 637.415934582
47.5464170007 138.140697653
66.2778535373 696.711377291
20.5596557264 671.184242739
175.974336023 175.325817247
37.4412832529 620.281458628
141.878346286 346.115254457
264.81141392 521.485900105
29.2199044575 707.427299946
41.1070681175 103.165922029
79.2769528163 668.316408857
83.402381321 551.589603386
69.2059788407 100.808146634
66.7324337774 137.507826676
339.731865258 596.136698483
82.1550524002 252.882883717
65.6990513949 677.506169193
85.3086653663 509.271940343
58.4162889118 187.049652813
64.9809528596 650.484622946
137.144202657 384.764442232
136.540318289 119.489488871
106.916124022 112.672298324
142.890141287 242.821338024
217.864325516 476.282328127
60.4467311668 529.454695992
84.6975487432 416.617214537
26.3416959752 157.053789515
109.360428722 546.472237395
164.456695718 380.932451323
406.345217553 618.089629763
371.372333213 592.100777305
199.858664673 403.26836938
17.6999462885 118.267828412
52.9708696584 656.634203203
44.3078756328 650.709752282
122.628743388 207.022402559
188.537517076 196.289651818
120.891775916 101.661943088
106.114315462 429.557436533
142.679578085 197.090819865
69.9926759492 500.190744489
89.2829211131 528.546301648
