671.703142647 692.47171862
262.278699038 309.203037285
460.542599293 643.370472252
558.7396027 594.933898317
258.671893149 581.884030881
426.80473128 264.735824118
547.20428889 623.290118364
441.517148503 522.042817251
655.585709174 605.901103971
386.340368629 333.700019102
509.11682038 105.373271438
524.542723611 599.491997098
423.576695546 700.00389182
542.209021628 605.564083681
392.475603883 631.988505453
416.716933023 300.584187352
423.694518151 625.57685894
137.597365523 420.920840191
349.388215823 266.747762769
242.187514634 563.487085405
648.682996591 693.59013366
276.154524729 520.80015081
293.833589776 528.919060304
317.526672109 261.702920357
442.194642093 454.091118776
560.818358938 667.322897324
140.053923216 115.337614282
455.157405201 283.587384528
315.980302284 247.146336661
245.645077027 291.737246055
175.353271363 118.875250959
462.290996297 264.556419123
226.737618782 283.267738539
100.849602154 556.5879473
549.583431618 683.646726135
278.118139141 583.913668712
293.390489543 246.213733452
229.055074472 411.397935968
204.022003815 124.103241944
431.919852425 656.821982952
337.945530599 460.495871848
207.822518224 338.17731009
310.869835523 128.326300973
575.11275588 694.667244597
363.737529013 322.770326843
413.444678159 285.380440149
362.655377902 160.335227712
483.927054026 246.532196603
423.766631971 236.430421658
682.968213609 708.473786309
393.645349262 312.840265656
378.574223178 272.402716786
398.261985002 473.320890417
406.241193879 702.357426843
349.930648788 343.389436151
359.251157 249.355972573
298.857700811 103.908338513
400.666399337 685.931776144
330.772211287 208.929760408
326.059267704 279.62865926
340.197897771 292.328526093
660.460819203 635.405148885
308.622156333 295.233796028
394.373364492 670.10755674
651.197327649 579.400276995
444.882991103 615.080361455
620.020060374 692.827567694
373.65812944 456.429457734
218.711809455 586.211083199
441.575204255 252.394351923
640.477281639 675.00525907
193.175184377 144.680583406
329.467656328 244.829534476
296.87868538 266.889802057
677.825807587 608.225322456
485.373516743 695.741275213
256.802522913 554.188228265
368.301051463 302.332928463
348.887097696 452.071717679
284.904763291 280.507139799
216.652460446 308.08183475
109.290861321 679.975147448
114.543607115 543.933749524
449.485628432 233.081536335
144.86746553 484.817081553
277.652937365 562.839479941
409.145185092 653.189395043
335.508456034 486.03787541
393.114807863 700.277297156
332.159265193 312.816350824
121.667534352 467.481056539
107.523007899 436.572530523
449.920153806 638.461907072
600.913642904 709.385875773
500.387859853 124.128674854
356.870918855 485.728766377
302.331373404 231.6038632
112.631566966 198.438961643
222.714162078 120.858536722
437.277141862 476.042617197
