619.036670889 406.570889776
657.417204218 414.906640992
640.484279863 324.539434628
692.881462375 298.354784583
772.031876813 685.176525862
659.847254943 591.281202405
775.816327623 627.766347998
131.77928622 366.768494865
526.357182415 259.553412389
688.461044781 380.739267278
794.085869435 694.191785367
739.725497924 481.739743822
423.962142152 599.206320725
571.275471959 195.515125821
742.005246467 98.3972040064
688.467451347 673.419939623
708.789008395 264.386448726
691.821728843 598.224692683
781.231742367 656.06768415
761.102958557 419.77896362
556.59432798 284.133219242
742.00795141 419.337647056
743.927107723 443.372198934
675.591788884 216.147463027
529.62117012 282.195191561
628.045860688 188.876513655
699.255754045 108.990573725
742.880268121 143.45650884
747.696893173 682.720163851
579.742095738 210.960694757
675.072123675 190.016291984
647.90906941 620.294086671
164.298675476 356.034721835
641.187766582 369.50399142
132.138258501 341.241894306
764.155151578 451.918194594
704.446176606 180.913763718
756.178506142 623.703365152
722.282015989 129.700703139
541.114617302 222.561277016
714.029560175 700.294705017
637.201865487 206.834499832
765.981099101 699.851876689
579.105686141 247.184633418
703.692601831 323.667129299
676.845648742 453.948649314
724.967257421 151.860742009
743.650374605 122.245149522
731.374305753 110.380729765
681.869247716 266.421697699
692.6142928 237.172514148
720.06790817 499.675856292
695.017159322 563.950471996
565.048601724 328.865607531
683.975398457 631.316426981
663.287862853 298.188071681
737.624270944 597.570429154
583.540728852 225.325901346
732.741958587 96.3301425963
787.266127713 667.809415546
722.038674618 680.461324657
722.255648838 452.370851261
765.817918245 101.017314488
720.747441251 85.421795862
758.144041662 488.665065721
409.815776605 616.04594179
753.32363403 706.395580992
733.510491331 644.149673345
789.708614179 641.378058179
541.44057484 240.285898629
553.721183032 258.227329443
638.86010119 290.098191025
152.98202085 328.61287311
636.363845931 447.600235075
629.234112023 248.065854666
741.183491536 700.581987131
680.476969078 342.752237005
640.522632326 151.406321144
112.339882956 378.337746927
628.794427117 165.809191167
718.41802364 97.814586576
665.582128285 165.692117295
706.463351572 413.489175799
731.983435134 390.805242724
786.380880551 700.646765768
142.321290977 377.763262069
660.571100025 232.369544445
398.097889045 596.179629848
694.643424515 426.517747404
790.719551621 683.664905126
664.647091209 478.455284577
676.883687694 319.66027494
711.483713783 655.155897335
108.663105849 341.58683126
758.156644637 668.771465224
97.3550257418 357.874133351
707.520994555 136.069087798
724.494673213 624.468476969
756.845607519 651.298875318
719.838475831 290.641775778
