600.593737043 121.626867013
203.150645616 25.2672261174
607.585980346 96.5326708581
757.386420415 447.348517419
670.953347223 643.745087276
665.5950261 580.339196782
579.936162604 101.430804816
674.61010469 109.650911827
662.21556479 146.902280963
144.097447905 13.2876879411
689.541850043 218.898262366
717.884850988 600.230757244
114.648282575 57.2666620351
695.278121923 178.363639635
663.983086977 179.486616475
311.727168444 509.344620584
204.425383515 77.8692138311
134.89003118 35.0775302161
716.718269197 428.121683096
585.274692653 76.7028008018
616.662439173 145.527954067
627.590035283 193.060227477
177.491677067 18.5325663989
676.487177728 146.622509005
686.431792911 97.547982401
647.530907521 113.43225426
108.691005435 27.5040640599
489.560690105 43.9858010644
190.923716322 46.2996111646
668.747382241 135.682885536
590.535844546 135.710749563
658.510663345 680.296068866
522.670024717 57.9845160664
702.065470296 565.183198008
657.037342266 87.0368597033
612.905132997 71.9430792221
500.341514077 64.2334189327
154.931654287 41.0041851847
654.65774536 67.724686485
685.291245698 134.1900403
680.970485801 603.308360556
159.504761679 22.8887307485
663.844222236 217.591431117
528.417133738 28.5686744829
612.025986659 172.168633511
668.926136318 665.069331113
365.543613293 435.064458217
229.967893995 424.75538035
684.419785554 157.521754971
510.777879955 37.9741492651
598.851607358 94.6115354117
599.180549156 151.738720255
713.659977123 482.994886288
695.842317545 588.327630474
659.061467112 599.01232174
712.328039738 455.333278094
637.527285978 123.834711619
625.99419306 66.5830897647
680.673232455 190.519384643
691.389778663 699.610170523
570.291642416 117.592816828
707.803089187 624.5306767
169.002003272 58.1645242926
127.691437813 25.1469145705
663.779785549 701.150720063
668.296739025 206.557001013
249.155630556 413.187521177
621.445997029 218.917268295
683.523232908 675.789682534
703.767848739 204.22449995
666.626624804 80.3620086366
691.429501398 68.2249011011
630.937217039 95.2935425999
646.773478135 189.927001808
733.845660532 466.795078049
140.106712912 72.1944234878
644.234570454 103.530588349
548.462086577 34.579959838
661.03999005 102.5787685
612.937552793 85.4417267288
592.092748626 106.235382134
644.234166443 130.09570462
643.321054301 206.632053115
672.475934834 567.951745725
679.733327681 624.564852828
677.887988599 174.705790977
731.384201695 440.190091273
644.084289579 223.16230107
642.083117847 153.6482441
682.508556646 205.844845473
607.747107674 115.736725046
656.486334135 165.066708609
630.477862187 691.375464384
672.971035769 64.541351929
218.2922104 55.2897631398
663.78183857 124.396123168
613.979274874 104.376493802
633.985403969 662.436729748
645.075553209 178.026743051
616.775712904 129.45441507
