412.536850287 392.831454232
417.052160348 359.020949302
472.173343722 387.080394145
426.399572984 308.286836646
403.920033253 563.288087996
348.54180864 575.48411797
392.010059539 436.360865324
279.207407326 100.709839954
295.065282812 172.208232211
362.576318558 235.545652614
403.113695685 614.408547666
402.821103165 477.031978535
372.472401158 552.652350779
373.233166845 103.117397122
334.313633347 169.231625652
367.256857077 638.123659699
386.131045864 281.229481601
347.941865033 687.233621427
402.447664479 424.003292276
520.480623449 368.645983352
367.659442148 256.875735264
428.342171954 344.832866321
470.295430806 367.192126314
296.114082308 83.7899952514
314.107963176 194.671259083
366.303175109 176.096897984
391.245284121 220.479934162
361.172865004 207.409111562
389.340248721 520.906168626
338.953593157 81.2957687596
423.035774384 285.469391831
342.788178862 664.113787197
298.421561966 141.102773814
421.498212251 386.895496532
339.406231487 130.850429483
536.593556833 387.687400757
340.193953565 228.178633092
367.251405033 441.389956274
330.279890967 210.693975135
334.379179458 95.0323365649
369.809855487 672.20061415
502.743391876 352.238065468
394.367259163 643.294864633
344.632794612 149.378520464
455.085607866 345.608146374
415.635918406 410.687465431
368.143024649 313.082660998
318.469637882 333.385602206
296.11427148 97.3760611083
315.408496618 240.644196007
336.451068208 258.608430798
499.101856283 394.565747688
354.563691382 534.984884138
340.042765221 445.979893564
359.788531263 702.068735301
345.194004763 297.385000181
354.97204195 470.400543047
385.035327014 176.547135252
304.563331806 106.480811965
418.895797779 441.468456959
409.771619562 665.039454835
434.007443754 434.728229639
362.904191808 338.983595879
507.006111607 330.809270071
404.956354315 531.731492139
376.299540716 596.44450871
390.074167109 699.365483407
364.144620005 512.404900837
427.033399478 421.284213254
335.978980197 104.333510515
316.93356239 130.604046921
376.9163242 368.650516335
353.127553962 126.19592762
375.110336006 411.930056283
353.048156643 378.891541802
374.333871383 684.522229215
340.588158843 193.664334058
538.990891929 319.898705066
267.227479296 154.65463293
467.772157127 219.365906364
553.98212194 357.207727916
459.907632939 282.469729621
348.475477819 283.231169229
400.011649448 315.535959768
399.985585418 692.072077318
255.128265834 117.114206524
389.351276584 345.890674292
376.344816859 661.362660633
440.762603041 370.197769381
372.768598391 486.550436837
460.803538204 404.459904491
401.166908567 341.379519486
401.390820626 461.741456519
113.270663323 268.621908474
389.370808969 501.078233092
272.4850832 125.282739707
561.841574229 381.059180771
353.877237471 615.227594738
369.834600613 462.446834292
384.697866424 258.236642428
