469.781783854 127.20622709
351.061485288 521.268641115
116.689337474 208.227518853
352.593245918 699.299723292
424.52174662 166.105408049
419.942930181 310.452077288
297.014788018 229.769619783
503.65062573 96.8721939849
406.594829098 100.429804406
369.933555904 353.308287658
407.246308202 202.130227518
436.485645885 124.910239105
439.165800484 217.992266873
104.397623958 159.448974757
85.8686785837 183.221685012
325.918095973 681.497917878
103.829295173 185.121686466
409.050000487 91.7430778415
360.249183974 618.590908282
382.01837724 145.874418917
103.838624434 209.308097723
436.499220915 68.9999313993
115.735286586 174.920740134
314.828447339 259.819439593
416.868930922 123.197615738
458.655507084 206.075261395
69.8600516787 183.698871083
464.609875346 113.270277515
366.890634305 110.226639493
283.957228525 552.986617021
315.504635884 213.710298951
463.448480755 143.213919146
421.772406416 329.812816663
425.198402883 192.031653983
340.208159068 671.707749645
364.804192507 698.215415911
350.008039674 364.143451186
491.357733182 118.367695489
443.46993055 176.379203098
405.364141307 108.641297426
288.244856921 534.439107973
396.855691534 143.424241369
405.21748031 179.09777303
410.686127812 152.182538161
429.138967387 153.901026454
471.23179431 149.619608402
310.080628284 628.708552763
336.022009025 687.222499343
486.699437502 184.12458317
366.195702878 320.156085327
419.997885783 141.241269169
325.585314153 641.588877221
307.188233296 667.941113748
91.2294928772 203.588745638
324.625890516 183.235327091
486.334056617 87.9825401175
393.243764426 308.13940563
368.226677287 651.528835996
349.794502529 130.574829817
441.730579028 199.862699357
474.482463399 214.471311249
510.878871787 112.540835867
397.268048965 342.378609785
386.202125109 127.628731525
341.348961149 227.319312081
448.140920209 233.283123833
291.971544535 252.031881665
375.392895219 335.348538012
338.574654492 544.160128344
381.254661878 90.1811864712
383.757135799 110.576132019
80.2508700744 221.11796774
341.757020856 164.731130918
368.45716912 678.97367294
307.349178616 533.616571717
362.639344916 134.341764498
341.660042219 581.402005672
320.539019767 235.803024536
423.402143244 114.71437713
450.433222522 91.6363181137
456.951505471 98.7654967214
358.00829237 175.006687909
315.481279071 562.433357906
338.251879559 249.017978587
433.994131361 167.292386628
122.817460865 196.59110316
445.343609504 134.168403351
294.738410855 651.840443717
88.0938757098 167.802297125
482.894095543 151.170701617
374.641032721 184.033756297
348.931426604 663.541800967
449.434536264 190.083982111
419.851490109 100.347042701
518.707491406 428.300380356
438.029696712 81.1164141829
391.877069457 164.744355326
508.340075125 140.496011535
68.7945961979 212.034353505
317.32133857 605.143889635
