756.400101271 672.373726963
652.138430614 509.941895739
154.810169157 504.085551321
626.657087128 500.678168799
615.75525381 439.781368162
636.136127023 511.952211794
722.86154491 489.608519805
669.274771428 478.503127772
708.233913461 585.674850239
288.788241209 545.774646874
698.771507215 619.606261601
315.727441763 554.722223556
642.766432075 474.004163462
109.410398472 477.387217813
325.176040078 533.867175514
711.387529773 270.962253417
653.420939054 541.580579478
691.828906223 286.911386025
684.93085302 523.606550816
730.061584929 614.27574591
699.523576823 487.771149902
141.918725843 489.687573922
736.285686946 470.418255641
328.738603467 477.505983326
133.192922246 497.249951854
291.424979111 515.779751808
709.983330324 496.015139338
733.080104186 634.79693568
678.444960265 481.428516168
696.318816207 462.373488689
660.142982741 515.054731811
667.950715993 529.684407508
717.655494377 513.119446559
387.174644706 529.323264712
785.422280038 673.690502822
763.926623704 694.96326552
737.151599544 222.970685015
733.237080823 679.471290383
754.161622558 506.777214766
737.786431155 559.581306805
135.391205174 522.14482907
732.332937968 521.446403795
650.194573088 408.489573559
691.269651964 553.375927744
668.399734457 445.554609565
159.403536532 518.848528867
372.190558727 479.226791473
787.374871883 587.241726788
180.929239546 495.603071769
422.292717801 501.528382882
669.439706742 391.87570194
736.543953506 484.92769534
686.793008126 492.14986778
722.714191156 241.586597553
688.855993223 535.865538531
638.058857441 376.579627063
162.433718885 471.699774144
699.7913753 529.787658903
399.061586068 481.348600224
644.960691872 484.072713378
263.567052177 534.220729171
768.817162985 601.829136117
788.497991659 615.106199736
698.370320843 510.650134423
317.180612715 503.333049668
760.803377543 643.549263698
676.299347304 456.714994346
776.735937485 627.260743195
702.760716985 549.331582117
779.158970062 657.778884569
353.668402194 520.711240276
749.719601228 279.89581877
756.326652573 537.285721059
263.178424204 501.315305356
615.457056611 474.954790819
754.576411397 606.808864762
693.592733871 252.468085281
716.291339058 530.01397314
763.248974759 488.637537139
669.358461191 411.33926664
778.823535294 643.69897601
623.17105134 519.824989851
660.29520163 489.91889854
732.543288657 255.725426537
767.068166286 244.225981438
723.240934122 277.628260368
311.816320031 461.900134586
719.480866614 647.666102322
139.53386453 456.804485029
745.82368038 237.999164504
102.715241823 503.219064629
741.614580322 653.880529325
353.11301688 549.899406945
674.003249386 497.680784857
407.091560026 507.906850012
116.245234316 506.147504435
737.037241349 504.093203097
681.955849381 560.233400407
302.866189161 573.415604953
702.56110181 225.244437245
