202.378651781 89.4742731537
171.51941159 135.299876107
216.930709234 151.632963846
456.886047637 701.4126703
193.272898759 748.676020866
175.316739519 735.526346496
104.057223936 539.329103751
155.176848596 350.708608099
442.527209285 741.355316194
166.879555745 715.839074406
420.74745499 299.539678971
529.274813637 674.228983551
140.930331113 722.766654832
207.547522825 165.473862073
151.522209881 507.287397686
373.296976116 702.872730689
479.982191882 714.280822964
275.107436244 747.597899611
248.569987685 743.200630142
88.3827279157 509.125693969
166.98161061 236.526681853
501.162939768 679.694551488
284.446839557 708.711647354
174.535163202 264.249851364
154.528054435 327.86519011
177.325482803 369.474045945
141.646932525 702.255946665
204.657205484 351.033050533
176.213863905 100.80743564
413.822942291 709.318171663
391.268218974 717.087332239
172.262893435 747.812310095
179.074299964 323.138792938
172.702591418 307.416860501
191.774415479 232.023938256
192.935628771 148.290915552
187.590669436 347.776425455
353.83115272 695.868043817
207.888896788 111.381397556
106.370632563 504.638843855
333.385303485 702.291918071
219.122346881 718.843073226
484.809822414 676.231615648
198.366467439 289.361566734
386.300798044 762.386385363
151.184676264 739.575577948
372.097210362 730.463891297
316.165634362 711.262197342
230.058476087 476.182063199
208.696397395 323.379075255
237.278737353 228.758872988
377.493773766 746.255433685
443.798851166 708.754088555
467.011562937 730.807552734
228.661710318 750.402308409
357.505254073 743.13814425
195.351595855 178.80564515
209.688595443 201.273438203
116.230484008 494.807467993
486.918487863 735.267304746
226.435577223 457.181379595
520.849272128 709.48869211
196.403972562 210.072522106
192.52709981 695.94350692
304.035333538 736.396300996
120.37877066 528.668056553
504.216487199 699.100101725
251.454702939 706.73050837
318.131557194 754.302061096
227.718250632 182.326526449
222.9129283 100.067814554
399.136622742 687.913668653
220.005696453 123.61205119
133.789381601 487.50976649
523.24127243 648.341093026
213.734612422 741.664644883
214.402338509 135.280260967
206.266595897 257.217257885
197.731416819 101.874487206
88.9365123715 535.773220003
214.973610058 76.238084414
184.382751218 171.75504792
551.212193349 647.417291121
347.222789119 717.284501194
338.212589773 735.050332975
308.038838664 410.767680308
172.859077038 200.439620602
554.181887875 624.397343086
424.387716907 726.576261807
132.265609491 470.856663456
406.928069194 731.148783942
424.734903303 660.488144793
134.313165007 739.809635615
79.7798502951 526.766420085
168.529918636 288.497900983
96.8344750884 562.938274245
198.936870673 125.700656565
118.980864972 726.622897386
425.744086991 682.112947308
417.199918608 745.452400258
