619.502732151 53.0900798822
498.897039224 140.613665942
685.223697356 39.7257449251
726.5998261 333.529108093
145.192221385 125.856145999
129.655526468 88.0994394019
752.145266144 138.637064773
599.679878886 127.462780979
692.659608661 209.920681102
119.517736002 39.6422252466
786.192622279 329.514817982
703.317378037 403.377548645
116.506369044 70.1073526455
770.208683436 232.860444556
702.10143499 178.861313613
329.318472584 49.9178733065
694.229768856 348.261685553
172.218879481 74.8267710649
156.808307472 20.9792969572
741.154884472 124.926669522
573.425620131 96.8572172854
754.117330704 353.296383036
236.371795143 117.280263307
667.247853911 98.9104973905
659.310619244 131.047071312
705.031840981 137.809654134
100.743192537 49.7490813408
725.880308132 123.767676386
482.400835947 146.185238033
720.861259774 229.374793076
363.272113247 37.1334711565
125.073557916 101.852038303
709.479980296 108.997968235
480.434560835 181.185315411
688.353319816 91.2749416789
735.737629624 77.0089106919
713.410252909 135.889685604
310.16162264 92.7208586743
696.06363344 63.9137238276
742.569139662 235.146477018
274.29145394 128.759328882
166.410463082 40.1980738364
778.22254013 342.045602418
706.440250496 96.9898528831
404.401293552 72.6975570407
126.123630511 135.173688247
351.911191723 62.7234723552
250.059916621 131.943024003
717.727695387 174.384736488
726.121756885 104.312446794
743.975047389 112.193912412
380.657049772 50.3037796406
684.382763763 333.811950118
663.830466141 357.994175248
157.112604522 97.641817727
335.854713348 75.3363741282
603.804683345 62.478947541
734.704851823 96.881788194
768.033163517 257.804462174
659.950213787 386.917187431
737.801481222 150.883851811
688.385423178 391.014173049
467.109966643 159.248024794
139.483325337 47.0245108764
265.182208861 152.011115097
747.146680722 273.779993058
699.684160348 370.61179769
187.103293601 40.2700449038
286.006248393 162.018468989
785.89915568 273.18186054
667.620701105 25.0384412887
727.146731072 166.076878604
668.658040873 48.1768059774
778.355245998 289.186704726
739.013287615 366.316522953
148.133371439 65.48664536
674.541715474 65.9973520007
719.19756447 93.2632678638
551.02470194 79.206032267
731.32882562 134.530025676
648.73799179 48.0507331753
543.806510601 99.6368282397
505.518403718 692.17074307
303.273359665 118.110016917
301.519761838 138.986303507
741.557519335 196.416532576
523.528289634 122.865522357
520.22741108 680.452722871
664.521914948 204.857131385
783.439923968 305.281912666
402.75131568 37.1677450244
770.134293504 311.755329063
104.912157197 110.259946553
709.222288814 152.597540705
516.180560577 152.375445959
679.077973644 165.777988944
650.381386673 73.0661168801
100.072164459 77.5591626982
751.278047865 312.60831315
424.948446587 58.4534289169
