419.9632748 505.919460296
212.582241249 425.706819561
581.413324459 500.45786035
543.827615476 224.898894183
126.082339242 520.311139131
123.535185228 595.1365622
127.019339579 582.826262819
426.158077836 491.842377856
214.773090418 542.683538334
215.704352619 524.83127794
167.128053996 704.662132076
398.011920351 520.518489076
168.690723137 558.716960273
182.31235295 692.462189677
153.213810138 518.55538326
149.795808878 613.782467243
440.545467276 523.61450389
193.124762895 515.191315985
306.269317259 491.518003521
212.528312533 408.886832849
254.733826971 470.624014337
615.985783039 486.706354951
557.232785325 121.686404753
228.274896058 653.725840223
593.718526085 481.972877655
133.137606078 637.870523325
576.814524871 448.423174436
215.787907216 463.196420797
661.146269207 444.439992979
158.839335107 399.63061854
268.041404117 491.62838954
224.916414018 689.443580054
212.064829386 582.84409551
219.397873307 664.612354981
671.014667633 495.419557989
217.860500989 630.974346382
387.202714413 502.902403752
133.158036092 344.192724415
208.682037357 652.701018336
700.467333106 489.122384107
172.230475534 297.283109624
319.489410286 484.887637598
187.333073499 478.551409658
175.164164035 597.687566885
550.215846493 474.179072618
199.282870738 718.119130332
207.489446637 671.322122669
641.064267337 481.252850922
222.919833581 701.797753321
695.277558893 517.170517153
154.873758908 336.394459368
181.079553386 391.595146267
169.957923677 366.017447558
139.52233606 567.44412678
524.754014607 215.013421712
183.487390202 542.98591446
201.205170582 688.478190947
247.113477449 458.522812799
204.757892731 703.085750204
238.956212067 420.348121978
619.236532947 523.889268515
173.286136738 644.657829387
677.977958909 474.807703509
199.651872525 328.232402008
576.468962323 474.080947967
147.335195863 632.917266003
226.263951265 448.983295296
193.214395025 364.957268837
229.500959189 480.690145344
288.251379218 513.481223606
196.685305479 637.764542654
181.12081229 582.495610662
262.36250794 445.31075213
186.1673046 632.223006568
143.949488614 308.399411985
559.145889107 144.126083059
99.4087594379 569.422812504
617.239626627 450.907733259
295.235535756 462.945980316
203.91532607 566.285765085
290.839664689 485.50736679
411.847813019 541.764784351
180.188697693 334.616529645
177.162654427 532.486301181
110.421302 563.428475856
663.294338504 528.180926898
231.126728915 566.609583501
191.835602941 426.292768412
202.138589865 617.866959178
153.620604839 377.043767149
651.549687885 507.341343982
169.134090885 318.938734943
167.576404151 693.411042463
196.456328677 679.254843856
151.287040631 657.915296158
167.855189509 615.01598172
404.243847569 489.974970128
194.205619124 671.033510178
148.366317133 547.971275986
121.085808647 551.037492522
