535.162491478 411.568220089
230.10095526 697.364009958
481.000117801 486.786846745
484.031874064 422.193481932
254.907638996 770.95572156
228.056408964 644.137753363
501.064912587 489.203657055
369.147428385 593.052988822
527.98244645 358.232072033
340.439082436 687.339185727
513.996031379 104.330797167
457.668000678 444.501485324
548.479090229 603.162691326
482.800460928 450.497672148
458.122579366 509.902297002
330.107083767 656.975974326
439.781353064 466.540389246
272.392841797 694.673244531
233.3255445 618.623191962
241.549458154 734.663877821
509.575027968 440.494616843
283.959098594 753.175371433
314.779236634 746.056668974
266.917909415 550.198787492
357.846433139 567.614835896
537.704843376 440.509267105
316.019423617 101.430956791
268.075518372 635.623194278
256.566114932 518.887191333
211.985260969 671.681540998
318.746210133 120.162573344
267.732921339 600.950588342
234.184780535 563.477198202
278.223943853 731.082489448
564.600461461 568.508423082
306.454520091 761.583570035
247.494395557 478.50339301
295.880152134 739.456798173
338.830093527 99.9181175563
526.814268609 567.006980465
333.895575828 716.227063085
211.522724576 717.980269469
382.367474433 127.118515355
499.920208991 408.729342664
311.701812716 707.202979675
299.561723381 644.290191378
396.917123557 161.014414138
297.838327971 537.311105676
274.076334578 534.690729265
556.486691674 399.096884478
340.583378926 675.478977849
299.627615652 621.616301898
366.669427795 699.544972806
536.729305231 622.61327617
319.054715363 718.066065196
294.106554737 490.644320037
380.322746734 101.163505029
519.745810508 595.620502391
288.69953613 464.419843242
271.997675747 660.139150804
305.507047884 665.981987595
564.880341101 362.981639131
288.269792219 676.0877417
500.22611514 575.334632897
510.627140829 331.309668209
462.943634608 378.603944205
492.738634904 369.415170381
347.528962077 729.218776778
228.375196949 757.860851419
275.745308443 577.248479777
542.243511986 372.94445275
342.857134869 128.294305973
278.333942173 493.643990683
256.058663693 560.178256462
555.562617115 338.554855808
548.14017942 586.160642734
262.47832902 749.657097083
311.44721198 684.249841374
344.643268865 697.282404574
252.591780574 676.212373417
197.220599641 697.161422829
214.106543975 744.1690461
320.410968409 728.150081386
293.140636309 517.573083733
299.083145072 705.228590797
285.432934524 773.197009527
475.666562796 525.477505452
337.061194776 760.618145642
506.734968335 617.432045687
322.415547827 696.551774832
278.9449343 714.792922756
251.757257961 721.139251749
449.784337611 478.771412045
517.877594494 391.147102058
509.77361928 121.280788018
355.060101183 741.474000732
267.626480447 459.324834061
330.857375095 139.167674394
363.269575285 110.368820233
349.579482415 590.822478512
