108.220469932 601.104462093
139.974614992 629.668347766
117.935535916 581.579270252
444.386621422 730.187270651
157.094798781 724.213951247
73.8961895489 614.440176904
142.710744734 676.428458418
139.882870139 343.733322875
152.99248026 414.76787017
275.25046798 470.594014914
178.542305169 714.31486116
240.89542081 711.165217351
117.001529392 698.365090903
130.015719759 99.9008243545
177.655400415 355.744934397
128.764262564 726.96537959
405.938284924 721.535365767
88.323722485 655.622747907
170.51695246 684.696450194
488.822162869 743.900733977
166.48000887 399.911653379
400.101988629 751.092190475
424.11794008 760.323819161
159.303225257 326.039828712
155.630522182 449.953389693
143.720892457 150.019186919
164.928237176 136.051056223
392.357150469 540.311864925
148.578607591 711.277729395
125.009561816 114.179223369
164.633601846 172.780060217
83.8494960823 649.024268774
154.694614178 373.697372961
93.3482267501 579.149388749
139.676365353 217.616493819
467.714827869 762.241379952
188.386609315 392.495277225
124.441164315 682.256600007
177.437859149 371.078393736
132.973842719 146.107218794
123.264318658 742.098007675
173.790284856 210.376302397
165.824815003 736.657300106
157.948306946 198.711917083
481.599302622 715.618726028
152.193197879 656.546505269
187.381792291 440.002376918
393.489954223 328.473107989
174.831270417 342.564724492
124.14939328 531.374180368
148.508658695 500.699964981
176.490394445 651.004819153
95.3356746938 632.780856382
96.6974531467 611.88976031
92.1640659767 693.841257488
127.743751135 561.184859545
117.344675968 653.829706592
152.103966352 131.04756695
187.002944409 317.266366908
187.241342459 688.897893979
141.535240353 719.487895633
228.191442318 694.961399289
156.577226803 521.82614247
188.150365824 117.803882517
228.558548254 720.388896531
140.896405755 712.068297896
156.495110002 744.668393114
141.279138081 699.719666345
184.781420974 672.400700405
140.242596915 167.93709937
136.600338157 186.589307355
106.371220039 562.06836016
142.070996852 128.411965478
124.335729123 631.168593554
99.4323596327 543.300268445
138.789630865 735.892235012
366.604601137 528.591999952
178.239278166 99.9556496977
135.938246184 443.201265565
153.281114948 103.049847671
183.885038547 148.491493549
164.97058066 116.267256399
379.891343276 731.219467875
456.616495884 738.093896736
195.525713551 727.033232959
135.894094267 418.339435879
173.165143579 463.679437124
132.28563987 709.544615966
224.154998343 564.398976271
189.88727212 698.749579529
140.185627786 665.335879395
416.149661417 732.975407161
161.670785353 699.070934223
138.4265919 274.526397895
178.060597947 701.104538419
150.810029068 391.682611959
198.199640843 195.001506864
97.9480073215 678.381091831
150.098977864 688.509719009
417.630970339 541.950126633
