541.596330689 590.54093152
516.732297076 82.5447524429
678.660449377 209.817524702
573.395841601 156.577030675
528.502182006 48.4517589851
555.992614525 602.120230532
709.049927296 105.311066307
697.377548153 110.48041299
534.414107806 674.710400387
491.300198232 615.393937944
513.820872604 699.677145045
133.276184916 121.040800843
514.495029567 656.39682002
550.19335695 563.497554381
658.39518519 170.243012879
541.726856336 530.478582533
496.542398923 667.65460755
700.231736318 67.8707252334
491.783085705 84.7709332824
529.582734717 171.108932034
484.863678337 68.9540370278
685.113138121 48.9132967395
690.903123678 166.776133704
513.880182241 144.191990446
151.571555183 93.5936999898
470.213984179 119.640521532
664.611533673 74.4919290312
699.400201858 81.3675512551
602.114293051 130.887952647
106.814363682 118.69532752
570.646860951 527.523361545
578.61687648 111.096391636
553.677555685 33.2957219639
508.820719234 100.849130799
475.015391697 692.52216902
503.918205083 185.766108166
558.504979447 27.9080473
533.184846034 690.714500779
577.195358036 58.8065131232
526.078704075 37.1838912288
647.163307709 467.897555003
552.724773322 17.6161106329
695.486895324 189.19538397
472.686981604 204.471139666
494.964824329 119.400839309
541.73964295 662.293614061
661.831274822 93.7528410932
637.539594474 33.1775105298
542.801892293 90.1120903931
636.743198047 101.27675707
488.685583446 193.03973706
484.024539068 159.39446958
529.93621055 66.9922619424
537.808991463 622.926247328
641.175817295 121.264318454
518.198041267 184.71052734
517.075493469 560.95716839
551.267061353 77.0308668935
679.893679134 129.454511643
497.145654099 34.505426127
555.588154542 47.4277086077
511.195861381 596.223322577
647.702515396 139.492326278
464.663195789 164.497305433
537.558968454 457.093450631
122.266653057 132.956016553
700.703634742 124.494129194
110.831059417 81.4122948079
563.77200807 498.792837561
527.600995142 643.73820406
531.178685149 138.451395543
498.144402578 681.962294615
673.791172024 7.61108081141
493.250840027 144.943505873
594.249200877 84.4122099091
547.581639472 164.986460942
154.830525258 118.453918481
581.757265451 31.8029439881
643.95351305 16.1830566721
573.562872405 551.769949293
678.210490973 91.3160851633
488.055865117 638.586396065
643.081128749 9.35374663989
618.948092983 65.4975001357
511.469689993 620.550355237
539.234644973 110.541059105
99.2303685517 101.171964608
525.735618566 21.7335283866
554.550371074 465.346462525
518.475518308 59.5478617721
590.830350574 169.01240833
130.351660551 92.3380347545
690.104845651 20.9386931951
543.344416132 489.322733716
475.692786153 52.6934170699
614.035791435 11.4146799447
509.807387574 72.6241766187
655.151120536 44.6749424798
663.414758991 21.8813696197
482.072964473 95.0645240002
