424.493706164 325.461552157
274.743982702 343.672876326
283.648498073 555.092816329
275.586762904 712.770886364
222.550986633 273.077884247
105.060503458 718.194158163
282.900456207 187.505359935
285.876586029 139.95281436
214.555383783 772.15291887
406.136673229 368.598722696
201.786810747 752.451948235
212.093023721 320.877711826
436.282342393 295.778492698
272.302096631 499.606216811
414.010206428 289.856530542
229.847526584 544.797993598
173.53444112 631.7691946
313.465265139 384.320278402
242.250026477 164.363017586
236.142232785 667.472436588
247.45539793 142.118985506
275.327369168 529.924011018
276.688911441 233.959163197
210.82011685 699.722529752
233.417082713 294.75819619
252.715008168 183.50773214
271.036880009 577.668933708
273.049317847 147.035176648
275.382166637 651.500101003
255.844957391 469.226043451
233.372141769 149.183725444
295.17014327 723.293491547
237.655471522 650.713648623
217.108508903 584.493777174
246.792202157 740.635428468
303.614250552 497.906003504
138.07805095 694.736249775
229.988172512 755.704068068
189.48128911 739.067986536
277.076625057 698.556840175
275.081230879 211.640311631
275.290372351 173.497051166
257.225795823 252.388390733
258.158940511 335.08451627
288.105453458 119.636838627
162.034272176 748.780122903
215.69643955 684.26258569
268.283707366 680.227406155
233.566405991 736.788973054
260.39625102 705.125090478
306.070723335 426.632160623
239.383762182 246.81904399
258.336489828 550.427996617
442.124126596 338.650797007
403.702843543 315.493265749
448.42000499 317.880812089
197.140057012 720.719604651
209.680066833 620.8606743
304.315439197 367.47518675
274.037975499 126.947147426
248.535812431 718.956696488
255.423750866 624.103538108
290.186660155 629.304392373
254.7634627 311.507176546
204.261395066 281.106637593
250.45567782 514.136221274
280.715810526 297.004211006
226.083615481 217.862876663
249.153121634 212.5901334
117.759881788 711.92876441
259.229263123 756.168566142
145.788330131 737.566955468
235.419607172 317.910669292
257.159027994 234.684368603
424.367053227 368.588372277
286.814337019 739.81063941
268.913886722 428.05491715
289.811542472 686.139195252
187.43980994 680.979232619
247.917590149 122.962798845
287.117905212 161.155670105
239.95234464 353.229646298
297.864407859 412.565352513
178.950349145 731.062770888
406.171762836 348.298046542
263.806221125 730.898313212
249.631735303 378.552759358
260.828630258 200.31514793
303.122484431 452.875302115
274.515978473 452.613985662
286.551037312 726.948736446
219.820859811 245.164841445
285.296630236 386.776166501
280.097617002 474.95734979
235.169806554 200.504399383
172.269613819 669.60338879
281.16254382 107.333872848
204.788843191 647.284287527
250.877811866 584.187884965
260.216215915 279.817059005
