195.873396182 577.145368363
60.1119372621 402.180999205
408.736188555 447.69810403
22.5485794624 346.464903455
430.563326965 479.71381025
67.0808229041 449.064812082
46.3007048368 577.832157855
86.0375410442 612.313750429
438.435329547 436.473668979
47.293504633 151.686692882
103.100451852 488.777732727
597.08165678 381.356367723
53.7364450848 99.9214494157
57.8235266245 352.931632078
602.831381799 288.670862816
71.5433377672 299.592580494
39.0458882463 341.153981814
591.637790648 366.728655481
449.012358919 459.2139726
266.237093557 546.31472493
272.963695596 395.915890016
54.865532087 324.87331215
79.7179823099 540.903303025
69.9299047922 86.2155531666
175.728742426 502.528712716
40.6828234247 102.068286321
500.012044673 156.148163992
543.324299016 336.175876131
631.669262165 361.843717759
51.5212502944 546.26783167
85.3036529427 479.231975953
54.4064169825 129.88305848
246.534334435 438.567615042
38.4717358841 174.603082979
247.335014105 605.10969117
87.3335414434 527.815885617
96.159643974 136.284981525
68.310961029 527.499088776
55.196067771 612.899574977
523.012631673 143.313389781
258.414842486 628.337680253
346.39248454 425.564789306
243.220139161 465.502659069
509.731916803 235.36670381
92.7275359906 312.566663386
46.4563236543 84.8970807069
61.4142190444 214.210696177
631.802059988 339.028828854
205.107748165 461.82449022
102.642761841 601.172602165
364.07799656 396.922884264
68.5979977795 568.081444488
280.851868839 585.258446023
79.5879099661 100.901857617
573.417065893 311.554078878
114.164716615 576.348169836
71.5118681598 168.574044567
131.496081884 493.978805942
73.9467982923 139.722694836
44.8805543201 371.239509542
210.134570956 669.938705576
92.0313117804 460.547129666
538.727185916 239.975553804
446.486958621 420.525864457
548.459718337 289.982865703
234.805064219 586.489172993
388.791892496 429.907944306
609.981304553 344.043670227
258.317569439 526.952902176
289.666664529 565.050096183
585.556976704 349.885943809
79.1777305809 248.678642906
242.643008995 492.510619146
62.50049094 114.135497858
30.1187421711 221.726082379
225.433008601 563.143970638
362.548856213 451.951102997
79.7183838202 351.473472119
75.5788482681 601.35622085
379.292296113 420.123856732
565.72700737 334.538135208
95.3344230163 508.580223991
36.0763186385 308.892045471
167.073332282 474.629746575
84.8589299255 193.205615592
619.571935839 383.812012047
570.139716242 291.722507068
257.495092936 573.873988515
48.7568937186 204.671120695
183.125948339 441.962914309
208.131735547 491.790970968
145.609204629 538.063835856
93.2265585821 575.771363989
81.8099323173 392.70251624
380.017629991 467.19116752
206.525595277 542.684745787
411.581747532 421.55560075
596.954278933 324.7904936
19.5629193501 291.300977931
91.0896543302 118.610527232
