655.50516969 541.546300775
572.002471408 615.303862573
684.834920889 565.289524436
690.359709641 549.292535577
595.571513317 626.439131008
628.78839058 551.645065737
657.461820378 624.771846546
260.187335658 546.279551251
620.157368032 444.172035857
651.392918017 593.463154846
642.103757191 623.46477392
547.347070629 583.10323591
289.693378675 543.666307845
596.323070254 320.537795703
554.631872363 98.7403974986
524.380860145 683.630434225
712.684451797 587.182354163
546.972147638 605.971411336
673.979901732 617.178313805
679.123824298 602.159316035
703.958656235 589.482958337
669.678455399 587.405518764
600.46396009 592.831814537
561.864130182 180.283460087
690.818714437 574.598703534
525.082804211 293.175531232
522.193796117 232.84260769
583.334932544 166.822947943
639.209375708 658.683209055
559.40087806 260.438857876
560.64685474 142.54781362
518.397968376 567.154451856
209.98257517 499.719976843
567.877654523 525.550297467
617.600839811 527.608340329
636.103947137 595.983956933
695.606718362 523.695236265
516.13438811 627.681836104
542.281209547 132.306518553
551.550302147 297.349712238
546.328884232 693.37904974
576.867568325 240.002449935
612.5036185 678.100825054
661.115390289 407.550713339
690.563520641 605.348604868
543.543574185 654.663116861
556.589555508 111.769604597
575.134743474 123.363969846
536.71563844 104.957729576
727.494646088 458.014750336
743.753557596 441.015472577
589.483371916 601.380781321
548.33143717 668.191319975
280.898192982 561.913440546
217.163960716 526.487039197
584.114601472 276.54092488
565.222901941 628.895460424
579.502885609 294.436034868
523.037991235 115.759596255
537.524276955 639.522448246
575.705678232 678.15902425
538.098779087 587.09256311
586.296941793 147.358151452
522.387774203 262.115216618
579.878493041 642.372951968
497.253527951 595.758528035
597.307979595 688.021921378
542.401252411 615.093742288
503.289997099 630.112465548
566.860424668 318.704255591
640.492029083 417.933764713
682.504774552 437.432739755
675.50051989 512.906845134
711.484481392 439.344910612
683.175970103 419.102127607
577.384336952 653.937059341
666.553955096 440.412847467
546.03506199 272.167972534
172.295306831 518.988217321
552.268654783 233.310344517
525.715056966 148.880919731
545.661298345 165.617346221
596.309724157 568.519596138
700.597086396 612.565630504
626.809284849 621.894670308
191.469446945 529.039726019
736.786830809 419.198972703
665.333963309 560.33757986
572.81813001 585.486590408
479.747786559 638.349409982
523.498989932 589.87242024
717.368798481 403.129184376
519.984767268 660.888406578
583.376459612 506.641643046
625.748853862 650.756542157
192.814102161 499.36212617
542.935817898 194.420650729
599.54155569 666.699438095
607.786454894 646.036661189
714.762287823 603.661834093
