356.387540672 751.039158831
256.335007421 731.637803231
417.923602076 383.301821361
227.451085465 730.674520165
471.347467556 510.855409329
240.363153715 756.953105209
618.417702682 647.5691798
455.322530142 582.302348899
503.47306255 329.629282921
382.652273394 588.148342527
318.814803493 751.88497134
428.388283998 562.103625974
399.147112782 636.911818364
410.166095415 302.405211802
427.434362825 527.873785545
451.184772341 276.466551214
359.715754209 701.428204241
472.414608938 482.916578295
371.773527473 675.214123708
346.575091502 727.971281677
372.447284056 132.023977905
398.176357439 276.193944163
644.154623611 621.36127853
360.374726488 225.230727566
414.55376501 340.888292591
382.326962079 552.211179048
391.66526862 114.76783823
365.775194698 724.422913375
499.385059598 454.21500708
620.711755089 624.681815754
289.758637652 741.017129376
367.136836082 689.899728314
397.468138661 153.952787474
348.189185125 648.477010832
391.491727208 755.069029482
370.059362172 767.468551601
334.167012983 101.398927262
351.812057704 774.738276951
627.455280515 676.745473111
526.687585066 323.120678679
303.676948575 553.194149627
448.785796977 186.298420184
456.457508982 254.021989687
415.01306923 675.417510517
400.67949606 205.92530361
391.861722391 510.557987722
422.49914428 260.942921586
405.726467473 687.41238377
450.568866524 338.610863556
475.018413499 545.978775527
359.126342901 98.8737720073
644.772388595 650.91322837
523.819996025 485.745480655
361.471926952 190.050814188
384.370101904 687.284252503
501.212298679 502.209679273
344.964379474 154.242305338
405.276856077 655.514105902
394.214052302 237.699914692
290.279332555 711.242254064
266.404801191 613.594753476
332.303272713 724.611574433
405.373043748 696.609618298
436.461726115 193.081541701
435.92473124 482.841555876
372.648545056 737.500305718
381.381695842 99.6199924984
401.788579143 705.144816721
407.968850957 669.72558371
397.630815407 732.880380956
474.249461385 449.017822271
373.605847567 149.382240308
569.610913737 322.671820588
337.738843333 611.484156155
334.291015067 681.615892254
365.413406558 711.300487484
441.071705408 233.559867744
515.886491444 307.795719504
656.025805129 670.292133221
370.32503306 116.674887925
405.719511483 717.741736015
284.269214024 764.777985753
330.10036841 704.650098701
472.941851164 310.005928055
354.038787161 118.398945333
498.45905526 476.381702599
450.902628982 409.691694175
344.461250235 751.690039713
439.054965256 299.879182554
422.262528827 229.584930459
398.312752687 373.778343329
330.847556284 774.158376234
457.035537542 550.000044906
388.457477271 659.159299348
415.944513737 560.893323174
387.976443415 397.563554776
422.028483532 100.682791244
409.765380762 676.868225657
269.082350598 693.936084342
339.971232202 123.865709061
