115.682927147 502.777182196
93.1033220701 443.190909656
520.003767796 62.3731802208
699.779365268 110.149752861
147.676971213 331.528962305
19.2346817127 198.046564741
305.605126962 120.514031231
56.9998406323 104.918726689
239.435953852 327.835551539
202.265786057 160.18373696
121.389762828 652.471551389
53.6794704539 138.81950132
180.387520927 355.550632424
410.769611474 200.9934166
169.713765199 328.843917578
281.55942166 161.634396984
66.2532334845 200.163446388
188.412609374 144.398305305
2.77409582254 113.196744062
543.310236745 251.081877903
22.4897269016 90.5004737976
558.245353868 61.7411857752
375.297761944 167.087377281
179.545548555 638.172312363
116.753053112 117.063544625
270.967974456 108.694729632
609.206540493 91.9135992661
28.007901484 101.490773381
699.892159993 72.2129775335
240.373092471 145.302345486
2.55806488639 91.5379049205
657.487563928 112.029133911
466.300856658 235.428754901
133.455197319 638.841372142
536.570733415 98.2397420137
405.206877227 179.506539836
57.927236977 118.042065617
242.811521476 353.807724849
84.7685280787 607.221934636
699.427520504 95.8576986296
404.447053009 117.067158426
20.9062452369 133.318067896
263.931384627 134.858466052
141.065529345 143.8864975
60.8400739003 84.9811416577
155.501118289 700.183192011
245.454654381 378.349875262
544.954704081 83.2260818709
439.407113299 296.548868445
676.276394231 101.417248962
220.730468764 131.292585442
227.892916038 120.329387903
236.178605425 127.511748796
202.625049869 374.615789129
267.274992172 434.992898717
204.77775662 339.25633942
92.3703704194 639.202070377
72.7656959504 504.869477451
150.027130704 660.51806821
33.9876492036 81.8570548641
498.103520353 98.6515031896
274.479988208 148.110432296
645.923171861 85.9222927667
74.9584689904 467.454838417
82.5960497202 116.345018573
276.233567055 132.773066424
91.1862127999 483.218665995
207.053243994 112.190667108
228.532643651 106.867669353
23.6083978394 155.436323914
265.187919563 339.683654115
39.5763716543 167.447189875
93.4532124213 129.778822109
295.56222233 145.45307915
188.126929736 133.237363247
517.516047189 116.24450147
123.681413067 382.133806627
674.907416177 73.9179424129
117.219902746 150.276019352
6.82314699947 77.3537004454
29.2359870264 115.548276201
64.524910847 152.325750326
201.979203517 140.442197986
46.3307367633 225.32423149
172.505172599 391.804535375
684.892458217 141.223207366
86.9867087962 155.562478989
252.761939012 126.015009156
379.498413403 210.553447117
223.8874272 156.739849313
513.000581012 91.9435455233
189.796862475 121.869251663
153.574176789 630.359916646
212.753893878 148.705656866
194.824614874 100.713019846
43.8377117255 196.355867739
48.0556564018 68.602367492
104.800537658 621.687464668
112.695726602 350.513588463
147.875617583 362.888619201
