184.229397995 343.979095616
278.487974245 609.117219495
459.350973665 761.740628552
231.608756784 765.472697897
354.544615085 720.232862207
185.2925782 734.364779504
148.567735934 403.722841772
225.426586841 171.197570109
200.415906421 186.293665728
482.833015497 743.467864344
308.772870383 619.794356763
189.442334477 385.191246121
193.78167655 753.172377051
372.310079964 504.245788024
155.007254932 342.558165138
389.712685339 769.874474984
421.461904864 718.016210221
201.020802848 123.550573573
281.912018293 712.307425969
328.563664297 660.48111302
285.021159051 634.333322271
207.406342174 102.546028976
207.236150422 465.449503889
141.649886086 384.666867588
182.365276516 643.391162711
213.680260671 779.881018645
152.693384165 671.244066234
189.980977208 286.49149495
171.028119618 120.331946741
210.420434837 701.74354528
161.618807743 371.197946363
327.170070549 600.119834189
267.04616944 751.289203229
303.210026326 696.975187944
185.849448205 682.030194571
263.466445977 765.617840575
294.438924572 653.415734193
123.197787522 557.670521367
316.681899849 646.494205341
179.66462674 363.083236037
168.969792214 707.801746132
351.327573501 520.233828581
174.782367341 325.918465043
427.695353094 742.958725139
383.682303072 722.192094096
344.571497691 627.360968708
259.196742996 691.177918259
253.003473947 653.035381191
274.863093631 783.387275676
305.026662983 670.469799142
136.000056618 580.700958326
249.657521347 735.594110553
262.019695215 716.302229819
453.530178897 740.319689829
191.245793972 227.017901889
209.628780435 205.646438769
461.800576337 716.926316672
304.030797665 710.99820846
173.582404643 186.327317942
300.102880176 756.396517075
215.542768089 763.8891936
220.994930818 244.328183995
238.479511209 719.741495002
108.741702832 569.872070438
344.448809406 679.213502701
248.044304898 782.541454933
184.245465118 100.00643616
312.82843842 728.716386575
281.884086842 695.391671547
197.375383324 88.896073785
195.472118822 165.892924287
368.477730118 748.867289868
179.602476559 405.454573756
297.805780555 741.35629532
280.20475638 659.682293994
182.079009472 306.608701952
290.700209305 727.411685734
108.291474579 608.323265274
230.615366072 140.284854668
216.991957774 115.235435493
215.298728948 356.111271435
325.076101605 632.334345121
205.592314938 724.713140249
130.907940839 655.016600869
189.940424583 264.910968186
307.150660588 686.602585005
121.667764862 599.435487297
425.055471912 766.9047379
401.4968786 742.365730446
145.004388122 629.104140284
194.404907955 144.949401468
279.221059171 733.261068037
238.345908004 751.264880517
207.974366676 322.103885823
225.195660794 268.467035686
234.327515957 100.102801986
175.143045185 666.879851382
211.165315454 292.285152232
236.775475278 683.964816111
280.368575373 681.42661898
