226.332052776 609.53637459
176.612114827 381.605599164
452.673557429 724.376193914
485.073587755 737.230722255
153.20945806 740.995019475
81.9812258068 757.237554073
103.333049449 568.245808704
700.0435671 796.711459812
641.904391248 795.848852897
128.486158513 470.446992213
132.862368345 607.854222525
607.504067834 498.317133956
89.2681992269 729.745505528
136.46600371 548.781323991
108.595786931 770.553676811
609.961615333 778.449935041
633.296542249 765.904206939
126.454259728 705.843365807
176.982592333 731.157845921
203.777719089 120.460911482
145.553916825 455.04760097
614.421133054 751.669806692
130.35808598 765.797110634
128.427823115 544.244887104
80.2786036128 621.221631284
127.023530041 751.484843808
34.5431905986 708.913712249
466.398018155 771.081528458
151.956539819 540.783581969
484.605027549 759.347602292
618.621783023 793.280946367
187.475361807 279.485815206
405.040073191 773.385881919
109.455392903 646.748744641
153.609269259 496.465706091
192.142422432 341.331340909
378.03723838 772.888082806
493.480657486 778.312572122
641.201699878 732.663243374
204.993694787 264.491770761
67.1223965722 717.769381461
116.466670477 714.11699582
174.925990963 638.723873618
100.680777756 585.47995576
114.249392949 693.583972918
182.807840577 140.26524922
124.821234529 734.549842034
66.845722029 643.150423151
102.159379126 717.709546301
369.846810868 750.700268246
134.255652485 581.742842744
103.207231781 625.59541175
396.675120988 751.972876806
517.164270014 741.223271983
160.420961045 780.039059054
96.4229103549 647.971130373
168.189086465 418.393226556
182.095227689 459.774013157
226.157350881 110.501013456
659.7785008 779.37165035
45.848584221 695.400279177
693.154285814 776.445143032
169.917282086 454.274820811
88.427694448 697.607053724
91.8497014678 685.735611083
150.259187202 429.581605105
655.676747129 761.680493994
78.5489914702 670.589614779
159.315071334 729.694770129
202.911679004 647.021072718
669.614581231 747.477836906
116.473995826 630.106451914
699.208905168 759.837557599
129.130391217 517.812584886
173.275957037 506.744120413
153.898162075 764.385157735
426.988411665 715.554254178
121.593471572 591.178527245
167.374888922 558.655865885
204.145787608 135.763836931
539.880338073 355.213393451
250.104825459 144.520001676
424.728673622 748.565516104
146.188042251 743.244747654
108.535501602 676.750765619
509.830014561 765.015314103
214.639686783 307.075014205
396.193146061 727.619063979
676.359074973 793.239671707
227.087651426 142.313975691
50.9345089728 678.020801337
126.578169118 571.975271816
114.381139631 745.69500217
201.048256875 104.130228522
84.7141003485 612.493048021
190.793638867 116.777706336
192.206139028 626.885007493
78.4709199788 744.080314556
110.712578503 610.154106585
74.554438191 696.671945563
