45.4996947064 143.618341023
684.909370191 81.9730230906
679.076166929 37.0940498013
87.1096012316 124.962391445
707.028737049 56.562470703
52.9052554099 164.645809707
347.455191244 39.1257766263
625.76542427 55.5425805627
24.6828334677 128.250046301
345.208892142 259.630792521
703.829064069 33.2681274535
63.1396500425 158.350024166
337.31460984 487.07640607
307.515759094 97.662314698
265.365310727 98.5225737278
329.392999403 531.215923792
298.021118051 116.459682827
291.212867704 419.048194325
321.088893032 66.6555724312
296.629334756 224.595340652
271.823405494 146.667770285
321.434515468 262.706751042
285.244661827 481.01544268
433.522626317 54.4645909888
502.482975935 82.559654758
53.3904986699 135.118891644
198.446191179 146.058025225
429.804861752 71.8939955159
205.11310163 130.381876053
399.621693884 84.6887418893
388.896456366 58.9202514983
29.3849111555 168.965719926
264.152699278 312.839912915
249.627084215 169.664138831
363.64077571 326.122152674
103.549439116 145.447858547
271.658553829 255.337632762
50.8678001476 197.183552905
215.532366169 152.419437109
365.68622373 71.6779784014
307.874369215 568.979220065
469.026306952 97.9987130346
316.041081705 282.576520019
322.570004668 322.730473257
452.17975092 211.831709178
682.098763752 58.653783097
242.910638338 150.365495896
252.150910122 144.530326169
230.464019804 104.60332324
67.5579937106 140.401106133
429.659861478 107.083718331
278.78344986 333.488903376
293.315140285 528.667577673
332.443523564 417.381681725
311.681033077 360.225419399
426.617350158 89.1853433388
661.370081037 68.7599829112
356.226610843 369.424965509
258.137446673 113.937911861
607.585551398 47.3664319838
351.578861698 287.546505785
64.8038234867 121.760605308
340.355031852 105.18362677
225.187547346 120.162273269
327.828503045 563.688289304
28.7761639862 195.172824934
330.432539027 85.4625767988
305.502911658 599.304413815
263.461656239 365.834175326
351.142435234 57.5657952732
41.9216502204 122.534768607
287.915610505 355.326333933
296.15424588 400.067998325
101.28531129 256.315084496
32.4692318652 113.140863433
326.857722621 588.056518697
277.360222034 277.986628638
365.364791107 94.3066522926
307.166492944 450.178295525
377.012862358 107.156780086
270.02951258 121.086148397
329.003928466 301.267759605
291.169075405 376.042536797
541.180010025 71.7231584128
300.292783398 331.67635965
312.134542342 480.218674721
329.910146115 347.584737835
263.046692533 511.698936921
650.82479239 51.8506616893
271.738598086 438.453022978
268.266784807 388.960948921
290.564476795 301.760964578
76.5975475617 169.554968339
26.2158182884 149.497083055
251.607621326 132.787494291
284.065294461 575.330799103
200.836042231 112.508943492
294.623014133 255.575819176
225.891706559 136.870528362
525.04021915 56.7616118604
