594.705670611 219.78984741
504.290050923 134.212884936
514.908504584 194.267755653
478.841918509 613.274369337
393.320039746 134.286573079
354.070023575 292.73356836
595.856789599 98.4499117746
587.353952528 80.8520849354
415.015647432 699.204492214
570.603619912 262.768519077
418.982454112 653.37117059
300.713014176 83.3661512678
629.211204854 197.518687665
360.548588755 185.806131072
600.694100469 176.776886254
298.700458925 128.419130611
375.952870806 229.505862086
482.354438171 148.70781931
454.319281371 106.500319409
480.624065964 348.524559323
461.546594292 97.6567301941
475.340902137 163.322531099
567.801855354 160.282641026
401.09603333 291.951815828
451.817774192 134.449981843
469.288346632 108.160443005
480.219878456 172.967358641
530.294841455 109.794059561
503.032227707 357.444626799
288.713973615 107.851129133
399.170369603 108.663953677
472.17573186 686.720578997
495.514131962 317.894624786
365.908232005 198.000731891
398.478862803 678.274707017
503.272357045 169.79958661
411.779203259 246.481984421
427.823555316 678.352132773
431.973155709 597.021981781
220.470176679 355.495801233
558.754702032 126.972419822
542.59443703 109.699032886
535.030614066 126.983961732
463.855703264 144.370090984
551.500597208 98.4812077219
411.966945594 621.361900162
450.307116141 241.655716935
418.237797177 284.683871707
440.127805626 638.874814661
452.469908571 583.564166737
502.384219608 154.698390712
453.70378203 123.232007261
381.142883364 190.945575881
620.535705795 226.92384704
586.330631602 194.542646953
638.865473539 211.660872272
375.10394271 311.434503239
400.030835659 204.946180206
533.133657876 167.329674473
484.914344176 100.562109582
453.133053907 627.263857659
505.549294868 240.169743373
508.748291075 333.841557566
461.558491155 133.800359241
346.11549716 100.587282398
271.227885178 121.004953522
535.56510752 142.692806114
320.529669127 72.7465345
427.956579067 123.041882038
374.692660588 267.375709035
432.991040831 699.041569233
389.099395832 581.397923898
421.771154732 142.062437776
468.522440414 127.999607525
610.480273698 241.42085415
454.631803863 700.626292478
318.915777 97.6257118376
398.085091321 317.299662679
479.93787791 221.810315393
369.615620526 108.237413041
564.519297971 105.559267249
367.534753981 160.216926253
430.990675127 164.461082481
423.663488967 565.044038633
574.202199307 229.162089642
441.692021926 665.559794563
273.725475489 85.6405245698
507.480444605 112.599200147
443.856966902 152.164654665
387.932909676 164.096554811
464.460663006 655.440005108
288.200890015 70.4266461473
465.969057854 157.269037656
312.153569328 119.663476482
434.387996556 100.756784155
459.981226085 186.549352819
519.033802484 101.081406515
435.00374695 178.042101752
440.080333595 168.134264162
485.326133677 116.080844388
