170.382400913 751.982414196
691.21624961 751.25938805
645.776278996 711.290989792
369.04822419 662.212417487
697.18744097 729.579994919
154.654469276 762.633723849
444.18514229 261.598695229
610.334397637 728.903367749
150.15763205 739.613612311
408.602993903 323.225202624
672.015342627 709.503420755
288.116283369 690.47311621
418.370905447 686.025855853
429.715620817 206.827929674
417.505481811 145.668747443
424.282615239 699.29073782
414.253612179 233.676949434
292.603880898 717.050473269
422.334175203 256.710980468
398.527358361 251.53010554
411.829999686 214.57189746
407.006030166 280.564486277
335.116058735 734.80532006
451.421325482 607.37168064
617.648463551 86.0178036572
347.08132238 663.07711127
333.917293862 453.81921371
480.971711579 618.150510132
386.360758469 274.434085248
453.586863133 628.440001334
427.043862719 611.563274383
130.312220479 759.578707273
391.960035857 677.122003241
210.112331311 709.538192337
314.565257107 605.625585833
416.447852036 670.277025526
298.053384945 628.458578256
179.427235802 769.071431879
366.055444031 444.746290424
403.438617526 616.717059654
396.225210204 721.919976752
500.957445434 631.510655113
395.531465617 339.666794532
418.476870744 654.819769937
633.612024562 102.074050099
672.932765811 734.441317696
351.012183538 316.023343634
377.095687729 336.730231423
386.92801624 173.723199964
394.973524073 667.01751811
462.363326133 647.755662849
386.008279865 677.923132402
400.116620702 712.403272062
405.842035123 701.271594159
435.290495773 688.321859166
484.522277484 645.741681177
653.059818306 744.959122162
446.070298122 649.8274584
409.367079682 157.885350675
610.440993641 713.090884664
392.998598402 426.202914974
200.767896262 737.936111221
401.304512768 453.039515697
396.637810461 213.829733989
429.397890917 708.44993348
111.112678455 766.096091618
421.105955113 356.981981172
378.354922638 723.19306168
132.732722439 769.271889582
372.255329554 612.178604803
165.103620481 728.609717276
337.45877932 679.91521411
345.702825839 695.329686783
351.792644056 670.647410071
183.086189959 713.284424592
431.767804098 720.488257599
340.70581406 649.625190179
396.574720418 639.763045947
399.035797725 690.501245404
437.45717601 636.826681031
426.930888577 183.011140343
378.019442151 469.165157002
319.030200036 690.277072099
656.287259343 85.3259477121
438.758651327 673.014079562
395.103256342 698.186151213
447.184831714 661.391944794
334.813202598 708.608508812
633.198600807 726.084089668
299.829931516 736.492646462
152.027115598 774.989324395
395.2833794 653.140517171
247.327856328 737.223685184
127.301455394 742.787700102
383.43182086 247.986201529
373.748444593 700.997494517
403.737352576 191.984651582
393.427496604 313.045974768
386.185276295 217.251523678
639.145551374 74.752828184
