295.851709437 261.666414196
397.407720042 381.258483964
208.091223003 425.466965115
163.731649385 263.786685634
128.921464674 563.747631713
134.499376868 240.634791943
210.681644556 156.752701037
645.093489468 439.207386993
333.50039436 271.075404804
351.94610133 418.957591562
538.449420739 440.121413587
343.050756441 321.314437321
150.985249329 215.026639071
361.707903262 383.547640889
212.917371887 98.9173849753
132.030363683 601.253724028
373.46050027 418.758707963
520.455608428 398.496979456
154.087756892 436.886245911
184.173971819 401.792459235
343.324838738 358.579061784
481.155888946 371.37033516
181.178987582 118.11933561
200.287906637 115.471875454
112.327858727 156.116702002
155.622450569 248.597353421
117.203061461 247.323841603
274.15896355 219.086896731
247.591282623 99.1769139848
134.780292653 154.60114811
212.057757121 123.576605401
663.835537891 462.321422107
191.229574654 326.044563687
165.026264707 422.276402563
131.337241901 199.365009413
169.600846178 346.651712102
418.769971854 419.073823297
101.069600272 139.76610626
274.70808819 345.720595492
277.950213012 281.055019904
129.719719681 259.343680278
240.830012523 243.513577489
228.276796893 144.139199102
289.099530343 408.046881193
212.957665667 392.917422509
636.436070644 467.147036869
199.694617317 191.260058443
183.176009441 146.188129791
478.419432307 644.449956592
232.247690988 301.241323143
115.789726168 184.62949103
128.50206425 544.983925887
199.347714527 305.546480676
270.722725635 384.02380745
255.184534088 160.076643613
377.573311354 346.061504706
457.940325252 447.694037582
175.637468988 442.963212059
237.53294123 111.816943511
164.215401621 538.838231075
154.397260835 203.324232627
437.768788194 375.111770153
178.545509251 215.884251157
94.1337475966 167.265296561
189.028752369 472.598901993
169.555952292 245.732819444
275.677297627 125.997613772
168.822494103 499.422433005
240.718998251 343.883523456
462.602910119 345.092367223
300.151982965 227.955404685
113.096677043 585.366015771
229.619861082 189.698232992
154.511255728 520.9072832
281.447567323 320.865983779
303.805638236 313.057999454
151.76106275 466.24048985
90.4441120901 198.649985619
571.353704688 423.94447216
617.615648916 428.042317312
620.779494412 459.204620305
501.861721915 453.270775064
141.999011625 182.569378606
102.613714448 230.458017851
264.316828259 248.666366241
206.802960631 336.480747367
109.811896817 202.261771218
141.743275109 582.098127869
184.600731387 516.146976152
123.972192191 214.848202915
246.044195342 125.136102031
196.693207692 368.741781809
177.343723177 203.207635883
494.574359108 433.127347278
459.359021753 413.06416085
605.021765031 406.442547655
140.745838708 223.013107539
592.628486746 447.592584715
166.912406015 183.887720126
302.053410122 363.527612381
