514.785154537 300.620735421
515.085886391 259.661039319
526.010143556 260.457054758
524.125486723 208.564530791
541.675219076 586.367284833
485.882976665 601.176981798
523.776108363 405.950313439
418.756193239 103.337772748
432.951704513 153.249609311
494.355355377 188.585721556
542.458824516 625.579020428
541.344725631 475.320891413
508.990660385 581.556911227
511.731552475 116.783103184
473.255489088 156.819203811
506.359994778 650.465219583
508.547959999 215.389791363
487.830302002 689.201830431
531.628116806 389.004623769
558.041192686 235.090345856
497.020326711 203.554485669
518.276891372 237.623139319
538.369025217 246.562796904
434.557386188 98.7771675402
451.057531922 166.221008933
504.611776471 158.861756943
521.330225959 170.799759541
497.022699101 176.505738897
526.865160227 544.734628484
477.277596038 102.32325846
532.661543834 198.620216891
482.643588558 668.051803812
437.706387829 138.184197833
509.943441036 279.956884745
477.19149822 145.134486839
565.913255483 251.584912354
476.042040355 195.002141309
503.880501517 422.972082399
466.073558035 177.550393846
472.86459233 113.877473681
509.564225275 676.813520594
553.982712993 223.123952725
534.007280405 650.313576246
483.382450615 143.709485296
528.393066992 226.732416346
522.984168616 330.854740732
484.909914948 236.380066826
346.488438169 320.354402197
434.932625803 110.683366421
447.777975566 195.409646132
467.98829869 211.17883674
551.582008639 267.523391686
492.468059739 557.327047059
478.341830794 435.725312192
499.37034516 699.310231986
468.161151257 230.74021054
493.441142222 467.731732013
521.798361664 147.724065379
443.676636459 116.73050834
546.723704893 410.285530779
549.634216748 666.177061589
546.490023194 374.038503921
474.978144329 255.365193096
561.127284286 203.217552851
542.463496486 556.440073924
515.466232793 609.602448192
529.730558877 697.978501458
503.17046377 523.151648516
534.854749667 348.748285665
473.559849128 127.093778458
455.967770388 138.082467924
482.257391382 278.771544205
492.461593561 129.500267565
503.10181777 367.409701208
465.683363612 297.422126418
514.200661711 686.350680032
477.629088134 166.209345921
588.525090049 194.703163778
405.883741987 142.074496166
554.863771014 157.077751017
591.292293588 222.652331816
552.845559661 185.400332288
475.169483195 223.94358338
508.811796908 227.536179344
539.831969045 689.338945333
393.881371051 124.1852624
493.566714803 252.728054374
516.170341925 666.536132358
515.964896004 252.204471324
511.797856959 487.670933457
528.6009614 283.490469076
498.835925101 241.710207931
534.024504643 438.576243033
116.716567602 265.497798384
528.276734684 514.08472315
411.740254282 125.004531896
591.086045091 244.911618882
493.057587905 629.124530486
506.947478516 447.85213499
508.899026667 193.838877147
