693.236149849 223.901288162
696.290130872 263.656816337
694.42909724 417.568481753
364.959464443 295.722659578
627.76923595 544.178939082
201.16306299 339.844179829
570.382507164 213.359718167
787.226373762 115.071714666
763.739529325 108.21586808
699.286004119 357.803232911
704.172487314 267.240053415
683.211175686 249.33338482
303.248069436 291.493707265
666.241304918 255.159621717
580.03596973 173.041032124
629.996893165 584.958827717
689.150525769 330.800231631
775.230184915 91.635950209
646.903806032 409.765029979
670.969366814 393.160453087
685.734805361 275.255126507
775.589570361 75.2644882917
529.441801845 200.899854858
553.983540293 185.207582626
158.902241829 330.812354038
331.467083515 287.154788299
160.089108524 380.468028759
711.725262633 172.403686511
733.323193953 81.6114777143
304.240521296 247.588430472
601.852697029 193.994044192
722.628039542 261.727233385
648.082798986 359.815863308
655.509127885 400.29602944
179.792790392 327.406574222
629.366917513 362.728162208
690.678353987 293.774920505
100.472073278 335.129262838
679.44364613 318.800132786
663.894340437 215.577178199
187.266870887 363.918984374
643.91081601 264.64188681
647.805563715 177.462613677
697.745165373 377.172308708
678.68347035 385.657709558
713.302524697 282.955657503
561.742546872 240.745807101
543.370252808 213.447358651
495.193693608 632.739884274
666.991393752 321.889082368
120.062337454 339.931889477
448.13035846 471.155952214
648.018127556 316.236473531
677.809796424 356.139051879
726.076279963 132.392561667
756.721458338 117.598386712
702.581731277 314.355575681
667.389883142 417.275171894
726.331348024 99.1094305976
651.960661285 471.961587881
316.535181662 264.633734531
750.498648626 137.296594487
355.932127044 226.577870772
86.7268855606 337.534483161
680.984369427 434.203238064
357.914967172 260.928146749
750.818987247 68.3027243387
659.002291357 445.607808426
663.213551139 334.328826567
767.277901089 61.4321312349
755.236962264 91.0260929855
611.676356417 565.741933469
635.871842849 220.422487354
643.677598835 452.390646285
667.254890233 276.617608582
693.179382418 179.670256917
645.77726325 425.181862292
89.705088427 367.384769485
784.669657414 98.6286477627
786.215453094 83.5379627909
708.55337352 227.139906857
697.166639367 280.704629109
289.868704936 262.708243634
118.466491971 373.465794914
707.280760842 143.629796639
658.048235702 349.573958651
101.679297825 354.511977281
639.322458399 565.107423721
674.708522836 458.001724704
135.219033713 352.856896947
742.184531257 85.3243714599
653.679276309 370.382542676
329.011562097 238.425452135
712.917973452 197.53839536
742.678578662 151.398003514
785.423980389 72.8357648048
165.900721818 344.799637789
730.745009076 168.378231806
340.379677251 204.448415143
664.406509385 299.455272815
