552.443973476 565.335877678
654.986508421 298.019556094
778.485671756 525.740793808
713.829354638 653.899926074
562.289913755 454.466197461
506.581449791 449.287106231
771.722268571 478.763267694
747.769543808 469.593549543
613.179873379 689.720406819
557.592178582 604.274178851
616.936041941 655.203497744
487.737011387 381.80046025
602.166827951 559.69498167
526.778678262 486.664639149
775.510239612 561.845019289
463.650727813 432.187751836
562.408799453 517.207186331
707.604336573 438.814823335
677.628328053 202.434358978
654.495700589 595.933556641
676.664638192 185.231882816
718.201388298 482.408959369
791.14554005 518.991443672
651.589357293 534.839260038
603.079056644 312.604637158
665.220739102 232.704750076
732.509471637 504.012880474
725.11289488 446.733209938
721.775983492 600.321132519
467.249451221 394.746345515
556.301345543 423.124187545
705.455498559 709.665575779
677.246389884 584.532103811
574.013271539 496.260973352
597.098753226 662.738246561
628.946644311 355.583175842
671.336823918 525.691552299
642.28356277 682.224688477
696.52997652 628.837152893
246.389758744 347.505239202
753.763113758 493.224856869
698.267046963 262.327941739
729.019992176 473.496292004
579.038135734 356.53159105
693.959171034 240.027754192
639.399982735 632.771226971
752.198632477 537.409447116
721.267720831 543.503079352
670.79679603 645.668277952
755.189503611 632.709137671
627.428482596 328.84839319
628.363253303 290.101370725
616.565194707 485.916679002
581.86715183 583.262697258
754.305067132 569.440537119
630.508407407 560.819009634
525.174694 527.816602846
649.063088743 501.881125078
765.311908131 522.892376644
705.940855881 175.561723787
686.733727355 667.093823855
529.812597896 556.947194298
769.762014052 593.164065383
603.938838453 334.200271524
534.356002123 391.361714723
453.20538384 406.541405043
767.93098285 495.901105854
520.913910134 351.828986582
597.901868023 424.191104027
618.561715419 514.304808198
660.3260631 704.055886929
607.846454602 615.823400034
687.839750778 449.159169398
642.145283154 307.097240588
709.417801356 579.939247123
696.325958556 699.086953475
530.350659103 368.593787109
694.072572514 541.909853382
742.536619847 549.083862749
524.745699988 419.087677021
738.115000135 482.083370453
551.031372822 466.788764685
695.368973042 487.227409975
742.296619384 619.0813507
526.556118067 580.31418311
682.855521919 687.396848119
486.680968085 357.389482372
680.493440292 256.189069408
586.167874119 378.853279361
592.41255468 475.846683651
737.387753482 677.332627504
514.456803451 327.43757707
701.779624807 450.240378514
493.782858618 394.799002316
682.646595481 163.460594061
703.005728652 520.059635931
714.411396891 202.536122923
715.333630327 491.688133732
700.339217382 468.449022514
688.707720724 220.905771337
