267.94085182 683.44352019
591.578967269 82.7739920998
174.202172027 173.225706733
224.070884512 123.79661123
387.743987783 82.4273287479
333.992023887 115.457582696
604.684648171 53.3989122619
523.428232673 84.4885208559
139.494905041 130.604495022
258.33810268 97.343652391
117.916879827 116.653793254
71.4013443969 66.9683138493
362.044714598 110.383232156
135.624142225 183.034472152
298.732380016 82.0003909511
183.574043446 92.4028713122
99.3629920767 50.0141622978
239.165877811 112.38217473
677.563334459 87.5113769653
331.751616252 136.599069802
557.872031043 87.5855871089
74.5385922356 93.498509772
658.6697251 52.1584724645
281.887470381 104.354040958
161.366426802 649.528457397
215.423118043 104.103604317
678.814019709 46.7926289955
320.290184712 156.452878298
579.543998522 105.377071714
562.940820578 63.53167578
514.591703357 93.7736733028
138.067888612 112.615482911
634.179487462 62.3321996244
110.710078728 91.5784254331
388.368518077 97.3219900827
279.393959616 664.898488564
307.217254309 110.550235219
284.911744031 158.591059408
674.487044068 67.8467185078
512.39129358 101.509139347
296.668658713 140.028137915
696.00814849 102.935167845
379.880815729 68.2827984335
238.231645413 204.98958696
438.641538452 98.8560735104
484.540469077 112.180643273
82.7303409121 30.7070405864
651.51954266 97.6210029732
178.927086494 229.94345156
202.207412491 194.016031199
456.347902965 90.1031046054
696.363083853 56.3832842054
396.252877582 106.677248981
250.02948842 117.196436544
310.965584615 126.391840135
358.831834616 93.7012014146
54.5862691869 76.5310949892
374.487587982 125.517094555
175.14638185 202.717454777
493.859291739 86.2363256449
76.6498394465 58.5095326826
515.795054074 116.090451344
540.061022235 107.338184906
617.734144593 73.6775831308
77.4002556997 18.4898501045
287.030861271 693.074304099
513.988072175 67.6853374509
633.512519115 89.5447403049
464.359435832 95.1360995571
609.350568511 102.428043102
83.3237087543 81.8446075483
276.423955365 118.540099621
695.949270551 76.8597802166
49.4209038254 43.3932411887
268.949562202 136.037225876
239.095011791 149.171419429
309.179715028 100.724918989
661.357899774 85.1418996651
712.104922584 69.3282039056
471.42062998 78.2818010093
705.145981986 89.6592318602
164.428487909 116.511910574
536.365622675 80.9252941422
190.05582804 112.705262373
330.057366041 103.38262731
156.703365268 103.544871934
58.2681808367 38.4244686102
254.684012388 182.437273166
36.5628653365 81.6429112983
486.145511144 64.2274164327
208.263361255 157.114351899
353.126104203 126.538687193
93.107634291 110.58893848
414.980915618 114.407662106
185.008949805 131.233975495
218.47344262 182.285373631
653.779732326 120.652820313
150.646129365 164.021232939
193.871566572 217.269924889
333.5037808 85.060160481
