445.983166732 305.228465825
304.143379091 206.433899869
495.880535293 361.526795137
500.701533654 390.804952997
320.805421271 622.012589367
233.451666139 539.6806131
247.361864228 310.683809729
712.109479257 433.282881865
618.851712321 436.128756694
198.362231708 258.126216214
363.160811868 317.435891268
553.562170211 378.373658941
148.500169052 397.496553196
322.630300523 260.695065044
254.872966227 559.144286546
569.548802147 429.973882972
604.597474733 411.314800449
371.107439482 631.307799244
339.797165887 642.440358155
188.536982899 139.897373027
227.092235541 245.451862016
585.914995544 400.760389483
277.771065553 571.121527892
257.400687022 289.460139031
333.720355603 385.998607335
263.624378689 536.569463366
116.168540021 377.717211805
467.062123307 434.896962484
356.085858571 246.622109809
490.971604562 419.005874883
588.642985336 453.796839836
167.524327722 215.351637913
446.247396331 413.191887892
358.883073908 387.785157315
260.270903993 267.647317115
262.544849419 185.921080167
413.139915513 434.17147187
498.284553219 463.093810054
608.323994133 374.532969568
189.411503954 206.641723372
270.27819607 516.915674106
340.706751579 616.707447855
389.246650985 345.216777106
276.457811813 328.277548528
397.672760491 618.171573326
152.608501028 178.049169845
282.467632827 541.055781783
362.854144317 563.476881312
150.948844265 375.191954253
405.849533887 391.694171675
350.608512121 294.860878146
386.370280294 562.793849042
450.184533479 393.812441257
531.525600903 412.848616969
331.028950531 664.568855404
390.93718317 578.167325927
258.256722779 207.345401337
277.832353963 235.341398138
205.009878839 134.678768749
653.697837022 415.616949215
132.654099147 365.768641586
700.73212405 412.179288975
250.716806321 239.166553967
328.666368119 585.704645181
363.000198664 608.225169286
197.686472549 236.226710552
637.450129069 404.232336613
354.793220326 583.852235399
370.694520876 651.653255288
403.581150982 328.944521415
665.802268989 387.525485672
363.218047855 367.147666029
688.49940271 400.205299696
224.281953307 277.152875717
283.879983342 274.629192215
316.281965242 646.166748129
465.475602859 344.037079089
293.992916595 323.47480364
383.714867861 277.913626311
177.271019379 172.275016026
522.884597499 334.912528968
222.191185342 169.021779694
464.213565339 382.279370847
293.927125868 557.673035824
378.80172856 604.444687904
531.510835657 442.542378937
211.68351611 211.535674635
432.797703558 361.112029139
676.176955192 429.340982656
191.162881033 175.15003335
303.381524964 528.774332163
310.144696172 314.148398721
125.444759203 408.037497868
161.671263701 128.853490271
317.95487448 359.662957684
161.149399773 151.661296679
403.46681358 314.020180255
103.753899082 404.805635626
342.264431841 339.026250909
310.065708343 551.429278945
