358.048823765 243.545106003
472.085710484 92.9186163087
427.412528426 607.971258745
421.454736592 59.2728815411
369.073180221 57.1915210394
330.787466319 84.5710899186
353.443534354 79.6897624534
517.364555675 94.6044271807
360.233494289 656.810955225
254.38545316 333.67621128
375.278423896 698.691864319
395.447551092 293.705295283
382.311461342 41.4451774877
394.824704335 699.859604808
385.398577353 62.906991807
387.607949708 96.7901594754
413.898664855 192.064329055
406.886074328 66.2846733444
614.867775714 61.1456556971
453.259833944 63.1124046807
431.053423076 131.747764006
406.593451467 249.488833546
416.949946521 9.9172112132
290.487202587 328.411163403
387.295858017 224.019234174
354.87778456 109.855048576
555.445940739 85.3747302019
442.479835591 96.7169430684
679.158518906 74.3482163766
431.555790507 20.0500079649
240.583930358 413.866389664
411.447404427 631.709858993
304.387460477 267.98601268
393.78705747 610.687156588
534.749579869 270.268323598
295.064704855 344.911189923
314.90442315 300.273117609
430.847033884 52.9793636166
531.385522074 69.6617641013
604.008558887 111.116930186
448.454965433 27.547275107
704.630954795 33.7659444475
377.973361207 13.21423088
449.468267843 90.4117096154
458.310855485 188.434822096
419.212065077 701.153649107
254.298489637 370.957449551
543.031071209 121.651183003
408.353730955 670.178149651
447.850102745 240.598788575
453.644064151 53.6531878227
397.739251888 25.9967966437
460.100586098 76.7882034367
384.511349723 76.2390574218
404.946846134 44.2048547783
362.572978313 27.4718975946
344.275606235 352.963223186
486.451961747 89.5574253082
415.583993865 654.942077698
481.571157781 73.4160776086
377.818618696 260.980147905
214.266379086 441.675969353
639.113467452 84.5409455439
491.288689608 49.2544514846
333.185999379 317.319304289
383.683906155 125.022730012
267.549939539 295.639653919
502.797361841 69.7302952336
219.77002308 427.229518656
696.268321162 46.3481087414
385.188678713 649.78832254
393.421559529 54.632587558
590.58320276 46.3005615434
292.112164309 379.667771684
424.530327692 34.9348473087
410.972054661 48.0243304094
311.123113625 60.7637413147
595.080418609 73.1499688727
685.000971906 23.1534325555
238.481382064 309.680029722
669.531221841 37.2225689714
417.546127302 316.810140557
471.223874426 62.423960833
408.035617719 76.9097238335
331.962340364 55.9031862034
425.583970239 229.22638003
310.041995652 359.413209494
443.088408419 79.4217049251
369.038436012 331.331593115
391.874000924 19.2497649256
430.184086279 271.866231462
442.779082535 41.9045713473
369.049899651 675.561109495
416.527597383 683.560720985
411.50749093 106.031197682
418.476076249 77.8064356469
661.270655241 55.7803464984
388.642528878 682.712197446
417.52374178 89.1845802881
346.774098904 53.4442586366
