626.260628855 628.114327542
573.045836917 417.450876556
605.163384607 559.462429873
603.603444525 534.438166017
635.336662203 280.306875017
683.792614715 629.027834967
737.475189258 522.300934182
720.824416523 526.253389623
687.680538132 697.393198638
569.256330389 654.416123741
637.223679966 700.641644767
120.138748761 539.678282316
636.362184796 672.941338075
591.522793447 614.031754135
727.256559774 577.534819648
570.846876678 608.289758785
597.761185088 676.483308668
679.134617997 473.084064696
555.421889713 428.081634358
482.397375498 563.95707592
657.295963153 137.855132354
677.786890675 446.944563423
745.986378718 575.515319284
564.246321514 510.247506734
145.455930269 512.585732248
529.092392115 478.188403577
644.302177353 475.825351447
667.10987125 492.341662452
696.118366829 538.172603456
101.316425585 537.442217326
644.331449897 610.655882933
602.163784143 493.442153557
686.756946908 133.992451028
565.155971918 464.74320736
593.779484357 693.696329429
439.479048214 570.234205783
659.886494936 264.140452354
675.760358979 690.1678444
599.725450125 396.056779272
653.122655011 250.201758687
642.251888523 575.789892462
682.038738286 117.473061926
736.889909973 597.042081389
381.27907253 575.50995415
558.843189791 486.191873788
711.483185669 666.020143457
693.205490529 511.001392665
635.507251586 405.737286484
601.891730751 455.334722918
647.97065949 502.273920831
411.928964931 570.488439001
442.295018371 539.788410789
598.772535183 371.462611042
676.625507939 654.108158909
707.096432713 532.907114761
464.965279659 573.481841792
555.561442525 612.550258048
596.94577975 436.4458826
719.17899496 541.721801645
667.70073882 100.384123726
622.575755586 342.03310986
587.588039499 634.309291152
639.987208302 537.207634292
410.404506294 543.942873611
537.361287836 552.276828597
129.805041165 551.985663904
738.348261249 534.842124507
107.606112383 500.647100032
607.617238625 591.249200532
658.735215703 667.41299357
614.649674084 512.164974512
623.744631973 695.432676428
654.344090012 321.141705822
534.897092702 505.911629614
617.606474908 475.563610133
565.839115724 531.482904777
152.938135571 537.327606063
636.858507236 320.387595637
627.361882291 379.783364315
720.609968857 617.357387135
720.727718581 507.985739721
597.273190281 662.084482934
670.261226591 281.537677477
633.31671765 456.19036998
621.538325991 649.80136787
582.881239079 483.884995415
92.4514887601 520.360473635
670.943174659 154.428784103
568.140083592 571.617002095
624.848752264 306.293069048
710.350850932 570.576637812
123.079013211 511.443256283
688.241061212 315.824992324
589.416685976 584.048343555
664.484418138 116.861930864
667.181208841 296.282331872
572.980164253 387.741663175
647.882835647 426.576589101
644.926045965 353.87576298
560.180463822 442.597723217
