269.247283425 684.813594394
588.166037179 92.1735616753
164.226614719 173.924460188
214.644579073 127.134988945
379.827215256 88.5367241969
325.490389316 120.722771165
601.69111632 62.9403360054
515.469346228 87.8537664479
130.030990731 133.834715748
249.157878125 101.308936382
108.417446999 119.77801731
64.7020899805 74.3925976709
353.206320487 115.061136552
125.637097417 183.543329687
289.835344365 86.5657777515
174.516908717 96.6417757114
92.0253315653 56.8081845394
229.406152844 114.561112216
676.696655962 97.4737495935
322.995626678 141.429457632
550.329976222 92.0322973327
68.5559934453 101.511531157
656.951032048 62.0096700665
272.394511907 107.497882464
160.453713972 649.265988655
205.714288915 106.499149548
677.58597881 56.7169383192
311.26687023 160.763307019
572.974849944 109.225220818
557.826699676 72.1250317834
506.392007736 99.4977445571
128.450457773 115.35501281
632.66801193 72.2173117491
102.534800378 97.3373162892
380.551714652 103.558782865
280.46273939 666.251697943
298.114192386 114.689590679
275.421778101 161.743922654
673.588599627 77.8062766098
507.181226311 101.179269174
287.334852438 143.617018022
695.591799646 112.926496768
371.812523482 74.1906457757
228.259328965 205.733162555
429.620849011 103.171993111
475.925129922 111.151228175
76.5628476799 38.5786368179
650.915347426 107.602733691
168.938567733 230.422505808
192.223820793 194.588653941
447.207106888 94.1584525657
695.833089064 66.369229605
388.04495034 112.389510388
240.676379968 120.734707632
301.727037139 130.219272766
350.768532569 99.6158577941
47.2878909797 83.3672982881
365.885585501 130.616658586
165.158872098 203.21710362
485.667371099 91.9715184249
70.1219725206 66.0849503872
507.940609 115.001617231
531.726729576 107.82623398
615.884106402 83.5049611478
71.4017964111 26.0729829952
288.13123416 694.253678608
507.101770722 74.9364651077
632.350236981 99.4769656467
454.87067627 98.2925915944
607.189160495 112.191665145
77.9870016788 90.3015311964
267.778225474 123.565172222
694.943294212 86.80905213
42.9887509331 51.0500949271
260.079095627 140.654023764
229.4272716 151.727744838
300.048045051 104.80077515
659.585338302 94.9835471811
711.358863522 79.3003348653
463.269345796 84.0746039708
705.443671435 99.6547999277
155.215525015 120.400524044
528.892640773 87.5701825158
180.511971193 115.691028017
321.064539367 107.756306359
147.325299697 107.016454591
51.9479360179 46.1739528143
245.1208921 185.360752322
29.7398162423 88.9535884939
478.705554991 70.90926142
198.430613404 158.935634332
345.346742266 132.822120002
85.2826548417 116.815470149
405.728462803 118.201356466
175.716437636 134.928460248
208.563921923 183.627535904
653.752227603 130.652782487
140.678286758 164.822552956
183.892116291 217.910683892
325.067025092 90.428694091
