152.455597703 166.248495912
550.177000435 252.237564002
512.121590793 19.5613029813
83.5757810156 152.11288266
620.270087279 347.126636445
526.933158882 214.126235282
528.517464936 38.8684408313
695.407838505 185.197638429
126.089513374 129.381430395
699.022787194 405.582990938
628.111376583 120.285262026
84.1547893904 173.170393216
713.560746087 240.464685094
107.334901746 173.256530033
513.141292414 55.8213678481
692.972212353 275.886566931
86.638400701 192.19148312
620.987204882 246.494265142
549.591686925 200.938591279
576.347667804 276.57221851
132.500022049 180.311965036
665.764904208 443.138492866
665.396341879 675.39062078
457.544616572 86.093875057
693.340703189 161.068668846
175.873380091 183.906327482
586.832884567 105.507437871
602.614976017 205.121484339
507.385583647 73.819706789
524.619179597 240.237750145
587.644378606 131.479181769
495.91803216 196.512689075
402.26255472 117.850888335
660.202603277 405.204932742
720.221578103 181.517646783
643.88778703 678.983622734
538.748773559 53.6453462756
633.804734853 657.183069178
601.336870206 104.018302828
582.009264148 163.684856666
677.284227426 635.866237955
531.590547822 263.690263077
640.944951744 162.316858321
99.2895918205 157.489472516
679.136420009 393.374636785
592.26678307 179.223035994
613.473891422 171.655435537
571.401443959 88.6791912827
539.132936321 81.662118541
183.080562773 168.514556922
692.022522877 358.252100242
543.661040509 151.641431873
673.11667749 658.320267509
694.76824575 302.975678753
649.192235286 602.507818507
576.605752071 35.8413103637
616.110202566 98.6293823939
707.960577615 207.703874145
505.806109774 38.623851919
572.390854706 199.584253988
674.300631002 215.488241616
187.439594872 149.513231535
666.682825325 365.341985411
499.965719146 94.8948762671
109.78133258 115.933383459
69.8638140986 144.824822159
88.907507299 137.673970318
684.780634827 676.087108271
605.369835796 319.008051423
435.504301553 103.487941381
155.616084439 152.960335397
601.934552194 149.308211581
561.54599997 49.34667125
417.079021067 86.571284543
165.560679762 136.062142168
725.725990603 207.523462443
641.942557278 312.922376736
668.483708463 283.266395446
665.803312291 605.568257379
561.08197825 226.121592477
504.873083451 242.655012551
526.873921759 276.334206474
647.146480986 640.968703245
565.661801457 68.8996862774
677.353538781 427.535957258
620.258781522 582.191981679
588.284759676 56.4027056001
656.627136034 699.886173062
649.014307026 183.073890274
676.208821314 312.480811126
657.462697287 301.911147511
630.66553907 278.811769861
97.2475045281 192.456480718
123.884640255 158.406409764
615.591886798 144.089157232
670.74685216 700.158133799
492.072429311 49.3538064428
591.122849841 158.338207062
605.732139831 127.044438621
566.392229921 125.978701264
