134.808664513 284.239152075
438.473284591 354.225804295
124.804979076 317.008423445
295.078732741 423.163144153
160.725395413 316.717291681
65.9066954668 278.466780016
102.388582063 341.525071489
217.944729015 337.125524675
98.0938680788 390.141806553
132.609576763 229.954396855
98.6081195301 300.592561796
151.122437936 328.238292327
330.597978082 391.689739153
626.078061104 285.817221669
101.026389115 366.797164231
697.489346812 263.688250976
641.38972891 238.257974692
140.012569397 351.427743076
132.893268361 369.016129917
106.676809973 237.076708252
666.618007583 303.466348117
648.394262225 278.293101064
149.939579917 260.373909765
356.39428901 341.566896675
215.81707779 299.959892147
228.313776848 341.970983287
102.753761685 274.668610136
223.957313374 372.35048218
381.846855283 417.627919392
116.59559097 310.254043534
49.370831712 310.343527949
288.540921046 402.985596185
194.4220831 287.518860543
171.339883601 262.99597712
125.706785774 291.589696994
110.840283609 264.318960377
196.047850233 325.375718554
74.267140567 329.231869687
181.151718228 292.522815876
85.415593441 273.959521821
156.75504815 290.056791873
140.206073397 329.621825487
183.013214985 267.865819295
671.337463291 269.269857192
700.323940552 290.990191399
248.506283637 358.150748378
357.553563855 402.596315375
516.646041635 301.868652212
382.788720178 388.243140679
422.372256138 345.3420314
192.148526627 378.22840466
151.381618766 285.136970062
137.074294717 310.093208879
99.6442500438 260.260682096
74.8793307591 298.58748371
131.794022547 270.588531971
623.611686701 261.870880627
100.096593 323.50318806
138.363270048 257.743572146
447.883944842 333.85278963
441.365982139 306.210844061
105.831553189 300.783554998
671.13638668 253.607138838
166.569372669 378.411180615
236.164362518 315.976818866
161.350320407 250.627403196
114.400583417 331.921283669
600.517189996 268.523847161
325.08685188 335.459629391
184.370616838 348.32943004
169.75844817 285.650661064
682.351391425 244.541617089
194.968132489 265.503549728
389.271905385 319.713861287
85.1599865794 357.398378969
216.234404649 273.950405291
89.3273685724 334.985155921
684.851021407 288.178289507
370.763023842 370.529449346
156.634535895 308.088917392
165.724050796 341.049746442
90.3477039232 297.852243908
303.022083059 453.769798378
117.018431633 286.620962166
650.244308355 261.153295516
124.734067611 363.43439084
333.865393092 376.563506778
415.599596735 329.217689051
171.779667057 306.363786499
323.582546853 423.827664961
204.214140673 306.612493586
356.727218921 429.260612593
241.018129557 415.388746019
605.529072983 315.513214162
119.914726991 353.927310741
212.607395508 334.923798818
110.567893004 387.64675998
179.014242275 335.461166902
60.4711832293 304.496044793
192.798255918 314.456167331
