599.320956677 130.391155464
414.666373041 140.443948283
429.430107116 206.955326502
389.047841892 609.627934483
303.39328637 132.888105322
265.664841206 281.598501795
511.071570723 102.673878848
502.595927746 89.2954832723
325.118043653 698.03564262
580.936191732 176.795179388
329.061247563 650.560653379
233.818541519 140.392435062
624.203460963 107.921846895
272.383724283 176.564576533
597.766157241 87.9565245185
228.150495044 183.766073562
287.28542109 225.521332804
395.799994394 172.850565543
364.357020736 105.942423355
421.015308877 282.281602235
371.703499564 94.6799900485
391.840661702 196.553453638
497.277407282 120.503960582
312.042525823 280.356362982
362.519962969 144.495367846
380.326827513 97.8366573604
399.02604818 211.762196471
440.751611658 100.950557852
441.692244411 292.187759894
219.660175457 164.356881171
309.207943175 108.917030884
382.214339229 685.969336962
432.189022721 255.767817015
277.173978601 197.618679074
308.505264758 677.242668869
416.970322172 195.11137639
323.252757669 245.039477881
337.889913034 678.204869662
342.536336604 588.220663902
218.131972266 358.00336614
475.145649158 116.024941278
452.913345747 103.747083909
445.460077992 120.051092536
375.078575578 158.552906261
461.586053226 98.3738879396
322.501430229 612.317462655
367.201461494 247.07909104
328.950505524 276.601029064
350.379297249 632.38183732
362.712282562 578.262382467
414.709183935 174.864440523
364.012706698 119.023402716
292.182679364 187.972298957
624.456378704 137.235440953
587.966155139 105.161596751
646.321573238 122.159595977
286.60049607 296.926101363
311.518847181 210.821898191
446.386349273 161.14949404
395.363686665 95.5625741381
363.498704226 619.558681551
424.315754498 234.047594528
447.795966076 268.706311371
372.300621276 145.097781689
263.426864746 133.684496894
197.90638219 172.186902566
446.074080482 134.066604549
248.877212204 120.064983087
338.025051644 120.500652654
285.304600958 261.677959131
343.084992909 699.123160422
300.099869581 568.839106081
332.266862471 151.098376793
378.662572049 129.198908911
612.686493113 151.788249941
364.793168905 699.137562486
245.883729049 147.490406908
309.31284664 304.127958064
395.111739793 236.369213717
279.922727726 113.792299507
477.646004442 102.519877406
278.016953174 156.394144961
342.38007195 179.644880052
334.353550502 557.193329052
584.234241544 140.016341967
351.725190661 663.887779834
204.115889428 140.514714726
417.558234336 109.566143966
357.435257314 177.143628487
298.50872682 168.402821491
374.586261091 650.932179597
218.217164829 122.528214567
377.642337736 174.249991112
239.442360046 170.866613198
344.606610956 95.4733835192
378.965621017 225.400191043
430.857849005 85.0013654026
354.875091088 218.976735518
357.672627216 204.196298046
395.435918299 117.82172927
