146.469193347 253.038157583
156.246130251 715.069397162
222.026417691 680.440298002
192.62824412 753.666179443
164.393476551 459.575301078
293.14159196 688.595628416
113.44294799 338.474231071
163.592920474 125.301084221
125.135278103 162.739560682
231.544495888 708.591338643
277.746836432 657.440306858
141.748976359 227.518948262
337.82112057 687.044335829
234.920005853 643.715435348
160.79962877 669.552269106
167.156241823 754.711030468
209.574497404 660.987402023
116.888547669 115.067763073
222.384302833 713.600769618
140.246975013 320.788994826
199.935301105 689.435989339
119.799233767 99.2501639902
223.936575573 656.99788502
125.399039613 407.539101264
138.239779696 296.164584233
362.935028201 680.771960808
137.779629053 669.156030198
137.964160524 189.293225893
99.3214590581 150.782305851
141.43745968 729.333782676
125.248760625 307.623897892
162.16152965 314.506867413
280.196726583 705.166964648
298.241767245 645.676139687
153.164949891 751.159660373
208.065753042 749.194487379
219.586958969 699.172244235
157.720934324 174.967526841
309.703441839 629.388254239
125.439218214 228.894948675
113.909229553 709.389564559
145.681786565 354.737250234
154.24875629 495.810188439
165.560442261 404.673442324
168.171369482 437.195493828
178.610993923 301.654828532
124.226972562 741.822372463
164.637785574 773.729907128
371.632334836 647.12160394
240.723936812 682.860948723
159.582391601 341.288157689
186.286632078 732.440812651
178.681652996 751.648248865
196.517823571 674.99464877
131.246666577 208.309220452
160.644101515 102.713494058
252.628340077 676.281526322
227.805052946 732.713925464
100.576551812 199.926323115
319.575230268 668.168988446
386.850195537 688.024302219
170.276751641 150.50838895
268.993773777 721.629550978
133.913968772 274.766177794
140.890358033 386.055948528
362.107521181 710.271642387
114.440488624 370.702820512
259.37830741 708.317716854
205.439816405 709.839641888
102.309983225 125.086077863
109.116520291 174.607544132
171.481313747 705.892859079
121.886897899 270.50558851
228.206251403 748.164626274
175.087017106 689.843005321
114.060931803 244.17522585
205.936867465 725.374478604
135.526928021 365.022238549
142.328216056 150.58364771
142.776230821 120.224803621
154.219335092 138.542359348
134.901803007 339.477204885
102.843606643 728.519958096
135.112572256 481.109373405
167.535787552 482.687414643
270.081878669 677.277825013
156.857032608 284.689646954
175.620228548 736.97999723
176.494119082 651.435005738
172.384277853 272.204102805
143.687156477 438.674665727
204.061124196 742.304516218
343.687833277 659.358383982
132.7156124 134.380289213
548.048149604 428.515216224
149.986625684 102.762397132
149.020568315 464.44302996
170.825501765 219.1139393
134.10499582 702.480884833
193.782830479 720.31326821
