262.345682635 91.2328149789
231.480058479 137.240971191
276.843879952 154.454717269
491.817635952 652.658231114
212.198321665 692.115033492
192.921814783 678.199804293
156.335283081 568.726066245
208.795510374 377.580156519
473.275959669 690.346514683
177.843722823 656.86101956
421.197536764 301.00197563
562.687729138 624.581984232
153.72744329 664.246617406
267.386659457 169.730953769
197.668576129 545.335011084
401.847285083 650.318776856
513.706315208 664.689175921
299.89175922 693.335977045
273.388537892 688.825241954
142.436162395 535.063999701
224.206831888 254.515387002
536.276356253 631.123008878
311.649576694 655.390849057
229.955424197 287.178066689
206.733344413 357.352255234
230.068837974 397.905903644
148.258375294 642.710785915
257.985083982 378.517966893
236.155619252 100.862582164
443.341952233 657.125718729
417.203515444 663.127628377
185.385759518 689.376832064
233.29525307 348.735952777
226.93224543 332.99925271
249.888076674 246.854730559
252.619143316 154.10766209
240.643629094 375.792580708
383.483772909 643.937146105
267.791851962 114.383027237
159.286175026 532.90467503
359.075986506 648.208231399
240.986522236 663.037864518
518.55397317 626.644404317
252.588342207 314.929717493
413.804018049 709.442093857
161.939925229 680.826550437
393.252403508 674.446171803
338.869959643 655.936919726
231.903803119 470.960263572
263.561767751 347.655209315
296.228155985 239.857672907
400.473465015 690.980653142
472.451895948 656.078373691
498.132376804 679.615468626
252.90609242 695.705348704
382.519497855 688.792107084
254.162854879 190.570325935
268.517462558 213.04159675
167.481849419 525.666024527
518.584502941 684.31964388
227.06645505 453.454568855
555.597739832 660.606618745
254.495722062 225.036572124
211.330272335 639.071030643
327.015368236 681.350335429
171.19967507 560.529178708
539.045987671 650.418717196
278.884875231 653.668363235
340.613582153 698.962181012
287.198666339 190.070374089
282.866912143 100.83854028
428.155613901 635.532311707
279.96475462 125.066973168
184.367431614 519.467956642
553.52447922 596.623551473
233.946636658 685.410029859
274.299280649 138.073088824
263.140533404 276.231764036
257.72054387 102.278160026
140.704333353 566.096796355
274.924038875 78.1567793879
243.622481351 181.128539006
582.936753637 596.549351837
368.054258031 661.073032408
362.847202315 680.385940972
309.826899382 409.229886476
230.222490596 217.964150693
582.760543189 571.729871326
453.551631952 674.193120115
178.827896344 508.116765996
431.763151915 676.683638341
459.701559072 611.846138654
146.037871673 681.050744172
132.883733359 554.655296799
221.291351575 316.902860837
147.443868279 595.1389606
258.929940966 125.191892319
125.277618173 667.054095758
456.699953908 630.743735694
441.28265944 690.678166554
