483.679063475 643.958341754
208.623068745 501.468183266
209.112584383 468.102497601
135.287971855 559.005425268
224.230266988 499.690301792
134.819190112 529.059681319
249.035974854 218.040759552
353.757040127 293.645177745
474.73250304 614.066794427
181.102284765 539.935702734
224.840490925 469.519578557
123.950882464 566.632939905
413.324731747 510.364311417
159.093376827 591.85785833
259.20906409 103.34049325
389.625544395 534.781823746
158.10469562 624.570008331
286.722005501 354.677711832
155.571891036 495.888283629
212.17616497 226.497194252
166.033501922 569.832383631
168.041865045 547.977073068
179.821246558 643.416749526
213.227635268 196.536239752
304.79999312 225.470121552
514.934218476 648.522944694
209.971542153 151.282188456
237.206300786 192.997898613
206.443265689 133.611604212
238.102568608 212.700006742
228.288986042 208.43912223
135.548567958 509.771647462
205.505445344 333.274061529
152.39561166 547.34233929
404.038163811 463.952239716
137.604459796 630.363809276
208.256801625 255.791036551
137.257505843 596.740066915
236.55800924 154.772615901
169.348721798 475.148009264
213.87380261 632.0699544
204.010113181 512.012527101
227.167223479 230.905717089
190.404382218 570.715179002
169.276932629 537.380829575
197.977534654 470.819846504
264.925606236 172.391111227
273.000133495 149.160365549
231.987065595 95.7756052858
529.694944749 630.479956982
192.873930343 515.311098117
224.874514767 327.128723455
194.806342978 622.838823906
385.239778518 507.343962201
189.221305164 589.687081316
274.415051553 215.913787673
186.466191478 495.993230558
403.200770796 494.809807044
247.178386989 110.186097865
250.109498208 175.61234222
372.898901012 471.793604372
539.368007429 608.29417553
171.623560052 522.514727112
229.070128241 109.785848926
400.519305074 643.916825926
134.19633033 544.07911385
165.620141194 559.485734544
204.199972851 659.308293455
243.605524931 375.345893919
166.773205729 459.852575501
506.584242975 618.323251831
239.156459052 319.482814667
267.532503422 253.66159484
135.03915122 275.253597899
513.784661572 592.86999171
423.163013387 528.144982214
229.875656659 286.284833071
334.238092846 402.197862021
211.786723688 597.610220254
171.238475071 511.3673555
157.620474131 526.388712414
194.408623995 534.896639771
171.032876221 607.499191668
253.970659164 191.683197045
182.646871526 557.086209968
230.152449293 608.788458288
364.962776841 500.544408913
165.855909924 659.602520262
272.331156594 186.372216772
267.036230769 383.649678333
255.935617948 345.041637166
231.396557664 254.165993974
145.445205424 579.976428078
454.902644429 628.803523358
267.027823066 134.42224444
187.669318228 672.501276995
208.61692659 110.045750781
209.341462054 243.632289492
242.445686552 131.86094762
218.637717287 176.514705831
