198.452494133 675.789882829
133.908250238 463.931763372
433.166491491 544.577513476
93.0987313153 410.773164503
449.819139094 577.326506344
118.282960758 532.992148275
117.787033064 646.069174723
151.9234376 686.639402067
456.932678425 534.63667131
146.428263264 152.382428868
128.34282833 584.27732855
563.940713777 475.564613639
152.554019312 108.159351466
131.164177122 415.54220671
551.821496107 374.647430844
140.305348127 366.160508194
113.905010162 401.121601314
554.888532159 459.692270868
469.355323083 557.070346251
269.382141244 646.128916018
269.067961222 406.24511754
129.404759217 386.322685177
133.628395293 624.714593611
167.709357389 91.6069996866
160.642118674 598.997132092
138.290033014 112.273544167
500.094484839 153.988634565
496.096548858 423.011850183
597.306892599 455.742375815
112.944084491 622.629924092
120.009204179 571.958649693
151.612671624 138.432742019
209.345003854 527.817662724
138.155332582 180.073534262
248.419126742 705.040793726
141.518228226 611.410042316
195.235397865 141.185995114
113.496898941 613.269754042
127.610267092 679.865249693
520.435296507 145.519090824
263.391696323 726.125959635
381.276709466 519.099494772
206.285529135 558.408234092
505.013859189 250.888367009
163.130109986 379.149328779
143.656338457 97.2768649243
155.470786075 220.879241017
595.497065338 432.082331404
173.520477559 556.64415458
168.557913257 675.587050452
391.499172603 493.024266041
131.042107774 643.063895884
281.90105036 685.085275722
178.160390374 108.201608809
525.868497272 399.380529852
173.922042639 656.300053605
170.98340172 172.685106308
149.677053268 589.703207572
172.87482553 146.702208241
119.312160619 435.267567694
223.26728628 731.157663726
127.692649593 553.482494556
529.922158748 253.430846802
467.06152354 518.344692651
502.486424224 378.619545978
235.702402197 686.295031802
416.479194781 525.975433373
569.654837425 435.487244601
254.252576633 626.730192608
292.79520401 664.935974691
545.135749619 441.295943121
164.436438791 246.758301418
209.020462782 586.273139449
159.467255227 127.025886866
126.550268836 220.303229561
225.970482243 663.049443998
393.44693851 547.031222447
157.666954568 410.303382968
146.086775155 670.96994357
412.719932365 514.283424061
523.40019416 425.08192582
117.257939732 605.674184707
113.067993986 367.885925864
150.214732499 571.984159977
180.216690377 201.101727361
582.389792941 476.591923635
521.434100431 378.946946252
257.089832096 673.771159875
146.886606494 203.443120621
157.997394583 538.305512428
179.497009409 587.229125978
163.150213294 630.183166284
158.953009914 649.531667186
160.573648284 451.884167006
413.859775385 561.221647532
196.391702658 641.103881015
440.343770018 517.165265072
553.921014712 414.871971733
89.9453737053 336.883439291
190.051064701 124.067129313
