247.669316739 673.317266377
683.061730245 378.132880712
512.297554789 379.818546726
529.355887379 349.871285897
729.034978038 68.3673818787
699.644464133 83.2130895557
692.941366347 294.373142665
672.390926639 400.947706528
429.431322662 376.283708074
538.910635674 311.899092617
384.307559617 377.765018092
131.629587642 407.518663361
713.796501582 90.2893817072
458.822394703 396.610243933
598.011281021 277.938260025
460.315862032 307.255449386
340.488358759 323.312564276
525.877256405 328.829237003
704.608411886 393.542385506
619.546720154 361.993137653
707.20461891 439.076793627
142.800529861 414.151768855
692.69193543 310.480029946
567.029993729 294.9991086
182.463425402 643.924763065
504.039198429 318.765761546
708.935714947 346.474883059
607.124175066 392.148918144
730.205921156 457.034844778
750.598686915 73.1620524299
696.072058456 444.041515157
413.610982709 349.281488236
694.230269608 268.179285644
369.093645852 339.725119677
731.09589981 88.6835509566
251.867157955 652.70839376
603.547885273 303.522889547
595.327070542 375.759166931
699.088288438 347.246345784
698.365710909 461.937585649
590.19826369 350.51951947
726.616532629 409.915576425
723.260695031 35.8207561995
571.80279874 417.432770693
652.63796151 409.507235803
676.498865905 465.387469229
178.857768324 376.779734983
696.03066172 400.153509069
521.512297302 430.273366307
541.562705255 398.146807127
654.813523569 352.986084062
709.711321203 298.96343841
643.972289328 361.706717859
545.96492046 343.416933534
603.712428119 326.253275189
711.601905309 54.7567112555
118.304732585 402.646935427
641.218305675 387.396463775
519.932867967 403.058863808
668.268144905 351.309320833
161.444010289 386.014064435
698.459919231 478.304525051
718.263806319 467.884297429
682.656547016 328.497861879
152.002132458 363.176927232
251.091490296 693.974318089
673.721691989 273.39109378
682.919924412 354.40067883
671.774665371 434.771977528
702.986020514 413.180352986
327.157581054 344.30517994
569.826023125 309.75017484
720.472528655 346.492620506
103.803460082 381.544122689
571.443189949 344.124409002
559.303508074 356.002189809
676.265228546 82.3915822274
697.648122166 358.521607458
724.692691186 364.993997581
673.040320635 294.795506906
707.617743038 371.260592214
455.167343468 341.906258722
659.812143266 334.656738423
478.610656277 325.39328208
691.512859697 65.2611687403
438.883570058 315.545999024
129.121100549 371.569459679
577.014261411 390.375803653
102.046669055 401.452872212
735.074959262 47.8634203451
533.894210665 364.907980881
625.099305475 341.889718617
346.478675236 354.46864252
636.917464873 428.210026543
499.060398805 344.139032598
553.478562149 383.897194926
722.134447624 431.827257682
483.766918995 374.614798784
538.55552035 415.321149081
691.20898108 49.0402702324
