452.911514499 121.428761628
576.224183329 133.49116737
466.472085915 292.047184465
560.003576088 97.8532572869
500.593850265 277.878559161
109.602136333 18.8280553752
125.098776933 74.7539815414
396.75937056 91.5072667909
506.8400945 253.278153733
541.136825178 39.1226258664
141.323163211 50.7076006938
465.583687492 250.708497621
478.458728082 46.1621452283
597.979349861 115.237138172
506.509037668 103.67663494
631.311218956 62.8618493147
595.905662224 90.5448192681
544.660211264 180.569333764
536.636077846 253.837730102
474.090589457 103.626578653
656.745686253 97.3897947933
613.826774108 75.4221610879
238.825651839 81.22879416
492.965973462 29.0176416938
367.48543042 75.4467013604
457.092160463 70.034896498
509.013579288 32.3416686617
442.974952655 97.6621637236
586.271217847 174.445350905
155.65016515 72.5740990164
100.71712669 33.4881089687
466.525625004 80.8506833694
359.904096374 42.9151344869
513.113738036 63.0401366014
450.046450825 163.101130152
181.3829954 63.9068062741
546.877215983 18.5773151262
98.1914411234 59.6165658032
267.568432026 92.4896727488
513.028983493 10.7869821315
472.256147802 120.65925767
445.41651259 221.725726985
374.703925113 48.4404121573
615.865620448 11.4839575885
636.315724626 82.2912993761
457.43581234 50.8653359104
576.296112934 56.8957720475
620.627761102 143.75931462
290.160485364 57.4260687674
422.585249336 116.419774858
552.737991731 153.761568267
199.062804897 74.1428993523
466.329507434 178.111177326
495.918798994 46.0927914286
482.241142673 90.965903419
434.671456665 122.114335629
582.291078909 26.2514220397
261.267837222 63.7804966577
492.876368063 75.0862250542
569.164496282 109.091004449
426.185919148 101.457884453
127.408062609 27.7874741909
633.443847551 24.1457410783
559.856265293 216.664884572
436.888817594 34.7100258632
455.663156476 111.801597671
436.831081424 260.563994148
585.523113135 144.6852779
424.981051893 56.1866014593
543.469871333 117.954533961
497.944271373 164.394213267
643.798355757 41.1189841322
392.448845011 67.3458115446
473.966019252 67.586679289
508.638897935 85.3266976224
404.881071766 64.6645579644
411.198604828 254.842330045
631.604620333 97.2517381862
368.034187622 100.105759755
489.095605545 205.543866861
487.8928757 138.758757018
116.769924138 46.1884330056
567.572707195 72.8485447366
222.101322404 45.595667699
601.382030306 36.3807545675
527.658774656 210.763926115
436.764905608 76.7800750711
450.229991867 98.2028413416
526.127936753 62.4175995205
252.675816591 38.088548522
376.700560916 76.6222250413
404.768347674 101.84148313
342.107396142 75.7753756219
626.103866068 114.229784433
435.142328918 280.578558713
411.21463656 86.4428625241
512.353339958 228.750898925
528.37336927 134.066439207
98.5892267223 4.42282781513
545.950861525 9.83565577574
