36.5751901551 306.52742485
177.441019643 626.181131631
58.1418524294 239.708570307
305.282951772 760.619384642
53.020154888 699.066655238
50.0456736926 672.678412781
63.915168749 155.129402004
320.058618837 600.884085459
362.64278223 680.743216589
98.5554392942 609.397068797
719.153642201 776.688358096
109.734133537 703.355485925
49.1846956605 655.814775538
718.737055059 737.047926747
631.945011313 730.13773867
255.59820481 667.543134741
149.191728429 674.389534638
82.4585115832 638.524220389
256.446691877 740.183649505
53.5029543929 129.200835812
81.6871885423 406.284037591
300.757599964 709.472549711
148.291167075 617.85669455
620.780701704 699.896233621
415.142161396 650.331000852
294.444011654 342.816387422
52.9264619432 638.22010895
45.2366414008 154.13930506
145.021524047 647.697352944
404.305695337 693.469189416
40.5190849071 379.380167647
34.7524102266 709.933407845
35.9741478364 135.833655119
94.0297392651 681.43331457
84.4123354313 315.874918843
66.9797788622 97.4563115667
49.6037394874 179.095645528
97.2124892312 639.457137499
81.1211379769 281.61034883
431.702496027 695.125126145
69.859699085 696.570391264
115.47265108 620.707133613
688.11756384 771.804584191
34.9269886843 102.1913549
280.542317344 657.655218527
45.0023627966 719.231873986
279.009001594 689.347008715
75.8656176116 665.622824223
662.402611021 724.339135801
53.3384773318 115.257278024
75.2298057375 119.289058498
50.820150714 401.190044414
246.739630509 774.483059767
91.8638602636 701.505229674
45.63073601 690.700816213
256.472302378 762.45839546
316.16296302 458.849954148
88.2499425258 101.280680002
687.765242716 749.145913109
74.3511521274 737.035140652
70.2052597074 198.862056022
94.3213510053 724.241513825
112.155300339 655.722237848
69.9897193381 632.843312248
42.9836010583 738.34389866
666.18473535 756.139001521
107.715577399 683.65655163
274.835501285 731.911109263
67.6861860665 727.980625951
734.46501431 748.006101449
351.136672773 288.43410196
452.371631608 369.252855771
57.2949005778 271.168192313
450.104007606 729.035656318
274.38475869 776.120440654
61.3768720577 664.109251218
66.1951531915 303.475669091
52.0605665463 97.9437515842
304.854574444 571.367161088
86.7863120392 139.879710078
34.3365804794 280.606389537
295.051360394 637.778875391
489.680675932 713.741377311
73.9083940009 688.097069612
71.1491317132 718.611417342
699.047987448 729.741441453
275.532164168 755.16390581
520.25724705 699.982452391
317.855982003 674.962009068
717.984782343 757.078224149
55.9019727906 363.992372561
418.887992363 729.167822133
5.61818758632 713.075110876
427.162379848 356.131605715
172.177267016 658.316428573
384.174586755 671.969458112
49.3164391941 326.501548667
11.2334394059 697.751642011
382.930297708 726.567960644
71.8040969067 388.365232082
