360.720142411 140.68644821
299.67216683 89.9693522133
455.961468268 203.523774761
472.071115367 353.817345321
130.693900816 387.525418943
111.529512107 356.369066245
379.53460433 293.096053477
280.474595635 210.760960364
434.795850975 406.517971535
110.964000192 343.656088912
468.827710848 286.370102141
515.401094556 430.130125492
96.9104190261 356.721066019
416.641456439 207.624397566
355.864179939 334.558484481
250.854151996 357.820072853
480.005460921 382.040173102
166.481766996 368.545463921
134.40727312 361.741764975
355.067563143 256.389656742
287.332905618 120.321581168
498.034739593 380.142059419
177.022070285 342.552901819
296.953339708 132.528952435
287.817015521 187.291622637
306.177596275 233.558327829
99.5196933394 340.460355046
334.380663521 230.751645662
272.896066026 81.6305633386
424.425754566 381.339163249
275.567981487 373.407707741
105.55558 378.635763239
309.159908828 202.461518143
268.764135152 170.595518839
313.789314864 137.966794803
356.70394202 167.380460863
313.31251647 218.65595608
222.841758894 351.790318663
405.987509129 162.844211222
388.238079946 267.333211718
204.722587283 356.911173278
141.145058328 352.880015825
499.32817482 354.912082844
305.794695339 181.692189303
293.082480407 423.115640123
111.221967241 400.718639589
257.262004671 391.025924674
188.969046259 361.40465459
370.418743198 358.440261228
326.028252531 198.022179758
373.348441379 237.991145357
280.801871896 405.090374555
440.093537395 375.610419182
454.742835896 392.715186745
146.591172084 386.392557335
236.438674699 395.795721441
313.982743304 112.148082325
366.151864732 209.560223182
419.006124665 258.347101325
471.699107715 417.047495084
382.670060802 335.771128384
493.988418148 424.485437005
256.266923155 112.471670418
128.373668906 346.628909354
195.149874978 382.361115894
405.372298278 298.286364615
495.968302022 411.405749709
155.863148155 351.096604655
202.36637699 396.422627008
428.151364212 219.886494161
435.941575436 158.046551247
395.175642788 375.184331742
421.610185567 182.841069958
435.385168938 270.994185277
517.346753873 404.503158062
121.213810422 369.389243335
380.340587049 177.034568555
319.000765488 159.536692938
311.077607015 94.9417537657
358.880038791 301.165590297
395.915795316 137.001492481
276.239194998 94.8580344144
500.347510498 691.938532765
232.151644997 378.72453875
213.132164056 395.422239522
408.94642311 335.796618348
284.28957955 102.440297076
515.162531106 680.198610146
391.023823862 411.652881555
444.872917284 243.466711207
299.686311626 396.558629555
453.058922722 330.037896661
92.0857762502 388.255150686
325.116627119 276.772778466
270.88792916 144.69309255
331.953468645 319.490278953
332.761179283 126.66914027
83.0181958859 368.372770786
431.510760887 352.709056037
316.859499416 419.768679392
