328.667608685 355.576514425
334.006826199 380.607544572
358.271733277 333.231997619
491.506247828 407.539553549
277.304245551 668.406925935
279.11028006 470.128040752
326.326387459 496.399519344
206.99918915 174.298841767
217.626216395 187.592838231
372.011864006 358.267261891
296.028163289 677.642098556
379.000118711 440.332199597
220.579365146 561.078161628
248.20299113 91.6679470613
358.752251402 213.268709991
232.866630476 669.439851125
458.121358843 389.884953211
287.572013614 486.088670935
300.647939996 568.009952647
524.036037941 443.819620233
249.723646346 201.572298954
454.117643772 431.959457952
470.265520023 453.866689638
296.216298252 197.778514514
224.783119662 204.453251517
272.036487542 135.870793474
298.92860067 110.675922476
429.148203583 362.917541019
260.77776254 649.479342785
253.530701784 98.6224731333
283.829268043 135.433194081
256.519592816 499.861322021
221.134211588 170.490421515
319.253915763 327.316252817
210.580303241 151.197195606
490.291425918 465.685841651
310.69296789 219.459606293
300.066383629 509.309358735
327.205648726 214.863241382
226.064388429 131.968886882
241.760164648 698.082401068
275.865267304 176.447187461
276.013146278 699.485789848
251.051271938 169.928250381
518.485071697 415.133571426
341.539760824 404.655205292
337.349705207 246.035676389
401.712855009 314.507320495
325.44059642 186.40460314
342.020485668 286.671115667
325.058678583 269.788598162
337.195098101 444.506245669
290.71936866 455.324489229
279.547093728 395.892327207
255.782200185 542.122279935
354.055703567 311.48482144
303.750762078 469.446511064
256.882280098 114.808183063
338.700958756 170.202698588
303.009079464 607.017635272
247.030286204 619.626291181
370.743909225 418.322717003
367.368158906 275.729836836
312.684635956 102.606061264
370.857399888 462.088668154
207.874882395 597.127122292
264.658911938 712.925193242
265.008277108 579.378868237
319.016966303 537.584681359
226.689809979 147.340472937
230.989915658 163.531971427
326.274553185 309.617435941
219.238595761 116.54371747
303.819829011 392.003857391
313.113293149 290.398671774
255.813297538 685.177280535
403.224040212 385.532727199
295.564673082 85.589436339
189.34166503 200.044374517
270.757738001 98.496282543
309.633282424 127.25663652
282.739985534 100.836969855
424.071563346 419.119525048
497.84169077 440.045805729
297.029788174 697.775020116
201.862981813 191.882372375
304.792407275 250.302651557
198.969145 576.622989088
360.467178094 390.643514188
299.422214569 652.36761309
319.189427546 420.341529068
472.334181469 422.800827567
244.989806285 596.473533631
186.466714655 160.542436742
270.136836491 622.507378273
174.666467782 185.564077213
294.623562494 159.251698926
274.919299319 512.740317134
283.771389015 534.773945051
467.688439947 366.509589154
