183.520964423 280.189760507
243.280070271 459.453481872
177.65669106 208.322636777
394.12673964 615.466743665
222.371712503 669.245896601
218.779999701 625.805892491
141.985929222 168.181667053
402.502894433 458.926733436
409.288776893 507.338634484
175.714210293 447.642567389
639.081953209 651.763884623
272.058638598 653.023203476
127.96069263 496.600191113
636.845087155 602.321095262
544.631463062 587.421247045
288.718884556 527.769404881
227.837057449 513.408141682
155.9999876 475.380816443
348.362354927 592.055435519
150.775765925 131.15609144
237.337310824 374.997448372
367.946300335 548.83485251
219.465814258 452.999470012
535.780685218 552.412329762
459.143805182 477.889125052
295.154688566 340.264312445
113.35467727 469.63051838
102.885806957 152.352130399
218.027228921 484.420435065
453.036920482 520.361230481
186.240704786 323.410526156
209.060688953 686.939751095
122.546616459 144.375173204
256.040739975 617.599450743
250.232764415 275.407661041
171.071072404 100.405603285
113.997120671 187.582493035
180.921040069 481.55461127
241.775334727 243.473015772
486.85174174 525.164442175
234.504807451 651.660702329
195.66444033 461.085274385
600.253235254 647.04937449
127.600959393 100.301948093
347.36683531 490.694770001
220.243577713 693.271597572
330.378119427 523.115826749
196.704061441 542.458723107
579.905601874 574.662212156
113.132422494 119.871885782
169.498240271 127.246412318
200.560276104 354.019639726
342.221455974 632.508679248
249.446032331 639.918965506
211.886242814 641.533838286
344.897065184 615.143497523
338.056449793 401.368809211
187.488290839 117.052952324
601.694414032 612.531155723
242.40870337 699.703310309
141.048378218 210.236229325
262.591853487 679.123866888
194.590116908 497.937181828
139.630322295 469.412354133
214.241135623 706.01091141
572.266420165 626.582858761
215.466076397 542.91065765
358.80094366 579.056973275
234.28716993 688.552322423
658.342073326 634.230221028
343.405502079 299.174215175
450.253338546 378.090771619
206.089361567 236.308065725
446.821352617 581.767986606
361.852098903 628.568075014
153.197692401 515.684143746
226.556037501 265.04305247
139.199355932 99.9001018007
369.688535606 432.995838209
178.316486191 157.603766559
168.53388804 245.159380626
364.007245061 473.923322706
473.498210497 606.826824466
224.532730527 606.615496298
232.91739435 669.975001669
610.36196695 594.195197849
367.384199679 610.84456832
509.128576816 626.288841721
379.837735746 506.543760062
634.308818443 635.431278224
205.985593586 311.720025367
456.148912337 556.527637679
181.745176966 698.838902339
417.701950293 363.01292723
246.93390501 495.024873043
426.745714968 498.087443416
201.50033099 278.756048388
184.60168469 669.92211189
414.290364558 553.59089741
226.728062695 345.856485746
