184.499697338 265.422167113
175.162134388 742.550696821
258.947461931 695.048801151
222.178071025 780.508134851
194.000616768 486.455116945
326.567682891 708.620769642
149.715240398 355.321180219
203.558239936 124.285808577
164.885195531 166.985399178
270.593350932 716.058738056
311.565464618 677.769872215
179.768392012 239.936586024
362.233858499 718.427590283
272.391472788 656.872861109
184.645529437 701.552886866
191.790088283 785.615984297
244.496095877 679.825376472
156.776858684 117.841315336
261.058049674 723.773320734
177.005549422 336.556144333
233.872863366 709.955819961
159.740906761 99.8157654819
261.900070981 668.776144843
160.905819356 425.951314297
173.91663829 314.233501942
385.122415498 713.593730977
156.401547489 704.415633287
176.234120094 200.763251789
139.175966761 153.340402899
155.443015252 762.545884277
161.97849478 323.453902767
200.018549838 327.406410172
318.343297018 715.849978902
326.393749806 673.310793833
174.571088775 783.00764759
240.632594197 771.996746191
256.880025141 711.551089496
197.222394311 181.216837265
333.419872771 661.030511553
163.536718641 241.063725286
122.750557054 742.79507522
182.247824144 370.919869309
181.97765467 524.593927769
201.58179961 422.053063432
200.686522519 460.478403593
216.592069116 314.143460972
133.009742159 774.537726082
182.335697123 794.848875441
390.28707879 682.226622596
278.530378797 695.31872101
196.654232315 356.240551214
221.460899766 751.356544981
209.956950832 775.917300679
229.919469357 695.955171014
170.260961937 217.111458746
200.607989888 101.220760576
291.844617171 682.492738585
265.896063517 744.116969429
138.849250023 211.497663581
347.408897981 696.401951044
409.273945382 720.205405105
210.151180227 153.45879523
306.174185567 735.427648179
171.917088494 287.210431125
176.685042541 403.850612707
388.50683218 739.480526341
148.974674552 390.880474167
298.243894242 716.49872479
243.311258463 721.820247096
142.259557213 126.606275949
148.596486167 180.959338548
196.345146553 732.271338357
158.435963495 286.742337029
265.730107518 761.126723421
204.573997832 716.275651808
152.052625976 256.676456678
243.16890586 739.447227628
170.729260097 383.960152317
182.121735005 154.571256302
182.742491962 118.656440686
194.16593586 136.705019139
171.793364155 354.908878663
108.652708016 761.0728665
162.830879707 509.947090702
196.107886781 510.67765839
308.298879629 688.959064854
193.571846106 300.505686352
205.743565685 759.061278846
204.271302389 679.812441005
210.810863566 283.306340971
176.919591859 460.92445413
239.056001807 761.077790497
368.323729292 690.455629401
172.510307942 138.238228223
551.916974629 425.247910668
189.815546318 99.5173644695
175.855381684 494.103802626
209.638736382 228.772509686
145.759905479 734.771848568
231.181536442 733.628161609
