230.875880498 637.111369488
607.954040266 685.717308997
204.637483395 653.140056209
566.728011869 647.780946481
354.311759941 680.457136819
90.8133898762 670.938604948
143.301229408 715.855914205
498.910836614 152.554130083
471.096608382 705.505021874
208.504064969 602.115865215
148.497639993 671.681779851
289.725663932 675.77315777
503.619177688 304.475274959
669.517493165 717.038666327
487.274024506 685.665676226
717.288412444 702.950901422
672.24427 682.480627211
551.860320103 668.108528594
535.03779769 700.012348758
150.247420751 646.168794839
720.482242533 732.300386095
689.440562846 711.392280008
298.682044648 631.34628988
522.132217146 321.616830177
519.235675863 128.457140403
521.999694138 176.243627102
145.719513589 625.980177503
484.817881664 320.712444826
623.993583095 696.813600379
174.110988648 653.663203985
95.0344916994 701.366464289
496.113859369 342.158173678
513.978007893 117.20436128
391.850329618 630.118178679
207.425595227 627.425870797
181.367549363 616.965153438
543.495710877 648.359015537
101.182941324 707.91361157
415.167555929 652.540303943
121.057488486 620.734128257
323.142775188 653.146050236
248.800191457 656.627250407
519.452492441 100.380474985
703.794241528 695.123559175
731.033136717 715.294626826
566.88483776 137.34889679
614.214075249 658.757251286
687.428648246 724.881869692
451.892874669 428.539911753
468.757915222 417.795628186
590.677042895 680.415077739
270.227310984 632.713574857
281.545301357 646.389997251
119.809213717 646.666553176
102.639387445 648.716219503
229.702646804 609.472937989
625.376663569 640.851398691
136.921663779 686.716425205
256.31537362 608.086690633
629.912161751 667.527098685
489.784357126 397.924208452
106.141954155 673.384159118
710.683713281 677.351706464
560.410202479 685.320656017
564.83147367 110.402428238
362.258447018 634.312942759
176.867351125 678.717285704
653.213284417 677.161638356
549.516149113 132.879841437
574.434719583 665.272106585
380.742897571 651.384844285
725.881957487 684.704264303
539.240942877 113.545080055
519.002998199 344.456880734
480.216971702 666.218452274
552.320322118 99.9400581241
120.443088976 707.337511947
708.710403061 715.759551274
473.676226171 399.796258093
381.6212609 667.534764474
464.632858136 650.325249949
115.189582938 685.125415475
597.818983347 654.679098775
126.638318144 662.27696384
690.909807389 675.299305916
532.174100262 675.138758277
542.6325262 152.341502265
505.598459921 377.55098331
504.056578873 641.76020427
460.254369227 393.968794337
519.697936387 142.326372517
487.750032859 361.991210221
468.158883638 357.431707993
704.476197419 725.17630115
157.110849597 692.702467593
487.777852765 174.692584986
511.491874293 692.207650202
525.370305366 655.224216642
88.8890123463 681.970326453
535.222144817 630.075188956
