479.883231952 169.330754962
472.187913675 345.877452469
509.007260282 177.616820117
549.298604338 156.754361938
511.350220241 349.989223944
431.390729692 217.30744796
508.872978544 313.676432378
149.102696746 72.781278585
413.797447581 166.039631583
454.537149156 240.089133814
528.887764321 351.99509484
440.871799419 284.731998755
184.04715863 80.7462069386
462.029179549 120.206806733
539.828597809 87.0601323048
464.580323014 660.637811007
578.628158479 164.178110268
434.119616713 332.07983601
525.6342251 321.700033532
520.476091535 196.066859951
546.359918642 171.430410684
474.943472637 214.526199093
468.270188438 263.866769826
532.152910574 134.798837825
520.428712446 170.599357487
420.61084343 133.188507899
471.638909984 96.6537303042
566.297621934 136.001139774
510.379167147 656.363305277
488.682593151 115.625325516
532.993485042 122.806291097
394.626361189 283.609725405
101.702755403 46.5217892492
388.950449228 234.418739868
432.373916349 183.411573416
492.417673867 238.108543839
569.349350051 148.256971093
497.822984422 396.538209006
517.451480838 98.383803578
445.192887074 127.948378452
470.281920013 689.767463305
511.776810744 118.303553642
517.279643661 672.438490137
471.383856015 126.481278971
554.653913644 180.679125125
490.062258763 584.510921585
534.151269575 108.609269653
551.730069041 103.57034888
513.658275864 78.8262604963
534.740245624 152.085140996
540.065150355 142.073485544
482.5413323 327.434495765
479.379594865 633.043709044
170.080492247 94.9767252694
108.058733438 67.685838112
505.662961947 133.473180057
498.066280556 375.25607563
481.332779622 125.326806837
494.689618971 63.0158833514
587.630437283 495.944291041
488.288790226 672.545775884
411.292789192 291.616311429
559.416370529 118.608696741
455.632155668 84.3700639769
648.506255253 526.716354406
400.761859715 315.003606652
492.384568196 690.971543719
458.175732688 365.482179646
573.371490821 475.760793647
441.407141526 144.705657814
455.191224899 145.355648311
476.786609713 144.142268341
484.050543006 155.748819148
506.44270339 166.240765885
486.128188583 131.705718145
492.390534725 605.305050279
434.171853487 162.17439873
453.571853567 105.490562954
74.1704415886 64.2944111106
482.773595621 108.254114216
493.460846758 82.163865134
503.620561446 108.083463666
419.92556773 256.96481318
541.851247079 208.775983346
513.849557686 378.028545498
89.1497300601 77.5493355641
519.647451978 144.934879682
462.765465246 188.337062571
456.008708357 300.154040433
561.218352941 495.867006901
416.249160677 313.328480793
498.791680932 155.644711887
462.62418195 612.521209129
397.257639739 196.736273474
511.254045833 634.490561494
86.0869330518 48.6202937367
485.255509989 97.5987949063
486.531503919 648.336712754
505.470516592 611.12368206
569.752347751 209.621326409
