224.357813025 290.479144987
154.845272844 176.784785038
212.940220974 265.96736447
260.335445807 244.618379327
142.51084892 150.077082321
343.270896377 224.758366258
462.849977953 223.129359967
420.237806067 231.35436353
339.105230826 263.366698619
213.712324808 532.164781832
244.554902446 338.587700008
131.69800655 300.883749383
226.375575635 318.464828357
243.675989525 477.663623973
380.646723613 267.572579943
167.181669944 288.48615899
231.69619318 527.414564966
625.320003988 499.382905559
105.257270683 174.035057589
149.161705639 284.443772579
122.868829478 120.926785962
618.334485479 478.777056282
400.790380573 276.664991512
240.796722632 253.010212914
128.660412108 260.339067035
128.913211239 209.748568519
302.663253758 187.633419138
324.656486476 188.3413894
392.808655134 239.946083824
112.196103808 297.742608003
257.228620445 275.741961303
265.584704727 216.319155045
180.631603563 117.912738052
112.277396404 185.832023996
235.271837193 549.249348036
151.894172513 268.095994481
170.413010891 147.681814206
297.701776119 289.385372555
222.562448445 192.495145851
102.489816068 137.109566029
301.803241661 242.888350752
157.134931494 102.537162272
396.68389532 309.82679264
107.860935062 229.438248519
172.416820554 230.116106935
355.724587357 253.187535896
417.71863692 196.014615657
327.433359491 166.420275691
166.880317497 205.311605739
280.694580504 213.458885611
136.947023503 236.609782227
142.80138938 257.49078852
190.055121989 176.716314266
320.283656571 249.933470252
411.104952662 262.256563142
145.102777813 308.829830981
212.973596352 506.773239945
175.146413332 193.284941845
431.585029237 258.279172186
138.927234468 95.3115541516
257.406872163 167.711224684
202.775086292 344.523912784
319.414526836 218.492457852
121.087018661 224.486467482
186.489577936 246.729308478
112.711217933 286.904451091
450.263225868 248.007572487
114.420826062 256.647677949
189.334417956 304.607041738
265.882088934 301.929445543
294.948026163 227.890812106
251.241190615 569.064315857
276.968245131 146.342850898
146.00198621 226.447768057
233.246302137 221.421701415
156.925760625 274.4407134
127.558487177 286.037117086
230.053644804 163.565985526
258.498164534 188.985559024
369.351908146 226.810126981
445.556760538 212.528184299
237.245675101 512.634476654
222.008016064 137.341451327
278.548082843 198.66339771
252.442923441 509.413838167
190.454406097 224.178590024
103.781821072 277.272046117
139.434249028 123.769182726
165.406543993 263.518090925
205.181205297 164.00281066
374.654096586 249.346482995
136.68271989 270.354258301
353.115681599 194.318913988
195.408781173 326.371249642
118.499131285 101.04622793
251.955282277 148.368072587
111.073615846 168.167264781
385.315187038 206.692452409
281.111516942 172.733654119
96.7231432323 192.459255352
