120.616882525 702.699489453
149.025084587 512.477734393
175.528673247 326.668849175
136.050498045 516.301587965
245.213905197 404.457725559
134.173066007 547.438312536
683.950475097 407.905815646
239.269247022 458.549473469
343.381584281 354.427557293
189.730409509 432.417846031
106.930092471 663.807854804
218.279876242 427.051718929
213.588491313 477.909569267
163.069870778 271.241528494
214.931660831 396.283612812
202.002170726 262.415796139
159.045031712 580.700738087
242.812697086 384.466341558
178.941419915 528.880670717
128.029943119 652.965000552
123.2424284 141.866682471
150.350989805 247.21306746
703.585413275 379.332503656
113.054984613 205.907551563
170.411708269 294.279939589
184.055118865 401.16102139
142.014054834 122.798398445
133.97282413 671.618320182
268.139305266 359.501890185
682.898123825 384.875303511
155.806762989 541.71433574
164.485955495 565.172121266
148.19382131 158.868529542
184.579178817 463.044643634
153.381048632 718.41299381
135.887596134 716.630641668
84.6042677131 104.927249518
123.908143334 718.499376628
698.680056974 439.163863765
375.424254256 332.354521356
155.95182126 403.413132011
432.334107829 190.955898593
207.587848545 239.982933475
201.28278729 569.758000964
151.712253332 189.979848965
179.436056283 380.41034909
173.442343301 244.006886843
167.568370095 635.951834274
203.142223817 311.092558171
254.75999094 428.231236299
109.666905637 104.449404552
700.986732017 408.453601197
289.943201814 398.048883315
113.617766856 183.537039095
184.543891034 555.385510282
271.45797084 404.2593502
96.623893634 167.226741368
205.534516792 521.687939977
145.892638615 217.619088691
160.680233195 504.336005989
152.362855308 445.489210739
143.326998986 629.583554206
166.028508246 658.509094221
413.674830362 199.17964199
212.009812047 372.19674661
138.846240969 692.701948971
132.082415067 107.992082592
161.577642532 671.524732081
202.742031098 546.802708127
156.167758288 701.768111977
242.418109055 355.921805179
124.333145421 157.227995341
543.704791277 323.055533505
174.694181792 434.933221465
178.841210644 491.035951745
141.619054271 640.5629788
191.482666643 229.907904947
359.623453903 317.893505179
712.897693362 428.329424179
120.969964801 124.493836897
165.903348343 688.656010953
142.503563584 572.072387907
169.939691958 521.960978466
224.53729051 285.915649962
104.5408897 128.843036726
267.97003812 379.927607619
218.671277654 342.576633741
124.230592124 676.868166781
190.410399985 276.291935749
173.551123488 213.729838693
158.335146585 311.827151084
121.789690951 692.868648132
240.183531855 426.076423327
198.506443106 508.227326591
208.697609286 421.489744212
158.738432789 347.586999992
272.069215418 100.486665452
187.479169288 594.690088274
156.027396086 482.642140003
90.8480647143 138.376720656
