378.114970998 697.482516095
541.46429663 642.225806691
144.637574067 669.299869422
211.313436615 596.664004278
259.237671665 570.333985101
297.982821219 591.825320279
557.350405402 616.978139705
420.585883654 554.885931262
176.856223625 647.3000116
101.260816579 524.719504716
147.139337791 647.148874385
93.9181268094 617.412959823
314.432294148 586.127077735
100.685315587 687.036659756
120.434296129 524.191947492
130.830153167 578.952365867
121.976273625 607.80322137
119.987085503 569.577072319
669.031390346 656.334662122
330.617360317 619.711393184
446.389097605 577.908250084
100.22942902 645.861805071
622.906371903 618.422275151
108.586197213 559.11895505
134.986726183 734.715754877
101.55643649 548.911105158
647.118227976 612.801347672
311.883805508 633.773935122
446.661614399 601.555083873
454.697676745 565.411266194
341.944278566 513.26732882
192.85759379 626.832821726
603.034638853 628.318466853
136.30524354 633.735698606
330.544362421 571.276569265
395.291948408 682.197309417
160.168664555 556.174149738
282.224726775 640.625175118
664.829583416 636.169258581
402.4914374 596.228358848
281.858176601 616.25676238
694.117457352 672.249932347
229.955064083 550.415285625
203.432544246 681.83774552
295.867514383 561.937396396
352.616309815 551.987527624
115.230906218 590.288510636
635.959895778 665.338389616
121.359733317 712.4837468
176.451028982 676.686261909
224.720025821 537.189395904
678.361940206 624.685749665
375.29072464 565.567582445
141.383979849 573.561910695
232.59486921 585.546964328
204.621970718 570.83526133
84.579060748 622.017349288
382.882112198 595.718856552
125.512909623 692.351604712
375.750648485 539.367554284
101.234981768 613.731689673
424.265715978 619.675751604
425.259509643 593.329407571
575.936667911 637.959556921
90.8282216915 573.597013925
399.897977927 700.513491887
402.864387304 531.239541287
598.43778854 656.548944789
330.669768704 548.129793244
558.038281663 666.682730751
116.768548548 637.970273585
184.261774298 586.321138766
688.786215214 645.725140332
85.056818877 597.039774706
280.193866422 594.842074197
257.517014784 610.896732693
125.78518501 553.320898078
632.187921953 652.133409106
700.414463986 637.2572048
262.40468047 537.512202139
702.95478432 658.552239017
169.910596107 625.119103986
431.311011808 575.206205494
162.983094706 597.857195481
193.22820735 547.544302126
141.455318351 617.448943807
102.293359626 592.268546331
257.573735893 662.161433096
72.88128187 626.962735839
290.808374476 511.457241318
239.624391872 629.113963111
351.842525939 604.49474155
110.313664429 655.32677959
401.168837591 556.986322316
215.951188883 622.300854746
217.096558144 663.182362255
663.693191075 689.726329692
122.221577818 675.392223266
157.149602508 709.6902567
147.344554809 539.692579959
