298.028182706 739.948068635
224.287511774 686.790135856
358.620700867 374.491748662
200.957281903 694.680206307
417.222092195 484.971841135
204.320543468 722.229642511
625.781951632 588.054436817
401.290239001 556.36550718
451.838432705 336.22543312
332.445936672 557.365542537
262.345322067 733.546166158
376.261834862 532.51140083
343.81270715 614.747306958
350.33707188 298.172237557
376.721770566 495.856350824
391.206592744 275.569971301
302.516699862 692.24404036
416.307164751 461.693103719
315.755618847 655.256123363
288.552513622 716.776885667
312.617144158 134.410565343
338.337967587 272.161373153
652.524224567 562.005629646
300.685675289 227.688944138
354.870369535 335.320200571
330.889627752 521.553821494
331.7179748 116.660123665
307.106795052 717.034037969
443.558107265 432.231176246
624.710721048 564.833830721
246.803595868 707.899159266
309.572148463 679.377898745
337.773290482 159.820771155
300.900326715 612.824271494
332.892047966 745.84795184
312.757145422 753.385147978
274.257021089 101.355768413
294.457553288 760.139074173
635.756670879 617.529443744
475.907730416 328.588808449
284.222989804 534.63894709
437.445911769 189.911888645
396.486092821 253.04786904
356.898586541 664.367281784
340.714833469 207.715986752
340.927233461 479.657338762
362.582947903 257.884773775
348.174441312 689.180481252
390.59673882 337.258089902
421.184531575 519.502652791
299.255925677 100.164787217
650.142525568 591.194811737
467.686990428 464.586889135
302.268367254 197.866859441
327.235440695 671.529181301
446.22688013 478.313322543
285.146842735 158.710963468
347.212161823 641.164143218
334.226458399 237.450012799
247.944541876 672.910934536
252.931686309 600.024327584
275.219148854 711.48241675
346.392737339 699.676794123
417.541175771 194.604639933
382.078482396 456.396458135
313.532957841 732.992432672
321.467577371 100.472399639
342.490964755 707.624874272
349.842632833 658.065033544
338.54223286 730.914372584
418.014446943 428.122399572
313.64891131 149.959012989
555.780426602 322.580281456
297.390439395 578.814553944
285.929669691 647.037406291
306.37963966 708.715193091
381.181837434 236.80478922
461.086076377 312.932922027
662.289746552 610.761049012
310.35852199 115.227464394
346.885157127 721.294702073
238.496141496 734.976273479
278.823628476 676.409957054
413.017632704 307.843859982
294.08829199 119.428722933
442.524269215 454.71869012
397.880513754 398.283347052
287.274821655 737.72518095
379.106174173 297.746940617
362.301936248 230.344256768
339.073515059 364.445746448
274.840265829 756.204904125
404.541918116 521.044175534
331.905841318 640.896111235
364.549716248 529.955181379
330.794569518 392.226638671
362.096179807 99.8623088566
352.544391404 680.496937726
240.445080179 651.593621114
280.064788465 124.114401342
