746.514513879 226.658857914
723.495792717 499.219296323
707.276527022 699.834712913
743.46740673 536.092888061
354.192331405 312.585530567
166.042610932 248.819020871
622.307336378 438.973544577
706.922966828 295.241794749
726.603207461 200.142174867
782.239282735 686.674003089
667.360202439 355.901175174
705.561308556 171.616348728
136.800795942 265.793841098
647.135736026 365.880284339
142.335857596 287.873198325
775.989115154 665.579454259
758.763242533 676.764072116
312.986641178 272.128559114
585.91015319 478.474787626
683.841725114 353.171971794
731.152696356 699.630629371
744.737084269 486.920584208
214.30949832 336.268940207
630.476920973 461.704203202
338.948323331 251.932667051
182.516719572 311.365530059
145.419279635 243.379308041
749.948511631 322.63756051
673.838243982 209.952320232
751.534811433 700.265776609
724.123164358 429.047134838
662.772219256 275.427128559
715.147181999 370.08662574
657.381953013 329.709837375
782.349831803 637.193201929
738.022749612 576.280013336
784.730515503 707.673007954
732.140386305 318.124669655
689.742596948 239.920981884
689.627036319 154.505066644
774.91239447 700.197306333
288.12199718 290.394417454
748.858956548 195.135741066
315.557115312 227.551284189
292.172108478 246.895431185
693.387435434 287.415999128
204.091114804 296.573828386
387.686286864 443.161177589
180.549252994 260.73435972
783.87205239 695.354995321
645.68407304 301.703824419
672.140226081 578.572219966
775.834904822 674.171318685
742.606097428 671.577785774
308.691629636 334.078223259
695.544181494 488.858826935
721.896024179 650.741809573
709.327326029 391.186369456
684.731365508 328.023750986
693.055621781 340.128282271
713.933328279 625.208235945
711.023485485 316.792585041
761.449627955 644.599516854
735.103329164 334.385572435
713.841785475 458.586874833
744.923194716 646.641985809
666.475259855 312.090528926
676.105302185 639.569970465
568.587479806 457.769632265
344.677267332 275.072103192
711.220446549 207.178053541
718.848151281 679.36541971
673.821117797 314.883541386
716.747261359 572.266776911
702.067575394 340.661094718
338.154042039 328.122765305
716.662245835 325.032485232
679.420536585 445.640446138
676.345503314 172.574092949
738.924635939 174.185827503
695.774459536 191.290843802
692.542179271 354.864722049
712.576047065 348.418474189
321.320997552 297.621910511
728.951318922 223.685560195
764.950104086 698.199525577
661.147040387 296.220066922
780.029420836 650.282841924
677.284683015 356.980609555
697.924531499 317.974669372
159.017032238 223.278019323
695.476682734 549.753066805
163.597664525 275.550857226
726.444383975 139.161837164
608.667749358 460.138560528
723.66487135 169.913720301
667.032967912 242.250547133
732.545194179 357.113873883
705.55773224 668.751776869
719.638326023 526.655017511
