642.379728344 334.937017331
97.9289445454 381.966242912
147.436763103 487.489765542
112.764851342 402.859060509
154.671706105 622.858605889
89.1013177472 585.251463341
57.0277291723 426.586297547
559.725334327 506.781396507
267.976018334 372.322760767
280.637567115 514.135921634
52.945416366 333.414266849
76.22114345 222.627809835
106.194656296 644.59522876
19.4805798793 336.368719782
115.11265563 698.075101018
284.660741445 484.416825905
169.719945036 437.427616944
132.290728026 585.343332957
159.626851264 587.633105652
418.759824217 481.442905088
160.675991083 490.181983271
122.558414148 389.628789802
136.255560001 707.739213774
99.5386370528 443.51890683
95.9061353744 475.783080093
134.561860556 695.097783745
66.95014791 594.903752344
560.10779147 554.152273121
16.8572229924 234.984214134
173.457259446 478.550292491
406.101070134 527.554406593
29.585194889 269.707968274
459.250587487 588.222820946
26.4867487069 315.222636742
358.991171174 542.025895864
104.388936973 415.310525649
375.24862109 589.14055783
561.094749465 533.893536199
61.6410303034 257.674078383
43.0414458816 225.374462322
274.494923775 537.49827067
129.112101068 640.592091407
625.148739863 316.591606817
84.1166063101 461.782011338
106.195142135 567.140679471
129.638055809 292.43204775
136.255375001 677.437852269
101.946347754 506.381134479
105.468231227 611.31558984
368.065041739 570.821012783
14.6769146055 279.130581186
108.074016834 472.3314259
406.283672157 582.459285093
152.051137134 461.759756758
155.96151913 700.241867046
61.0203824105 388.002415466
137.365525846 458.965450065
451.243768086 540.114863186
465.08083482 474.240562326
492.150975733 529.678256237
110.769882419 445.408865332
528.972944036 520.896047404
251.788772519 473.688932218
575.491482602 591.123705797
79.6673304362 384.163656482
126.16946058 446.2478509
113.040824537 322.423085429
128.75730821 499.871573413
142.195453849 559.330588326
122.063251636 548.8985363
83.4010432058 258.273351472
132.336681578 479.793401147
155.211457764 339.223285627
92.0370079597 432.802766281
499.816499638 566.450930449
155.101311846 682.465677842
538.403653761 545.104171887
38.8077988617 384.36621362
23.8479694895 226.910025417
286.605775482 341.146510462
55.043768881 237.469026362
465.075716598 508.119324689
540.865346648 581.577558356
138.539209019 657.720693583
621.051397061 339.287632756
197.445720579 454.565643839
47.4351510274 275.968116165
385.156897698 564.521998444
399.441705046 501.624136268
504.164983245 502.54715161
63.2682711816 566.381718743
75.579917877 437.244830045
115.498872476 667.700524746
402.988073985 276.400294969
103.305903025 494.175735017
124.351486182 258.140924713
27.5974712601 252.398668627
556.867209776 606.706198239
120.864570145 486.746900351
90.7448751085 415.237054044
