700.684791417 317.338859778
367.381246319 582.793723743
331.870509406 717.687649665
384.166769364 596.586421897
244.174823104 667.224409457
180.599203062 624.786428786
299.234303188 630.647684701
713.541298819 657.246266204
395.828035384 358.466461447
427.881582057 694.99632843
346.722721331 456.555657023
355.764733127 297.718419451
147.162570945 643.688609493
316.418928693 464.159635977
146.159878821 666.156216054
426.210716194 681.320330432
392.237820984 672.436845428
224.067140024 638.83010269
273.974887583 692.246820343
509.369779973 664.839289724
358.297773056 716.818232044
400.491774971 574.895854853
185.55743516 704.60444684
303.438522331 651.453486856
237.767840704 615.174743939
163.493532988 686.824777195
152.994372247 620.652913311
735.070088111 677.149766841
320.864866669 325.667136318
377.639916551 707.078406788
477.255502254 673.771353357
315.957854984 389.057318897
599.030096668 718.263361514
327.863163884 438.796551364
451.94640588 679.799366697
374.016644592 613.356909105
452.606271548 720.206320734
719.064242596 674.502635338
340.897042427 360.921219426
340.274765416 285.260199322
423.407419106 709.095878816
193.159407202 657.148486947
685.592088672 300.908351804
224.224933532 593.680069738
208.426806431 616.397063756
365.307876894 391.268582435
188.19364783 669.429852541
266.193802565 651.193622333
180.507379826 636.636671988
445.234794692 703.684402055
305.224035936 409.757111038
306.813838595 675.097964225
478.979888154 710.193837704
371.561133149 696.006032321
214.522537545 691.532493698
337.880323599 580.972668178
347.062048311 687.213053869
529.954452438 697.379865968
561.784419524 672.262684934
631.462345709 697.915365526
339.65609419 673.076747017
680.856672672 679.882527297
418.911301152 668.91196727
758.84836572 680.581493981
366.28391454 561.232406246
374.190697389 669.034316657
361.909712864 434.089924682
305.6593353 690.27863256
272.548856356 666.971919582
249.396437383 634.201614293
364.394714193 338.358833696
343.824709057 696.313119662
390.188423079 437.266708741
347.823800451 644.01325875
671.62493132 701.655926217
240.406730906 683.25300757
703.771458877 683.505606634
331.179605346 551.127974249
324.315864601 290.351477697
409.669614441 332.093945773
348.275526502 320.406436078
567.073561555 695.643475716
716.232981934 700.809376804
220.831549023 658.305471734
681.246845101 322.749372779
401.776141011 700.697175522
338.114629361 407.186600541
474.17559724 688.121031924
479.573925832 647.482182756
604.746844882 677.382137798
168.130309814 599.53344231
330.077766642 644.318771716
167.392508454 652.635266417
415.086484646 268.883376005
294.327024361 671.472557372
386.677887433 315.484348029
322.200210499 366.240587557
742.753861732 693.626889468
327.984979198 688.341065142
356.028973792 617.079441508
