600.614973023 323.77777573
597.198405405 264.873438503
607.987637542 277.022151543
597.48268634 156.653874518
629.045353886 607.52515498
574.321970108 617.798891741
610.93631965 428.342232265
500.122650639 65.5378526266
513.808845169 113.958006634
571.339159784 142.739067142
631.911640164 635.308733314
628.977462245 495.489517
596.928502904 600.517229764
591.627354075 78.403891689
553.381008686 116.381700177
596.236212011 654.823597223
578.690486745 162.425631907
577.671903719 694.174196539
619.280096079 409.013161752
615.91775009 190.181903688
573.486615284 158.398618808
598.396533775 223.39642498
615.429591419 233.518255652
516.212981194 62.8483087758
536.256511167 137.728215264
585.932090512 120.6044344
596.439870696 121.732736594
578.311271938 138.327503187
612.938264345 570.984532979
559.194686837 67.9503670666
601.39344287 141.122987659
572.588692174 670.893762338
522.605104556 108.364224566
594.23208698 297.627029276
559.149499579 108.448290098
616.279113726 210.605326972
559.878750426 162.413108568
591.473035589 443.315747612
543.462796785 132.217089737
555.168391233 85.3269034986
599.043885375 685.792080098
608.656551402 159.62987957
623.213177241 662.098943627
570.777592863 123.433345787
600.461950945 174.534388447
610.451561826 349.422048424
571.173340066 224.623412728
359.489388381 315.554564136
519.154616626 81.6521844156
529.042088206 156.768789884
549.804078082 174.686604827
629.023925567 282.852274224
580.225162329 577.159167824
566.421579132 453.91983769
589.275780822 699.629207036
546.148770056 186.883712105
580.833239182 488.94721361
596.785157853 99.3057327123
529.028786897 89.5730833664
633.132720577 435.343187307
638.889127276 677.022111816
633.565111452 396.210036572
561.0812556 248.554450211
617.019094301 132.933185627
628.85954708 581.553513275
604.259973302 624.139358765
619.290872324 706.352384777
591.847749327 538.430488879
623.644704758 361.717494723
552.220544923 100.431527003
540.872908793 110.148949741
567.079110737 299.079549626
579.426279721 108.253298114
590.108213756 388.900001388
545.365014194 322.334715705
603.626964057 696.372897752
562.795211232 137.476227076
636.962139358 119.046982236
489.983616303 110.152585054
618.585038667 94.0465714206
634.549996553 144.040355575
612.040103997 117.820605034
560.101067332 195.63300822
590.372770261 194.569746399
629.450089558 696.848163316
477.805210106 92.6691870876
578.324578746 242.000746085
605.643943825 675.597122865
596.051992816 242.88885943
600.203075844 503.882877538
612.150695505 299.471245384
579.465448334 207.754185736
621.169875352 460.627971165
118.03461225 266.659370362
615.910790336 534.254073788
495.054871429 91.4726212896
631.655544057 164.911984488
582.743534185 636.298443583
594.779538736 466.902870658
584.06568122 144.455208442
