649.876868561 514.434842679
714.735564487 208.992801655
742.092055738 435.484133265
784.665169177 678.751585446
613.047837124 358.178127399
533.594424312 366.877836989
729.937733528 379.382474427
705.827627904 369.82853436
715.324539211 700.863155153
651.715592388 548.779976403
719.76218097 677.14591668
484.59772765 272.402384394
695.787418726 509.474476752
594.932141106 402.480610786
756.042714269 462.041709267
470.277829954 322.885859887
622.848246375 429.036805144
671.186009946 335.158247088
743.560073077 143.921511911
703.776516912 577.322541615
745.94927448 123.769395531
678.7200528 380.14447159
754.783925149 425.871856804
696.246517915 455.860371441
648.034244631 212.506490803
738.386066074 172.581135245
694.709366653 403.750742172
683.369748676 345.305038246
742.095978941 580.571051684
470.718061898 285.137009663
591.762015231 319.358367924
791.977692106 714.535047466
719.99129101 551.853433735
624.455980265 399.18542535
700.262394869 684.494863795
662.356462952 250.821889381
691.372850751 433.772010646
737.498629743 697.981014538
751.737001215 642.326074638
242.327093973 347.678934134
708.883747343 394.354689093
772.405475555 201.398218631
688.849213163 371.642285842
620.594350591 255.979183832
768.179871736 176.491807049
726.335493022 652.782676282
724.44788388 439.146126483
711.926184506 451.820475279
752.99611095 673.386801523
769.429749495 647.850393672
668.267642854 226.954443798
677.098331626 191.848548032
651.818854738 390.509625417
679.76624839 533.947066093
745.157759888 481.808694776
707.242546964 517.022046693
598.418549761 459.401045276
668.856482662 405.04676199
726.4780609 428.150860143
771.769709223 116.694397948
766.728202756 689.525357271
618.598977549 495.231219405
751.518319213 562.770968738
648.087441159 233.566136707
537.553892863 281.89162207
456.248688036 296.859802055
725.537517825 396.989413781
511.758325202 242.608186823
630.160457917 319.70257631
667.666427468 428.57675549
746.497785063 708.100448802
663.456069222 622.788658643
644.891083586 348.147586054
690.249282979 208.658697224
731.698078109 530.417977571
776.008784556 705.629299161
514.772227259 259.907102318
703.99609647 461.762556371
723.320204358 454.823670762
544.651191796 311.96177463
691.539006499 383.526764377
610.083612436 375.23349829
660.669150494 384.928824454
752.039824418 618.044107866
622.618164641 527.235696015
761.097147926 700.409063379
474.64511698 248.429810403
749.989954812 190.078742644
624.319543261 276.502665391
636.725610297 378.565497094
783.076588839 697.048557713
494.853361528 219.609065939
662.705290509 347.546586678
497.620558906 285.451780442
735.795386036 102.473606155
694.786647996 415.959702444
782.272920407 139.583430018
676.652234474 389.942418724
665.236508786 364.593135622
760.301104217 153.850763037
