412.15715609 490.990119855
387.562448937 440.036950051
567.994019087 177.963191733
679.497050153 246.384252575
441.653689505 382.135262162
192.556318537 209.067929143
479.104213054 108.908040459
336.991332048 141.391997077
525.085030565 408.093606174
399.798396283 332.7122609
406.786613184 565.739990983
278.967564375 326.55634633
468.750143348 427.711956326
529.710253801 207.141280625
460.490684119 384.830884754
482.52586388 350.305829959
287.528162606 367.075110388
386.781069542 257.161884329
287.788113581 146.136751488
554.23165382 328.157721989
310.459721497 119.638284314
597.030438578 202.973679749
504.101762439 135.130061648
465.651771876 549.94010036
337.95469548 316.809892914
449.589434784 104.115832922
608.010090951 217.919602843
314.919745949 132.419867167
689.13931691 209.280513038
442.864622246 332.23232036
288.476763046 115.990166913
641.864627699 238.175419595
518.607020515 315.816929823
420.562415581 555.379441667
620.326424012 287.789638443
535.963046197 159.302722613
225.908125029 206.102010277
527.97017427 439.59417518
359.651898906 522.018638779
701.368751024 223.402927874
506.350305346 109.188037257
304.088532466 169.743370173
468.57285133 172.296035061
360.466139874 332.610073372
327.882642768 120.006411719
180.614782394 693.542103479
513.485493759 480.423205054
605.078295912 254.567196786
509.224387605 360.074220511
665.70579764 217.279939222
434.854004691 208.264265032
435.482508969 183.559821779
448.114195168 288.658101834
485.649830237 464.260146979
438.688323632 480.251072524
493.881703911 409.597487033
374.749844576 543.194861616
363.447608337 486.856499941
435.625109673 571.181402929
316.256094367 108.870490483
572.534423164 281.592096656
477.17776856 322.504441257
635.721315716 181.22491406
363.755931954 433.277077649
310.502574979 308.03092564
478.860026014 285.644472793
388.819175518 465.8623283
401.574379457 181.790390987
431.38782422 154.879573958
210.203718626 197.44165054
550.634348994 407.07598256
210.625999784 229.211862236
310.760559518 333.202895305
476.360932758 143.952257931
392.144606521 222.992169443
593.722783456 313.963078702
415.190395168 433.565799071
669.078294518 188.220658852
342.12851063 345.915085778
290.012702688 99.0945874351
310.138678278 154.218048503
287.538950216 341.251622333
414.433494329 272.524020844
255.317861179 354.039396985
463.849639801 456.112845888
663.635439732 266.895737133
318.195369794 344.481692986
445.835006976 125.0925302
494.604455947 187.895831951
424.841691035 303.937396425
597.900281499 272.300068058
392.643273716 194.774025681
434.872500298 528.721999021
417.210968222 239.228859307
394.264369284 148.307267287
249.863753943 326.976985231
315.818338425 96.624926997
385.229076995 519.801206508
407.018475086 398.068001651
439.506471831 427.302764951
