232.784236099 304.135693254
457.753479066 249.411770309
254.579494931 374.018794958
390.345109832 231.593872341
303.538441738 350.045398597
46.3660791064 240.194334301
84.9264985316 301.548463988
120.128953728 171.637055652
316.905306268 335.621672003
328.582886891 221.857372753
84.6125328466 275.217905852
267.889927041 361.451035865
228.277737018 179.809886041
622.55655473 248.671479303
315.816385477 298.89555911
683.860003036 224.336084862
589.784120118 227.715049482
356.926658268 261.463102861
355.134586293 319.097625519
228.190397358 254.309351949
698.381752724 249.436526024
643.242038052 246.347593299
102.213882976 274.087132575
256.543765842 183.553094708
91.8232698103 139.536983578
189.356901298 176.136266935
288.492882655 212.69549994
172.395429838 198.733091952
496.973534932 265.046290391
97.8532586264 300.927238922
64.1634756509 272.49217577
207.18569379 208.288409553
90.2219329007 105.865088712
300.394338594 249.748740098
238.856081586 331.763602055
92.9082194127 285.000113117
356.29743775 229.727659423
60.0209849567 294.105541826
119.019108215 280.105995142
293.20927719 195.620885738
259.237353703 307.699768257
243.999477528 354.454985297
103.047478429 109.289951693
660.124083409 233.527739425
701.785846155 237.549695782
190.604868418 147.126340853
464.470735398 215.351858237
656.119901721 270.982038683
72.7501417342 203.438937771
159.651255547 237.576573815
417.03455724 261.600618703
108.234541256 293.402725305
267.79307788 340.524216543
277.721743587 230.996921265
236.77942197 243.621449741
191.797425191 276.453270609
500.525708866 212.569836091
97.7962672987 254.067257849
268.093534382 255.018941936
487.273830042 244.902030676
174.08914211 242.442761158
62.9550016051 248.438929441
676.583313715 213.642334946
378.906093149 295.513770957
169.82467709 115.516649844
225.610572499 282.242852035
211.908528345 355.832592479
526.526501267 261.032451984
151.654313619 132.922184711
377.138546887 261.022797162
285.342603518 299.185670789
694.663630017 218.546393084
114.388695821 127.950392675
228.934180181 218.560706633
306.298396275 280.258320566
126.249064525 109.355111206
187.984535238 348.462610637
678.31387673 247.89957373
101.916437565 210.421919653
291.238985388 330.41597326
256.104201726 285.146020689
73.3746447015 282.797342747
427.49688253 229.655030606
76.4771194814 246.072252212
624.068252693 220.222814757
333.159522019 290.231532828
161.255984495 157.945376117
190.970680903 227.014072317
321.099962012 253.031685835
54.2282004955 191.614355333
102.402288864 152.196781584
135.608607083 207.285560632
77.3191452168 185.847133661
669.839016042 266.790561396
222.671127787 383.958726295
137.855586968 177.688165055
333.31375717 321.899181254
341.284856043 279.771927336
44.7698483096 261.805039867
362.108837355 216.117004794
