531.402283326 106.007393239
325.886558965 85.4955180803
574.74721802 207.993450858
423.516902477 674.075178972
529.735402583 188.442682794
365.163374758 668.646811356
471.726321854 159.425161187
591.446005059 102.606531304
540.185076803 97.2680113534
491.112518087 573.161468948
491.866096114 406.872098805
540.166092678 122.926274207
349.912678282 687.638724881
603.191588087 154.718983044
466.8687071 93.1656798943
542.551146328 230.341344852
574.530671041 165.972919631
523.182236678 82.6776734604
470.725438611 498.104676151
539.95909216 161.222869681
461.402443682 392.28831442
535.900751971 70.0069277999
587.543274486 139.478859834
451.34241337 126.314636492
523.20684969 151.868253302
388.047879899 695.953872544
295.347656745 74.3326015395
541.360425827 111.980795474
506.791200278 86.6533928814
132.285808073 82.441788022
492.013316538 129.945580196
557.333410655 149.055372836
429.178856713 698.241584072
500.340655137 506.412174894
288.916099644 100.629327341
409.655872768 689.490582261
469.052479279 425.286594016
555.760420051 125.916148583
496.173156319 432.214009088
508.662325866 119.04863834
100.449794299 73.2839516141
558.311044213 159.293875909
443.517659521 101.450607769
556.837897184 184.733750769
553.05571345 176.195330032
560.642024704 141.572002815
119.827439329 100.192062774
313.237055182 108.61390648
421.320979713 714.431103538
475.688161212 446.156085851
569.85733176 130.545382187
438.255921223 593.938577082
426.697602233 582.313816103
561.563035103 190.385231904
515.119911839 100.003258307
560.753130173 100.352800559
588.420521995 183.006297972
468.869836538 611.089886079
484.663743276 98.6716814761
448.982157515 700.341033685
369.114512281 693.269677441
603.89288348 113.191014238
374.282079263 656.250602924
518.878271666 133.489550001
518.990541746 182.540129565
355.134509933 704.367319875
469.698608759 62.9509845114
471.595948519 651.861537518
456.754094714 465.315984394
503.626535183 69.4683270632
502.88359809 93.5088062689
524.107952491 213.430359162
502.388305897 131.770492494
444.33898217 684.471786089
428.777038668 403.710867726
488.987549568 111.580407209
447.807338477 627.068801407
494.425306586 162.604297998
574.06538543 95.1106523469
543.650603664 76.2916469674
560.944677081 118.37266092
519.756104066 174.312363665
102.644421962 96.715340896
297.421791753 58.1734002734
455.930177727 84.0574549977
487.538876909 469.217418777
531.381612815 145.584834649
549.744867853 220.126870852
536.539511036 201.224211497
545.134012501 137.84307044
437.085909904 78.6760548023
430.780481454 657.207436242
377.921552357 675.718584971
550.97459815 111.574788067
602.051772263 131.732038856
559.169889444 83.3149858354
321.600236726 72.4811657689
574.004205239 111.987639381
115.32043228 68.4108464889
440.896019465 426.311747454
