638.445831529 667.412504982
488.059879338 616.148160068
689.441965827 741.396869956
545.547584756 211.807153713
139.717618458 597.029612083
106.229688313 642.700369946
119.166507083 627.984214334
645.337191455 644.437266084
492.541588299 679.026935017
480.834921458 645.291705618
513.295487288 697.964492934
627.606022804 680.645491677
345.71882504 636.775680746
540.496951386 705.618855932
158.895016238 590.243535637
132.546144292 632.884403841
659.518140775 678.061555225
425.980388084 622.357919169
590.686371514 610.174748264
504.772653985 583.459005462
532.09263928 624.106038592
719.718213906 730.87761857
561.952170697 117.073688394
599.306963884 643.689279562
706.235338519 715.99731243
120.262642891 655.782153942
698.587117967 680.791166491
473.92163782 619.631798137
729.831300807 678.273435705
427.911411558 502.044768327
547.695673812 632.468121152
601.508848564 679.854489414
517.859186663 626.79864183
591.47514944 673.155363688
745.891972163 726.66608029
584.284535869 646.222651053
623.918662023 658.322856066
505.645312944 370.951019611
566.040424382 609.286292736
734.401272298 704.218184741
546.490158641 312.588015344
603.234474193 586.637310136
425.692351418 598.137516047
387.906849019 652.439992896
682.989213605 690.078867719
563.55244064 702.603613833
571.755281983 633.299756135
720.121344817 699.514705878
598.270047928 699.415272019
741.392836898 734.062057005
529.370583605 354.343600159
449.499682674 488.854299583
538.39298117 389.551279401
136.167972434 614.82632445
528.055807796 202.400907776
379.600393078 611.423844723
571.248113605 655.137770238
522.155543703 603.5152544
572.304868605 678.10854666
519.294114245 587.702611307
705.813014901 727.289846432
454.905775574 668.771306362
731.44078617 687.236204569
575.968092534 340.13940348
693.739362347 705.917460685
141.452272579 648.044420862
504.220478851 626.111670627
566.688722137 372.422230598
507.419466453 640.742013079
573.033464085 591.913801235
538.70262821 671.802649175
388.321160138 627.406084362
546.152241347 586.603281991
503.524783239 654.088039538
518.227014447 334.405297661
565.069831377 134.614752819
98.0459755215 621.839355104
714.487789708 675.463330448
570.541852655 563.280343597
456.014840967 639.171704777
565.613308291 581.440337809
645.346756988 694.370972903
554.625585335 358.073518151
324.487342546 628.591037756
114.295388963 611.118739861
732.428260238 722.869983366
549.631636843 647.280164334
481.871826757 592.372934187
533.88659584 654.53383022
436.002298618 473.559695733
725.092745296 741.619575278
543.421339356 331.018455507
516.574268541 676.009186952
551.619481716 697.798900312
161.116442625 633.733423668
356.511445467 648.029472395
636.208619535 627.740197404
549.57501113 688.108977739
160.897053333 607.235806081
127.355930835 599.455313665
