696.639636028 564.759293026
585.946740925 516.799881265
748.895804884 645.61921194
543.666861636 207.809084815
221.493331271 483.445617294
181.821864808 524.965493344
203.318251638 516.396109787
687.251456524 539.140217698
629.229295994 651.06818159
593.165700162 562.820890726
653.26179272 699.372144234
708.655333586 612.840764621
370.989703704 500.266001451
680.101432572 703.535891189
244.156817427 479.587936625
220.974101184 524.510320193
702.041845671 564.531492658
432.972026417 485.120517792
684.294956035 523.62310035
590.05358177 472.722902738
646.087867698 543.867388212
723.143694239 591.677388116
563.50119297 111.763987666
683.161992299 567.529554371
703.878225432 576.846806017
197.559527188 539.152079419
698.416855059 542.471664626
567.851885726 515.986453738
728.67739479 538.650945067
442.449751267 446.498191627
666.38400343 564.765567191
731.682356487 663.544191809
635.834709515 552.52756879
718.327410707 641.686542664
759.138571066 588.111184502
684.005073727 587.425530089
690.461775649 564.408655356
639.574406203 331.417948575
670.883477813 520.47362221
743.371678512 564.711486032
680.676571177 273.726149671
699.684403245 487.167805182
420.068997512 458.850037874
407.117037856 514.397356344
712.828138898 558.696284665
703.323151801 700.734221199
674.518511631 562.030783426
723.885860671 561.050598773
735.156096099 689.252117544
749.852511479 596.26888906
665.123075697 320.895126239
468.391008413 442.614249588
672.706833845 350.711684006
219.390347349 502.409017502
528.737687469 199.191424531
387.990610707 472.6100018
697.598500534 611.947500313
622.715590975 506.796624483
711.799623291 668.735070356
609.675416139 481.312897861
710.052089143 587.817748411
559.386981092 580.130915478
735.920281791 547.621712597
710.635110739 302.967954482
701.823925431 587.894958001
232.180132252 541.547653504
610.616781534 535.650253483
702.663774751 339.912757822
623.44226424 562.790216474
674.407461878 497.386896546
677.967477787 659.242644176
401.747735098 488.834575518
647.40156833 490.369181051
632.153639582 599.811785758
653.01738586 297.976921854
566.749469287 130.949550834
167.008118311 500.220655353
715.149449953 535.944097779
666.59230455 462.141757019
556.663621409 541.956750013
665.028079197 485.0320578
736.474939344 631.138231195
689.892076555 322.666479516
355.098657212 502.771413808
188.303626201 492.523420225
734.309039052 583.486126794
677.25930288 598.493816198
567.173510769 481.503050768
669.219082918 621.08606639
452.267910107 425.743115064
746.910339021 609.910519793
678.348826567 294.630898031
656.196788994 670.960552224
691.353117382 692.625054857
253.075278557 528.27095304
380.073277683 511.246064382
700.149170605 521.378696237
689.231251543 681.42876191
248.571321142 498.194883601
207.538515273 484.741556579
