681.569602557 497.484700979
110.014208273 577.940399976
643.540964119 535.841339084
634.560093228 500.233287501
125.303255953 664.747274654
107.15641337 525.36521542
662.893921345 539.655506111
351.867754974 583.849686853
662.927578224 461.436995412
179.729982756 645.896115721
511.575920069 102.025573129
616.81987621 503.380702561
715.891229916 631.58359363
640.474313645 513.676248423
622.975089288 549.626317398
171.108994874 597.268687937
602.803983354 513.397271521
130.943366728 600.820852222
112.393499185 503.563436306
113.557516976 625.591328999
662.724966352 513.516743153
146.050931831 662.152353417
154.994223597 697.748803621
111.084511928 486.769466619
338.190205115 557.27114128
681.744321681 530.642066829
146.339360577 101.352163287
129.567835334 539.328165476
99.2359382425 459.707608902
97.7075797871 546.62812014
149.269721325 125.231098297
127.942177402 507.521959539
84.5192290009 487.052725594
139.613536867 637.685421213
732.757512789 587.515773643
147.046357975 710.069533768
83.5270363 436.743562144
154.794457173 652.946867418
169.33333277 106.248403532
694.89543512 591.42465171
170.852627086 689.581080814
99.2725251897 592.442333544
310.931862334 119.359430769
645.972213251 495.129097853
158.863566592 643.235601011
145.896698667 572.837670901
369.806738702 158.734374618
140.966807338 474.825475645
115.052397884 478.188676365
697.853944378 492.571140555
180.587409171 621.078719457
144.199695846 553.120493683
197.432331938 703.637954545
701.907887075 660.840247407
168.634145583 653.066440763
131.844190781 445.658870356
303.570133496 100.209888872
686.375984367 628.606247807
128.14683915 412.243145723
134.056517868 561.155411692
153.022823396 591.720617768
700.341001257 465.016380223
140.316504325 592.695700081
667.596876336 603.463057859
640.975794785 439.771755586
609.406073567 463.636999235
634.436741268 462.776453162
183.310367918 705.44892273
108.46167868 640.637516187
129.050566828 493.924837821
678.962012939 473.756992993
173.270872773 132.221750338
117.266816711 444.092445674
106.204876455 486.694734878
684.735862085 448.719031951
716.658796348 607.443580857
130.080554895 646.211574253
162.315848818 606.945191716
181.809186399 676.70959767
122.737813846 566.795541086
89.5848534301 567.255895767
102.362490484 619.592595257
163.997681226 678.395879377
130.885546254 474.273322055
149.235826673 627.632175882
147.58953949 682.012205689
641.272648231 561.442782954
173.178029555 725.699531936
673.31623208 649.965406728
172.021677904 624.341629844
137.233495189 624.045827775
124.613661407 611.604423645
613.559574677 522.766244286
658.204259415 486.90970048
506.142317607 121.178951955
190.914729393 717.264971777
104.667716915 413.607283764
161.299628065 144.510388643
193.792608057 115.083889438
331.320722002 578.915509297
