701.65738803 195.770654576
603.209308216 522.325156085
259.020420303 204.179004843
612.332497462 699.430399171
664.788895419 126.232023196
669.129710436 368.768269127
270.349615794 488.085629546
733.812768844 202.331138208
614.044370485 73.2866344703
618.430272929 419.179852849
629.353285479 177.076642076
687.319256306 109.376689048
673.515985701 271.987575852
254.757688199 89.4581507735
231.77894733 106.350796285
585.755272395 687.327816068
248.28464523 147.959273766
579.76677299 51.8471386067
619.992840541 619.936093279
587.770560651 112.085079674
228.655200207 173.232049614
684.781319739 64.1318433792
260.342237514 118.55374159
293.732344846 518.436152089
663.489780295 89.8439528791
693.483992057 274.960372018
202.116343264 102.953525452
699.169756161 159.242929562
502.310422101 54.8781981663
437.796306904 552.448160888
296.459104871 472.806786142
695.63668973 225.477391653
672.06325958 391.709856135
664.025998378 162.799915327
599.907634244 677.919342704
624.502304006 699.514637698
597.044037477 432.256137256
721.456339873 223.036238817
679.318691129 196.563286422
648.78290256 73.9152755656
444.48531696 532.102504225
608.194339847 88.4805364211
644.998615211 121.297912009
655.344862221 99.8560435516
674.651161055 133.98866256
704.983443957 238.223439653
569.469678317 617.899101395
595.577631202 699.599990211
722.714715511 275.828686968
612.910159687 396.247786597
666.711043265 110.552321474
585.304264251 643.656126687
567.008767958 670.577410878
225.058433902 134.286856051
388.162423727 166.954380319
719.343958446 182.650170721
646.310903063 361.418162746
627.947623034 650.953683898
475.536258532 59.5068571674
672.206932456 230.119182732
709.131975069 298.519184228
741.366038174 224.501338283
649.020862152 396.405188115
565.54849774 78.2400627494
314.291035789 485.680151041
682.646553481 300.057548101
272.272563981 510.894184969
627.347792372 392.253272335
597.888021405 558.675413281
536.377991207 41.4457331899
547.483435293 56.7737841649
201.715888329 143.18840904
452.721179415 60.9735266293
628.156705472 683.498536386
565.939134449 532.329045712
521.022813001 73.674428724
601.344015297 591.023564974
292.798594488 493.680425935
673.470239029 88.140344731
700.866321864 103.121646812
702.003392256 118.864988579
481.802549187 76.3035890832
575.142433956 568.884753608
318.296030792 507.94207302
674.796617535 156.178963597
254.558707612 169.715126173
691.702788912 132.328826186
554.069561733 636.430110513
220.373381489 83.7251727186
714.939623278 252.853182557
561.673173173 114.199125047
608.705247931 663.183906529
685.064384055 251.416855437
666.192239474 70.2002308586
591.908825339 467.418145427
689.44152706 80.7814103802
626.120813123 104.98006617
741.977155234 245.861515991
186.676371866 117.472116088
577.102581775 604.628214695
