219.001897562 478.819425689
516.763269161 162.70341609
497.655697403 130.083567622
131.863115182 476.647843742
486.876409011 234.467136256
309.158613743 228.54726781
734.278853457 107.468341092
773.329172891 116.664272283
204.330347909 441.958258164
396.788198499 282.724876583
517.422637518 139.912050996
104.750703205 501.151157814
755.042237962 158.520346009
147.159284464 498.744640387
341.003157201 112.743782416
759.985700128 186.691721195
116.788750897 519.831496103
744.085331921 132.341847417
312.427520215 210.245874587
616.947507443 118.342663404
180.453134701 501.916028136
366.261776413 320.082985286
335.660632215 671.094151469
229.781636061 148.53604483
777.832125727 87.8176554374
239.991424831 492.352119837
275.797594013 143.125475576
555.195698595 132.654810633
279.213584676 125.288370447
348.492652232 172.974150115
279.860954234 160.997014308
270.861468078 205.634697264
199.565658331 189.01266036
353.402051788 294.929845165
777.609388339 126.277614753
314.484718981 688.611547409
647.307149648 117.283908586
304.163410872 661.605558646
293.90445117 144.253629426
293.907045902 196.371999167
347.691615372 628.760324884
470.020916846 164.783308102
686.018574184 112.63869794
169.69473893 477.995961055
372.563418421 281.969843052
326.41585561 205.172810138
369.653662245 143.844181081
393.142857014 120.986243724
293.027456921 117.248686547
250.627886592 475.864486506
387.277425236 251.031390185
251.530328761 180.455114309
343.41116398 652.996171348
747.91228517 158.127133332
319.606322362 609.54183481
762.276850502 101.401973812
452.22547908 139.454882483
770.736618117 146.184557212
318.693138452 110.024728238
331.671883923 147.015625909
753.683320959 142.318155402
259.722396499 455.9426967
358.22688224 262.239256595
249.366131053 116.76124487
181.71044537 431.566892121
116.546399159 468.738080596
153.688105969 460.415373656
355.362990284 666.874808702
674.750860203 133.040606792
218.853430635 195.846886606
238.006617354 459.975617558
316.013154346 181.334726889
753.20327536 121.334438116
205.650966009 167.814134754
246.006879404 439.641248916
773.015090835 165.822960386
708.735766566 142.390893031
732.942825756 153.490821057
336.148787333 605.757400373
404.958602869 148.970396665
329.173532193 233.598363175
432.87110508 174.949894824
317.705690453 642.394134431
709.114508977 103.143465262
376.979046953 305.959039033
314.176862107 583.985362068
736.892568941 155.267758075
326.910994567 696.70322745
748.044441441 102.181991461
720.470672896 152.706779593
719.671982855 143.961316403
714.113639876 124.525282952
135.143965817 519.549541402
207.864886682 471.132995078
346.961016648 133.345190216
341.088068892 697.512001941
271.556997136 105.777375317
291.085848292 170.658137573
307.785397005 142.107615979
250.373517836 151.468232605
