278.799813134 443.329371715
647.876845943 504.195717831
256.430044237 460.191928433
623.572260196 466.792253406
406.80229491 487.685285719
102.094141345 471.616197821
170.77415653 517.876317432
698.509851335 151.832207894
564.445432088 530.79814449
248.923902636 406.358630757
179.153183235 474.259497846
341.405813317 482.763962826
699.250822388 266.009518425
651.224484939 519.235905744
576.003142625 511.603165634
698.208968325 504.617995015
681.74411859 485.656645445
597.146151262 491.412058493
602.339820853 519.491648164
178.327785679 448.415464982
677.728112789 540.247607259
665.811905482 513.569265066
353.120349148 439.099249479
717.703533598 283.347155799
718.185606741 128.154237547
718.691749393 182.083523862
151.63059862 426.277909009
676.555051941 268.740169148
630.895478753 515.713872052
217.733624618 458.64786601
98.0145657034 501.692159954
687.761460127 287.178919255
712.138295451 118.053334564
444.095909026 437.575738518
245.698612165 431.288379771
220.058115116 420.975497711
607.927309666 466.765111704
104.463373856 508.045621471
462.111244189 459.140752652
122.157253513 421.074709816
375.652618529 460.314884933
302.275260589 464.327711498
718.270755519 100.99067684
679.11236006 497.374300072
700.754624413 519.438544326
765.757463891 149.44843356
646.942073715 474.465714529
629.213507637 535.111523574
639.851757353 364.348163778
656.444705986 352.159469113
620.985517472 502.913063478
316.376367802 438.38384423
334.527957133 453.581560762
135.038645883 447.407594344
111.70516653 448.989673369
275.403637926 414.810264582
677.275071423 454.414571569
161.263575521 488.375373488
300.191514737 413.16904704
649.316734576 481.351779047
681.978840557 343.536724811
121.036642121 474.07934954
704.758656114 477.939600875
613.051878517 509.45278791
764.01511856 120.42344358
417.719658038 442.281108127
218.026067203 483.108099533
663.252368812 483.506501158
748.970753483 140.042122045
603.227805525 493.219745474
431.076474024 458.382997615
709.733476033 485.908209013
739.005915809 116.78803829
714.011715313 304.838470001
561.993036005 486.927709527
748.569286021 101.880050659
140.424512458 508.442204309
686.4196229 517.610475562
661.231140928 333.617043464
438.031223594 475.99656186
549.983826072 472.994005166
130.127396731 485.788578432
628.965768934 473.748145878
150.085846677 463.919973244
693.605031164 476.629182893
589.500272612 492.26411121
741.234691993 161.911717916
696.853616254 321.103058753
572.150149287 457.553312113
647.430149772 326.980486395
718.841029748 143.261946888
679.569640164 307.807584747
656.946458185 295.51453109
652.537074881 532.688724319
190.226671168 495.730709442
682.271891694 173.714359832
586.698307465 514.721299968
583.466098708 470.221142386
95.6537023129 482.191595742
595.420154891 445.034032071
