315.813803975 684.00474706
536.156948147 403.321433939
141.951310023 429.465917989
180.318540124 358.825206389
218.299520294 334.696572795
222.748366654 364.170100008
554.947268595 377.983107469
338.579420915 349.55402521
157.879506979 408.212811387
100.257000842 285.122326871
135.749553398 407.510569229
89.2365299432 377.784447067
231.619306313 361.122209943
103.03377944 447.738663697
114.190159148 285.564134465
132.575914614 339.275848521
122.302551124 367.944162396
118.328219175 329.848255481
660.065486488 416.622212691
235.889638665 399.403095193
387.132931493 364.171331187
94.8060347251 406.185596809
614.797898322 378.905143367
104.7916062 319.224893936
140.055984014 657.078459469
94.6855311945 309.819761165
637.567371858 373.536579779
227.00269909 409.578465496
405.150254959 378.748855341
398.875539007 349.458486982
279.636336887 291.856568671
171.357906293 388.142162726
590.615172373 389.229308843
129.039918496 394.024895481
236.671036777 351.352492559
334.191662822 668.253195454
160.114875943 316.983834804
212.530344175 411.18588468
654.886437991 396.584298486
348.99379335 374.268165157
214.346333386 386.32628651
689.547047246 432.478343589
199.886480493 312.667857427
175.803568378 443.920595344
231.580873346 332.253369216
259.6351786 335.210307126
115.043931668 350.637523318
622.585268366 426.028681131
124.710612602 472.687933396
164.67670509 437.069489344
213.436608999 298.151844908
673.993538915 384.845470153
253.348119495 359.686104657
142.429412392 333.876389106
207.200172338 347.298398328
192.127605616 331.571728788
76.4857403723 382.490095733
260.981432788 389.732141485
128.792617229 452.491173302
274.485377273 328.999606294
98.7522560841 374.237093048
374.247805898 399.068401859
367.752754581 376.371897243
569.064416882 398.895387026
92.2137367382 334.066163629
337.043781056 692.299632997
310.576629388 326.588968632
595.717022074 416.995783871
243.467459594 326.892608408
557.345071299 427.317872376
113.335397919 398.508203561
178.618000629 347.018259968
682.300286401 405.956523086
80.7771202106 357.231773094
210.3049492 365.556024432
202.261602158 377.513445825
128.283774274 313.731021392
623.699144602 412.5743161
699.018698551 397.886004752
234.473355823 301.980732017
699.510881657 418.817904026
155.4607121 386.071842713
366.788295427 359.568683291
155.437751515 358.326252238
182.463514119 309.242175555
140.912808979 377.637851797
100.199219067 352.678167026
199.023976244 429.548147251
62.6351643348 387.519440455
251.052084044 292.230615292
192.778762463 393.841454999
243.233564427 390.599077651
104.775742987 415.660324654
266.530711843 359.516632808
187.763995783 384.106681039
180.641282028 426.26980964
654.32704203 450.080289691
116.618271337 435.656398537
152.938503958 470.023637997
136.322658251 300.156393198
