679.814006148 168.484981209
119.763296398 192.6436436
161.651779711 329.965311529
90.827526878 608.92879434
32.2248936392 136.51384021
42.5900875134 439.483973412
216.063933875 145.11163628
205.247891694 121.207541922
31.0528887178 700.192580832
661.179632933 212.790943759
35.6358014868 648.080170931
22.2079372509 158.740831417
695.144602636 144.672562918
62.1018399958 286.275642018
673.452803762 140.344443618
36.6655701316 315.874596967
60.0057735544 355.143975747
102.270658353 233.806378786
65.0803672649 101.543174771
172.246381502 399.751950912
72.9540497817 91.6067680149
113.149781044 303.093606512
203.6901697 165.685162524
73.6115334504 434.51388424
63.107583179 143.18210452
81.0816871391 102.044324702
131.494353631 343.939490307
141.203736526 109.739872144
197.507790075 401.580307316
36.1003824547 265.469630007
31.0774658357 99.6665585002
84.0485414081 685.96875806
180.748959483 381.067818404
55.7482905111 333.295907722
19.145467248 677.091165229
137.681408381 297.626733268
82.8852951426 401.745183198
40.9156719384 687.721718931
49.3475962595 586.949550118
71.4933337887 486.906491047
178.285585773 153.534005151
154.252143342 121.689533882
147.800633736 153.278508083
78.1543082479 185.746709054
161.967185876 101.158370333
35.9753392046 614.382997621
119.527688065 411.038482947
93.0369975738 441.163764165
54.1927128824 625.834368825
71.8876073918 575.559693663
125.761049068 250.185582654
66.2806551095 125.404179581
70.5972035519 318.930338547
692.846799201 174.720917265
655.520135829 153.202651906
706.137954207 165.362369468
61.1818905125 458.303105019
79.6513511372 351.43638466
152.688106555 219.866033052
95.9082543587 100.385805586
67.220125554 605.307913904
166.872362444 365.91229027
199.901986423 382.677685279
75.0000478998 163.970919727
14.016484446 132.021820955
44.5907480699 296.465356353
150.791569155 185.198816165
10.0866917792 102.81641045
42.8075857312 118.425959348
62.0438507282 425.223638209
49.736264808 699.107999342
29.9483235147 575.953895525
47.1284754569 162.714805634
79.2142563494 124.870756404
674.241278459 205.135998204
68.9471456708 700.36005514
48.3017341094 229.395454573
86.1015690918 473.007695108
146.03674606 397.183000704
19.604664971 98.4229469524
179.469286483 128.14421838
45.3102982176 186.59437233
68.915330762 236.929187399
54.3590089041 558.166789474
657.002780782 184.704072453
55.7710363803 671.638255868
37.7614528527 202.58621581
118.178459707 125.202596568
82.2554778901 262.958373637
61.1070311592 247.077809619
78.9623099888 644.966239772
21.189091492 115.93143658
84.200580602 217.916791469
56.8800285485 275.160381463
44.9655911018 100.566674594
128.145318253 381.160246476
131.294915562 97.2109727527
99.4164955193 368.466950152
93.122935489 335.690320558
97.2731193452 149.003156762
