740.906755736 451.183371395
717.955203843 636.106164443
240.313787259 495.040027
438.338058208 511.78532566
676.433185806 681.672530562
389.693655761 503.107158482
557.010717532 253.809856353
738.898982509 387.766327865
746.892326479 346.482597855
698.535004318 710.785714602
768.7929647 579.480239126
674.218670512 549.866940449
704.931213755 506.045041231
710.83197878 681.421953102
554.988927662 123.370003303
694.923060261 697.623950515
717.205430425 698.663056055
749.483990909 519.087643058
103.847389762 487.862113779
120.393118825 467.975712222
699.569094222 641.737467906
730.75381233 505.217644044
566.500156026 139.920347144
552.974036773 196.513618694
634.010048358 639.020757489
618.808570538 674.098247523
249.118347344 465.226922156
698.468352958 371.844387165
588.686384268 117.911270687
627.802782491 612.039184939
565.52143083 170.31525122
738.239918889 413.031374087
120.788290072 427.810835616
99.9935971933 469.000442525
682.527284784 490.076195798
98.565616702 441.43523328
732.098273872 664.01295466
592.715269945 254.707596913
319.873417475 509.835242051
666.857929028 659.372254559
365.904195537 502.919052764
677.735240533 516.198568533
575.85048552 216.357909772
532.221197525 587.684327124
157.249203897 460.175882677
721.665315368 416.320372531
721.501253385 331.516845332
556.57420914 230.976315504
769.224150126 650.448335835
282.385104289 481.622868186
667.824644525 576.275277477
667.351714215 710.023856111
201.307937118 448.226953478
381.631529095 528.579172689
596.748177722 236.56522954
707.308350415 582.283093126
749.255174099 691.556821302
163.16086233 473.34644819
584.822480818 154.722791295
689.284162977 617.26863833
678.778849732 365.160595808
717.414119499 533.498991791
699.299365598 414.825502741
610.579002321 612.098835707
353.360040765 521.16364304
660.885549256 641.813380117
616.029256407 143.696938442
510.717241637 577.875578084
200.779732817 469.512351661
710.447630829 461.487541917
748.764822467 364.319448312
676.469196455 722.945042449
675.607165659 328.913566006
669.652510935 699.093287372
410.114646325 517.172379596
662.2475546 690.897371878
136.369019286 470.435195097
293.006913825 444.655861183
678.53872417 376.23528316
714.97872263 377.604235624
701.091076703 385.096667647
754.364222289 628.023300379
664.920939244 347.928372164
327.100310229 474.934970105
732.279878655 461.516871862
137.176195366 439.575220835
610.451272235 641.378290698
704.852486383 663.018595107
683.256827503 668.606094695
361.966389967 473.942837978
596.590392348 194.082825553
111.500989681 445.593041439
706.635075478 347.352242561
755.62906641 591.557713602
740.867087486 578.003846033
724.299359034 361.859702251
640.773201043 662.651986947
695.757310638 395.66404808
684.443043071 337.965600164
472.843583298 553.008942888
