484.408387953 677.347010323
470.1909233 691.383869188
679.35026333 604.909384442
684.339446784 717.964026633
488.724113761 598.862332398
101.266827492 430.120134547
700.211123045 282.704510103
713.997256108 136.141186783
574.133255261 710.364435476
587.500202275 617.678728887
477.394834264 744.170222889
325.420155687 666.744436392
524.244656541 628.050047806
652.793465567 622.307622224
532.299204432 608.60904783
594.884903485 692.89169102
353.484689497 711.193826108
615.884236352 579.626356919
600.460380627 194.795826586
619.232463915 716.566501553
673.620034565 121.915972004
665.721482107 649.106604009
686.417071752 347.772491012
546.923058475 706.703223316
388.797934686 671.082069963
669.630412425 278.61424988
668.676926112 670.385538952
700.440023825 143.57322243
679.72734087 684.581559967
599.006572123 664.266999896
659.300754946 124.922229005
713.45431379 695.447149525
617.816635573 702.83792413
487.431167031 730.325375609
644.473689927 727.417738652
684.931385847 569.816625627
132.458293264 411.454149561
613.27990165 735.20007681
422.022249484 726.474478748
689.776225206 696.607124772
688.458618871 313.212997635
632.017936303 216.63692684
644.842858853 420.523800078
406.754490193 699.164923726
716.570467694 115.639496183
191.806549535 678.942014812
559.346647398 675.052189977
676.712430801 704.329341869
605.964436703 715.499268376
669.042640425 695.040491031
652.978109548 560.196235619
633.463645753 404.077239049
647.962906049 651.68471356
560.664546366 646.50409772
512.785273074 652.796105678
549.31269287 635.877972839
450.45386044 734.872167998
444.414218503 708.504523063
515.958540011 700.71657436
702.000714486 115.253860519
650.307649411 710.011646127
650.661797267 697.497776199
699.97941736 629.409749935
441.572680893 685.116869742
355.408841772 649.108038987
624.053054072 675.783455732
486.35860884 656.402919856
622.855268265 371.508726021
655.283203709 336.779188443
115.372181845 407.61622751
644.955895434 745.33783505
124.657671441 436.839960601
360.866265237 683.10162546
656.270681856 382.306723946
623.95577981 557.518627288
689.395800824 744.009623515
584.694082626 652.581546063
707.1692933 658.647472914
397.248500677 728.267338409
675.325700917 99.8481197409
711.630905663 170.935193985
341.152135442 690.613605681
619.523150476 615.419038234
319.634375743 714.194519502
526.61217399 680.324253933
669.131414078 721.194590453
379.16342245 710.824851509
674.28276214 302.655118516
660.800864003 585.76584226
626.245191912 644.945092165
693.028052739 730.148294927
612.690498405 405.048412857
495.323967123 711.730785759
646.494765164 595.933723031
646.934002822 306.4087072
304.225599173 688.572909532
709.633718894 100.000574775
462.560035498 717.451502682
639.747015557 690.143317752
508.761704597 621.191725989
