191.857017426 346.320711058
158.600688069 453.237664999
215.438123277 343.401186324
216.642310832 192.350257565
201.402560071 456.431658425
125.762455471 339.494633616
196.441805744 422.661623029
83.0579877771 354.950006048
84.8755289651 211.266441816
147.258456667 355.432162365
223.084241084 464.445286508
137.784906983 390.935672527
91.1057350671 352.336159142
124.524534994 143.153319206
203.695267445 94.0707827781
126.586568356 654.228250682
250.865943391 177.827998028
127.849580507 448.850582302
218.382858669 439.224342986
237.154377367 366.66953223
241.750528802 303.883991201
182.38987134 371.871570129
171.277519377 395.62192674
196.635662976 153.769255285
227.480043936 333.710277559
81.5014981823 147.168547055
132.312467521 102.672734273
233.393375604 124.462829721
175.481493384 623.400815757
153.595184469 150.963787263
197.441424941 132.416255419
103.476242523 391.294741226
81.1215313595 343.280676863
101.865060247 358.714729186
122.051095414 313.464186172
200.580684067 390.275080591
242.213559585 140.798596943
189.196525974 506.677797429
179.483171821 109.135353327
107.979459388 162.138425465
131.874771747 686.645967964
175.498456958 146.991702507
180.635340906 645.929213603
137.148974267 184.401275475
223.364413291 211.365645183
156.796919072 550.337739202
198.0756578 116.136137226
214.879920332 106.183839937
178.018938058 95.4102827903
202.74201821 182.034923089
210.319118007 152.089868903
176.154150532 449.357891685
143.893260994 598.998385781
100.126004912 385.019189316
90.4171571058 380.233064328
176.408544625 208.025128945
189.584741105 483.628119831
147.326518093 169.96586193
158.51265288 82.7347469143
564.772067581 519.349308136
150.381864126 659.807395763
111.470404747 396.288186644
227.037474606 107.204677865
117.418501098 95.5526580025
663.015722485 530.155586099
96.6938382195 424.149957642
153.82170161 676.671321592
151.453908621 486.910543478
551.950210642 501.200220551
104.635741399 188.210820302
123.188292202 214.154076756
147.214243431 224.464480629
186.511048429 311.085457479
205.714597854 310.665516492
153.37978164 187.460898373
156.259209221 584.817875321
113.294842749 271.516671056
115.660754607 123.547281721
69.9301474578 374.207776403
145.462958272 133.30596489
156.044751659 102.61966684
167.577019064 130.469228162
118.592253973 368.0837926
245.469494475 346.539701819
209.642406079 494.907178806
74.9186483507 395.52688003
187.121455547 173.342424431
158.745726155 330.64113094
153.586704526 426.682408661
541.318351981 521.977096135
116.854759398 426.43246064
171.835576031 240.216755858
129.510228301 569.306139849
92.8349412845 314.533394324
176.500244602 599.690262622
61.4897721321 356.051139946
147.701169483 118.890351218
148.786640869 631.185301226
172.318001867 571.204995996
248.316335312 217.587629598
