410.183479191 526.957499634
572.770758095 497.646771442
666.6699912 689.992809254
534.06837051 458.691132861
702.241128914 688.13356103
124.283759764 488.210572499
135.848409583 554.526856599
314.940688538 528.486860232
686.366789734 675.143011441
583.356987069 254.019210908
153.841075735 522.993049476
652.093898238 648.19375702
596.968773063 144.05317912
571.892627593 466.532692319
520.658148826 506.738014446
582.38205424 408.606621808
556.475861504 444.379487925
641.708323847 627.833317265
718.901668495 677.843486789
477.391297377 471.826582285
627.909013521 426.228946263
571.900364296 423.777149352
199.95885742 555.914684959
613.413647995 104.343983668
277.585104458 528.138817393
576.343135335 165.90644356
645.704699092 123.942239497
441.968426947 493.049484754
674.079879307 631.060063399
161.949901172 549.499221881
113.321802235 501.629397483
590.958732001 206.71384631
263.169747058 495.273875093
575.280907521 282.559827951
506.279724113 558.685983876
167.372299576 530.732904099
637.741737894 183.296604201
119.678750645 530.756427649
221.76781396 558.564389891
662.399448285 108.077961254
503.057424126 523.644602127
601.494098871 618.768560942
286.448763383 495.449212009
632.772435093 270.21092396
602.846174147 430.62767687
588.948223259 125.60294246
590.565240171 325.763699204
665.088160452 610.620147968
238.484670864 510.99498251
367.184581183 535.150899969
609.080782514 600.243964029
185.134485441 545.196115143
560.078439907 579.023574502
622.816637692 123.181706935
481.417004676 498.049950299
390.685760727 531.826551779
608.233567667 276.883258486
225.415073736 532.835200689
616.831963469 185.188011162
556.764951386 478.922032234
422.859528907 494.664246226
154.175926614 496.62960434
650.142255694 287.746602546
696.476088656 656.767162751
427.380787665 451.314918159
460.389319965 511.319023605
625.829078009 650.163474592
638.388555668 603.619777653
415.566191818 461.231750953
562.103086814 539.81529659
594.673975759 585.782613459
598.812573888 345.176377024
332.061645012 498.749802768
603.624826022 162.492534078
563.774321875 313.233786135
400.642470369 466.790802353
601.761448153 635.907104491
599.267020217 449.395894458
283.663907072 552.317321322
621.326836483 630.505031665
543.373881017 555.480717424
138.557839818 519.422071976
554.048252998 420.692838159
194.929788479 513.5676879
614.941243815 309.634023635
681.934407782 646.087509413
441.520316015 463.037564998
461.304615834 479.18229074
584.406053821 299.757560755
211.635119272 498.716479653
298.797653561 512.174172821
345.698561548 521.60524953
257.161920734 534.124297407
603.462872469 489.005286832
635.074324259 664.501029701
375.663368559 499.239885513
669.774935164 658.302642163
583.783595765 564.78237733
122.417782652 339.73713825
634.419302 147.463069945
