475.585646724 587.982849185
372.497760083 682.326816623
437.944154539 592.713261923
464.954708424 552.921370972
348.477374308 709.252885383
421.892424886 362.704336027
456.773627115 325.968912195
435.063274209 320.805447387
501.652270534 561.938202698
376.451481895 749.582861162
420.172871765 676.101820349
321.066716866 671.862453447
428.333751845 663.836628898
393.432795409 694.819101927
526.718239179 584.387677792
355.172408771 760.772517973
401.239186081 720.369194229
465.250895992 682.623259196
259.531622535 702.308069049
332.66654017 647.450305211
331.726477334 698.648047822
470.351792127 661.102912313
547.659870689 598.494891907
508.39083504 606.269661274
270.677337175 743.550086462
327.369252175 734.798126549
427.136517972 184.495344784
444.587582707 141.139414186
566.376056388 574.238102192
308.560414155 695.958468868
527.275894394 608.154301822
410.638815772 513.452571916
366.427138453 638.00505832
274.772918096 685.4602526
447.765523776 644.362895144
332.858438036 633.220717899
362.159993028 680.944493761
521.218067378 627.290704461
397.730562377 525.98937085
325.732025646 711.247772331
401.779550244 334.037192918
358.707138658 650.438330291
552.187440735 617.518075683
218.989960953 748.68725812
398.958412892 626.769964696
445.652013518 357.006873914
466.724853397 168.118791085
502.608292376 141.8424862
374.302475205 692.36079987
404.806907128 306.823374385
290.117534426 703.819089893
332.555054302 754.528975657
400.131490084 593.851552467
494.379468669 545.877770734
581.738957733 616.085036739
329.720077416 681.227337917
382.716163194 723.581431292
399.374134524 648.398608111
576.039485835 590.207160322
356.291271561 669.039650022
433.262836818 161.967016666
409.65415302 659.992515973
428.063967915 293.119359487
259.755615872 721.416679013
440.503309862 570.579394547
300.911556367 720.050790253
600.808137958 580.945100566
233.055397666 727.189667437
431.032306491 640.889441443
454.699049639 620.999465694
479.351729573 528.561973476
303.418022958 748.699394454
444.072255875 97.5997721884
352.255565064 721.543725008
440.576004945 538.651896082
351.35642607 736.221279767
317.818002346 652.238242723
434.708756519 123.665535813
413.963782746 261.117536531
436.917360687 341.607244039
447.274323511 177.264922971
420.768395725 685.738071298
428.608826613 99.4703103257
413.552169067 200.265921416
485.944861828 624.845267959
409.041640583 555.158440673
244.835064935 757.521126694
350.124768845 686.682831083
378.362401413 704.029710006
428.565779367 138.061669569
605.254457113 599.444194255
307.759623198 660.302435465
463.332281459 109.576319249
402.65103957 671.434320112
347.2771472 652.790936279
472.560188963 128.077705022
313.833896434 732.763744247
446.859054709 224.129108274
444.036227869 110.794311829
226.586848703 704.759246478
