668.125577599 578.415425961
633.281156889 561.047081576
674.184913639 429.589758877
720.932083384 513.293622877
658.737748659 552.42156237
112.113659113 141.152388421
641.642932303 329.632098277
616.670481842 149.155440525
743.567742719 581.311541682
616.215513972 505.798049106
652.054088359 619.198391494
349.989524554 590.145808319
700.646629927 577.224964867
655.019994483 449.575233146
678.878868115 556.243727323
680.367053936 545.852063506
364.636682617 630.557463855
602.336251711 429.704206602
564.876000631 180.341201438
714.810141491 556.970313941
590.152216024 129.658692111
668.505305923 467.037599312
645.346119283 369.656907986
727.492186303 618.965964547
427.835134659 577.542701367
612.650182219 322.842470935
670.195511218 481.660748953
594.377603679 144.837409899
699.240978934 482.358739393
646.565938686 523.275272123
567.948592923 123.097682152
691.176890179 509.556692514
685.802660596 539.810984292
681.361347083 606.924901647
723.609457836 544.379844386
667.793059422 400.351788312
145.586524857 124.008279666
759.79660959 593.485730546
583.246468498 609.914571542
726.354532704 491.5774238
639.153800226 349.290045636
579.587076469 196.857969578
637.222520475 389.3390193
465.512468518 587.584757264
607.568909121 128.53765729
179.342234078 684.690864769
755.591509707 610.423486472
686.379424828 520.329791688
702.849931274 561.382927237
690.354221166 491.809583672
623.917875766 409.663633242
613.668845347 392.553549386
647.060684654 484.28677399
732.608422444 592.673246158
691.497150433 585.700470884
715.573745142 576.146354303
618.174561446 597.61420304
606.916589773 573.918778386
703.063478406 614.202155353
595.511851656 113.289699443
692.216692064 533.277894019
662.544249135 531.417075372
682.383715299 448.820906922
598.21975399 552.415478013
388.409464416 571.488455137
651.999554295 503.424032096
646.547450134 558.008601582
599.360611634 374.214301949
610.137488234 363.480064869
126.332638904 119.047355433
765.36416617 571.093868716
132.275857121 147.834218774
389.13133585 595.660196649
627.280374568 373.155881057
596.194967907 408.189337122
738.828390893 548.396325758
659.220360467 560.778227057
700.238468237 460.831326715
443.265051035 601.715828439
569.618473069 100.311602371
589.414058984 169.390780191
368.426232494 602.322375637
623.530556588 457.633191882
335.042156608 615.5007124
707.750156742 588.347715646
743.02369674 526.330632713
409.813342154 603.674152546
615.647158013 340.020446352
644.295195272 416.011750944
630.415394604 493.699579169
707.872082367 527.599266118
586.329730149 389.777041092
692.75133277 599.179600915
620.762712595 429.412432153
589.916177837 342.665463189
323.37541382 588.267088649
595.484181031 98.954741214
640.855344102 580.704926108
646.225457759 536.482992017
679.919094659 564.215163867
