527.303793995 405.384299499
237.238766216 704.367698612
471.610442184 483.346789797
475.507701618 416.964860304
264.609395424 773.379751717
235.932453186 650.299565386
491.827059187 485.374549515
371.904077114 592.006808383
520.37532907 351.741173393
350.207971537 685.201709241
514.138801428 103.813465298
448.285792249 441.04111468
538.498624665 602.537945686
473.641396922 446.483753049
448.616051833 506.799728024
339.961926087 658.673644155
430.357741936 463.194413558
281.660283158 698.430175543
242.312911387 623.00807924
250.783107634 738.503111765
501.273635657 434.919055374
293.931704585 753.915053633
324.668034558 744.569498639
276.828155041 551.535586518
360.654478477 566.713454397
529.860464778 434.307192902
326.00983782 101.868705642
277.113108242 639.903611237
266.507970513 519.963995684
218.918235191 678.888056691
328.746138699 120.200371025
277.155659793 604.299020816
243.987703297 565.452724793
288.178546927 732.034265501
554.635056156 567.677341192
316.454241535 761.508930614
257.409155452 479.806288336
305.848609188 740.250437872
348.823466825 100.28210949
516.872432176 565.929999345
343.542412379 713.592951365
219.20409319 724.383126349
392.324300818 128.046743961
492.113154553 402.480350665
321.507118481 705.239315027
309.087587048 647.332874632
403.144833281 160.978120948
307.697047576 538.986112468
283.925694987 536.419919691
548.759158878 392.749819259
350.551439329 674.680371687
308.944158219 625.249762315
376.546045581 697.978952018
526.773570135 621.673415173
328.597320771 715.076302323
304.099821556 491.011223694
390.322666426 101.203581927
509.791103797 594.669810903
298.657526039 465.335505291
280.835351827 664.818411589
315.26448709 668.17113815
557.315822096 356.44114586
297.683189846 679.462344657
490.246955127 574.689369045
503.001074025 324.84104354
455.517873082 372.41580783
485.308642134 362.722248192
357.015686256 726.056172732
237.410912324 761.39085815
285.520459056 579.357135865
534.416814726 366.720080492
352.855684432 128.464619327
288.247658128 494.954805683
265.951674657 561.637137562
547.800880096 332.24966442
538.17993344 585.269856554
272.184796759 752.062192515
321.37007855 685.489486094
354.595585374 696.307009208
261.396808309 680.952783377
203.553365771 704.49297707
221.728585469 749.017108607
330.230168839 726.257119967
303.057717938 518.858187607
309.083008473 705.176322653
295.404786712 773.946785452
466.546222294 521.376360597
346.902718023 758.844894336
496.761420489 616.705173372
332.219929638 694.583502163
288.923718769 715.443968475
261.155985325 724.554500486
440.333155917 475.504125007
509.808052779 385.240961481
509.566322815 120.942188566
364.575610569 738.399089168
277.553013539 460.534768265
340.85089588 138.807754521
373.26873067 110.498787872
352.04770808 589.717792169
