420.44390613 485.925759436
204.677094248 407.343730621
584.35288355 480.680979565
545.61451025 226.061999609
122.528179883 500.640863281
121.107675615 575.288548912
123.743743244 563.096373977
426.119267121 471.842421142
206.999046778 524.258672785
206.73299138 506.956370303
147.234625443 702.934145192
398.373389465 500.52190054
161.366793276 540.11246779
162.494380835 689.814116589
147.393782047 499.426824542
141.302112871 595.675670289
440.204673203 503.619828532
184.171811434 497.307930313
301.921240061 471.996371869
202.789479998 391.432278867
248.523673057 451.612720695
618.690668736 466.892337175
557.330789137 122.497780305
209.293563406 647.424934074
596.767613392 462.215611351
127.243928779 618.766872956
580.388023562 428.746965336
211.641408731 443.633538927
661.225572256 424.440601778
143.152859517 387.223660028
262.117235754 472.526990787
205.069364445 686.994495258
202.04313097 565.53939475
199.952272368 659.954137913
670.990997356 475.420684669
201.433109897 619.568315482
388.118830258 482.931336498
114.856121348 336.142157245
191.038027606 643.285849145
699.828975718 469.166252398
153.679990395 289.811232984
314.407500778 465.551780898
180.904876011 459.613591818
166.39181017 579.715133816
553.419271489 454.437377763
179.451886659 715.576425859
188.140070207 666.276766931
642.277270971 461.2940872
202.959529196 700.545275121
695.506060919 497.179464933
136.057507726 329.61619252
164.857389634 379.898529055
152.499544554 356.266911694
134.139649016 548.186797236
526.670031242 216.79977313
175.853309377 524.50418141
181.400732653 685.695142032
240.868607009 439.532030068
184.779679168 702.179360128
230.851632234 402.074232661
620.900248001 503.958756485
161.424141662 628.566833574
677.965371071 454.807707958
180.357324831 322.971607828
579.299674799 454.283279792
141.725695977 613.735543501
218.887366665 430.40750676
174.923089937 356.872422981
223.764707408 461.530412222
283.352621086 494.091076428
182.180163241 623.995089333
173.127603958 564.165754826
255.008105304 426.712315244
174.366316786 616.093013672
125.603911549 300.453923409
559.308285098 145.38871281
100.953275079 549.483980083
618.464461582 430.945322737
289.201769876 443.884111714
193.537470047 549.18957218
285.741332459 466.176986097
412.138721452 521.779037616
161.584358301 327.276387531
169.029042168 514.231964389
109.895069221 543.454857424
662.447362523 508.200272122
221.076422221 549.318571136
179.435311157 410.600986383
187.978027112 603.74335682
136.35635586 366.950387329
651.215193606 487.344166554
150.320291717 312.193693334
148.201667871 688.661939132
177.479665846 672.996592771
141.972613259 640.216693992
160.080778578 596.607127894
404.502618182 469.977449143
177.562723095 659.946435939
143.122903642 528.675941486
118.878604656 531.162717981
