213.033988778 161.124882443
93.4881751247 544.767875199
182.364877556 442.79285334
92.9363200535 699.997112977
195.811249087 286.598611851
239.89989206 427.74453547
80.6812905908 170.819488238
245.132807925 107.891070904
147.460210181 108.111351208
177.65395327 469.457634879
247.14847113 395.977920093
177.695422751 140.244926832
296.306269374 424.589181503
205.239610097 387.592008645
163.009306495 416.929892116
65.9785957964 678.978765745
182.966726919 419.330623974
149.995195382 94.869893195
100.504189189 624.962111252
124.794571798 169.613661297
170.076328401 444.916729469
177.583098224 77.6284300845
200.611489245 410.654022392
109.639100951 237.315449933
160.360144053 163.558456654
320.310944843 418.808591236
145.801743727 415.242767127
206.340596709 134.875506316
108.076593663 100.281448018
38.2285155422 573.596853422
90.2343457772 156.96695964
209.687228517 196.844960813
234.572426489 450.006754582
261.609790999 382.786293798
80.4964710078 676.716201488
105.458668029 702.116785852
150.220623708 476.242437912
232.791914154 144.888393366
279.51599259 364.958496607
146.368644199 129.503152795
38.9510986887 552.599663326
141.829328978 190.922737486
201.113183498 326.09108889
162.137640949 226.770407932
186.622564991 246.292731315
234.588646443 216.538878444
52.4649484349 628.127544072
76.6706158985 690.695781665
336.745639417 383.948012135
196.434729057 441.568619656
166.35924569 195.132623388
68.5583254819 642.086239566
47.6843598425 665.724972109
158.921533528 439.593768394
83.7514398876 118.348026931
227.407301745 99.7333966987
208.220167369 431.547041923
108.471878329 657.693701985
93.5036873249 114.31743504
295.047199135 406.233471612
337.365705013 427.442614825
252.745969898 132.274699114
215.428455804 467.994478009
127.988980104 149.601630189
119.635544055 217.66605228
313.591783432 450.591102327
80.4432418641 201.661199249
210.737702306 458.808519476
82.2672479109 562.609241927
121.64032824 99.8805033725
124.512400784 115.076852365
143.982418619 458.822859101
91.0781325029 138.654410665
108.64876252 685.64118779
54.6365649044 548.461652293
103.6781186 133.374412144
82.9573185529 586.22799067
97.1382387988 201.113702248
164.86630334 121.549591945
191.035719291 100.194704023
197.308151736 106.640381549
103.509128763 179.034038395
57.6605288256 577.483251031
137.783693266 293.470796028
223.884156916 309.889761057
223.818891497 427.165383474
189.15754147 175.688724027
39.2436876634 646.683006814
175.399622287 399.991178131
226.430830869 188.294851699
126.754304217 257.375183373
89.1806771169 666.348052794
306.041243192 397.233737646
160.972806002 101.260435352
534.054135134 436.541918039
179.173659717 90.2433836751
152.950558839 266.21210025
249.709424513 165.356894204
133.750096539 446.100032153
61.9808824307 607.962471906
