628.500540553 315.887071317
575.572139535 289.963184359
639.126300647 351.224944342
697.736651563 441.660745276
100.433123011 264.903137182
644.835031287 437.013696697
621.746246274 425.246790635
621.241391622 281.0907968
200.341727549 316.477010035
180.240573524 286.589086385
611.534360263 603.614758679
642.988032642 384.224152992
177.734522459 318.881802228
623.728068829 616.083740635
133.294364087 270.766373127
630.282754225 451.946063437
641.356086057 362.122472847
151.434843892 252.325796696
652.031428692 417.071320246
535.660629508 209.00783166
590.205724278 366.111288382
656.386782516 346.548012751
649.730802468 374.72363749
667.114822112 537.012902644
650.428192583 303.391329914
590.611027416 460.632564591
657.501560122 167.511839106
576.55076478 334.354394853
688.735722036 347.224878154
480.756866508 445.919059511
607.556142582 395.607208085
649.153447619 565.222870096
687.102936311 468.283294189
630.00398547 534.277879643
683.443156629 384.325155635
666.781255766 501.237856742
599.467960807 280.785503372
420.430820181 430.09406394
642.430516843 505.510365601
701.780425171 377.302307874
403.674045153 100.3280287
639.12935655 393.535093158
507.651941635 440.598658003
666.384276906 465.399233913
638.531030447 257.436354511
633.077161213 633.111929858
209.022949906 614.293456076
676.120589914 366.576294513
642.848366431 606.545720291
704.273158234 397.853415236
444.74563458 418.875347742
489.599251 407.430570362
477.080997422 420.782011609
142.785535169 321.939713528
673.909204633 427.353061457
150.407391686 292.148956068
608.500814372 555.349652986
603.316298742 326.059638297
628.330068767 573.51490276
579.963695946 265.411792729
672.006876957 386.665963628
612.024327014 484.739627557
687.836194542 366.977035163
551.654409578 314.355127358
648.959336976 275.902457482
611.461248355 447.209572282
574.584818313 304.325056156
472.877327949 380.500943542
531.40268533 392.248668081
630.162059538 406.947661211
624.845384441 490.704197827
656.411171957 433.366767193
597.459958011 295.385063799
638.580505903 473.056969894
424.013396797 389.541152546
676.832301783 406.802854764
100.942157272 314.902515243
671.107478983 334.737978589
609.437931414 339.677047283
283.652173498 236.108080201
608.341210912 367.631830873
656.126891692 395.166098231
460.683039664 405.647492493
141.264284061 218.663236608
121.66801135 309.02293148
688.050659234 408.537515976
675.038977791 445.374659344
514.445395525 408.497638853
658.463063674 479.00001331
449.628875695 448.17466526
662.20952326 370.766146337
447.962710918 378.268076673
611.853671446 588.057200309
226.307478042 622.258868097
563.434321028 464.642176126
642.82058023 451.528101775
607.159023689 248.316304431
618.8094384 514.219256767
123.027717908 287.230158714
100.217135953 284.816146568
