150.956821429 574.271701078
386.980034959 151.421715125
119.817221889 181.836925072
255.656867709 118.465081549
341.116811096 117.310246236
292.659421618 141.793337529
646.602358518 135.24260162
509.488389274 107.755295445
183.948529794 137.155778016
89.7623736547 129.05609548
158.782847776 141.475526229
126.393133431 143.339886205
375.990308751 137.746796865
80.5363441158 161.551508313
104.477650756 130.479764517
157.020240689 98.3332037066
155.300232124 120.350421647
134.613652274 96.6234919897
565.136168455 234.666422271
134.002401773 520.075866236
612.794117337 127.254299944
95.2466151018 162.486135287
684.778761242 135.250158099
114.211006865 112.056358044
108.023649293 197.740305758
72.8327957876 128.102335351
669.264154093 146.829413245
133.019073096 539.415227188
553.238320313 128.151155993
544.388492892 112.305048642
539.918004729 149.590093785
211.813960133 128.922369094
654.861189938 155.634191333
141.848743571 161.352684734
349.478163964 418.577992486
157.308883001 595.984037781
188.066200221 73.6119524157
120.649713826 593.914610117
689.438995072 156.763937877
514.198941963 163.647063519
145.488130987 269.859056542
699.037266673 193.840889215
287.295770161 105.404147157
214.780765404 146.514048008
391.975298271 121.991937062
158.577575783 289.180789097
124.854617324 124.201940447
642.133388379 183.767592578
109.652627913 163.854162993
171.146869736 157.35104535
325.90722084 97.6863047712
697.722369123 146.941806186
586.490104214 151.883348778
166.874780889 85.4168452494
254.371941008 136.826073942
248.69043779 105.746680766
92.3187326146 143.574831155
352.209245158 161.155078894
145.990982815 139.080958462
431.709984007 113.182658433
110.791531742 143.913177294
181.952467377 544.840540663
557.844253591 173.797966161
626.436693136 159.49846743
87.0154046652 115.020780948
148.579681011 550.641631221
465.452574305 111.851540867
215.842109417 547.087355079
440.100918116 148.589861508
174.48016241 572.687719035
131.147882419 137.237502394
231.230434446 93.9948326639
701.8380835 173.549264864
58.1358536556 140.976602875
293.891370187 131.461792894
221.908447288 167.455223644
113.218269892 90.0571237109
666.872502464 174.323967184
709.534295527 154.738094808
368.4525995 107.245040954
657.600035463 223.298195518
207.544829693 118.512318013
504.106051832 129.772616465
201.929196143 97.2887595819
266.445103294 87.3701289071
179.393100054 107.462237115
95.6682438502 108.301817235
111.420128562 554.365753795
77.1530749431 150.34033628
215.254905386 83.6873742668
116.904079765 276.544671407
126.46322814 568.722120281
127.321995091 162.409877199
474.866703835 141.10955712
161.568561053 178.11900423
114.822585379 294.690194413
682.154654491 183.311732746
168.105451944 132.261560109
135.024793372 179.753239636
137.338623451 78.5709993869
