710.997285485 616.654360159
750.366434516 566.829898434
342.778175072 592.778287639
429.639498191 558.749309314
498.086375538 547.709112044
567.715680327 570.78055748
703.462532909 502.721005639
681.030591429 491.909345997
367.24904061 558.553123817
116.843695432 499.408907697
322.559351561 555.584802599
170.282895603 564.350917601
605.111421833 563.515661494
99.7608274149 575.345317528
157.065711043 502.176376997
248.5258752 546.749284184
245.446435168 564.774470872
213.014128917 541.127303158
779.6984346 560.235757189
618.964548807 587.365152797
701.0391596 512.737294531
123.98436765 575.66079278
718.818009716 497.893528091
175.295189681 520.675628123
317.224058244 595.081405019
115.178963096 512.23169466
702.898106294 477.170702529
578.847812654 595.296335827
701.968687438 525.413461231
692.55669574 485.52190321
669.111649231 549.386437411
393.17592876 556.430648454
719.02245004 510.983991822
310.611717943 567.877433083
653.17518589 580.028371326
737.719123867 623.284050167
300.867925666 509.007528041
551.845813737 607.154609405
738.901798617 505.930649681
717.09982897 554.956416615
540.645060456 577.990354814
780.28161443 535.937390416
458.393231509 539.538762859
412.978922596 574.585274215
565.864600102 542.925217208
693.703689475 578.823207165
199.10093739 552.955276714
760.899338551 547.491532465
157.825301713 580.698159131
382.847235813 579.679605277
440.451090125 527.928011738
727.803333915 479.952252313
689.751506343 543.263444538
271.225319685 526.671396811
466.50918112 556.645190736
414.288462969 532.167877487
117.432807569 553.209648817
713.635587034 568.404471026
247.206860506 584.900365246
665.523716991 510.480694655
141.604395456 547.100006772
748.35606882 590.201111319
732.168798268 559.406284003
719.215614483 527.69967774
125.178489325 524.677525339
722.062065609 591.089277095
664.767787846 486.947438337
785.41560167 587.844214048
644.861605582 551.660637535
769.25783229 590.387378578
219.518288148 570.313953627
371.148327019 527.092812434
766.738983984 509.273204197
99.1788890941 529.972680643
532.746795371 550.332370826
503.784175721 571.11824102
201.868057706 513.583856538
736.632467295 523.356063724
747.325602612 485.372774871
481.137397688 524.070998661
784.09107227 544.34814617
350.097352543 542.833197065
685.9840539 508.278022534
316.314289393 526.10402645
398.877411001 513.716730361
285.271578115 535.937615149
160.281612853 529.211553107
517.50570127 601.841076125
99.4390505776 542.166731509
313.778056215 478.332068334
481.79231317 583.068415941
683.084086113 596.870412838
207.501278778 585.770819158
686.235160648 517.171851627
452.92327293 575.817220439
444.45687504 590.754145889
754.954322735 523.508909766
282.517723841 566.126334852
359.09842446 577.51892376
243.904681333 509.537985861
