479.755783007 282.406063919
420.194131953 162.624975754
467.478134385 262.997395662
482.812604189 201.068664721
406.26628487 144.145966535
533.376028893 102.95690455
592.91861237 71.3618971604
561.364968615 68.7782275827
509.942886577 199.12820134
455.31373565 424.383491484
504.989908328 331.535136884
210.321539268 69.8590584743
484.929064258 304.347730928
477.090370419 359.466844381
531.321705394 201.950369205
420.768148047 267.728429348
469.327393746 408.774224372
627.762033076 500.762732438
117.689713689 83.5912483757
241.040384775 56.2834994034
389.610777991 108.320825538
617.797058557 470.538541349
544.444543881 231.508485073
487.31509253 233.977549509
132.813706083 126.968370104
390.488782686 188.391369077
518.886364854 56.7072538839
532.843607378 38.2974705082
551.018249124 116.402759529
189.667808679 85.840379673
500.086896411 259.867753611
488.835908427 125.294901388
447.286359815 84.9255804866
147.366478221 69.2783180243
470.534250161 426.943146336
219.675502613 37.454193591
433.766705719 117.246720898
520.184409668 264.341933416
463.935161029 136.332781975
367.956379228 126.104956181
498.854967397 106.594096885
424.480845439 83.3025497542
541.258609325 259.090402658
83.0547547026 126.04390448
434.299628493 207.906007406
523.003955804 130.928023755
569.569748055 28.1435778164
536.198950753 17.507678606
428.196692317 179.103487712
498.290824531 89.426035192
139.908606233 89.8163530945
397.509588177 238.120604067
447.829188373 145.922919914
507.954959176 164.170493434
551.626303472 201.268516412
240.77127816 82.5776177355
448.572519582 384.524660376
433.106219499 158.301050965
556.151734331 139.350598774
407.235677809 92.8695801245
492.506854922 52.6124380502
461.855966033 334.752077371
518.237558366 79.6349668501
106.672766255 104.318209987
446.339141799 234.245471217
157.140009205 108.95200881
582.032319854 103.085375696
93.8882250922 107.338188897
447.992184914 294.065154095
510.057851976 287.812175119
496.775385854 145.567661787
360.844123327 500.385443491
503.245006853 6.37075497516
407.153530304 201.012097698
466.07252152 164.183062023
410.170387138 242.967159581
209.359852097 54.2172985389
469.094957219 48.5457931513
491.048818771 74.1135930579
542.501784353 78.8907914591
582.205042137 43.2914169908
477.782537009 398.453684282
463.000345958 27.0746572625
498.873237057 64.0316931061
491.857246203 392.453083755
444.60105917 190.662241165
101.170523501 136.281606116
405.798728393 109.602004483
421.405909074 226.013221644
457.581653231 72.7814593425
539.157751973 163.556089512
169.522747329 61.9080280924
540.045239378 8.33831439372
454.536782367 311.154625346
385.66812622 73.8150326812
491.377467271 35.5922177514
371.004031699 156.640218799
554.011207312 46.9487118204
499.907505211 23.1541612583
78.6965949894 83.6246177608
