642.659580909 363.541223642
214.245369553 218.605912335
266.286199176 308.481254074
235.325740309 238.062872052
371.762405938 589.157254397
304.694039605 552.440020457
100.922372742 226.710942425
544.957887233 288.321414802
353.813346923 262.649171209
355.429182908 336.580561041
197.342166449 195.059482689
279.980567724 166.030098409
323.603771449 612.557775444
134.833813544 183.955324377
334.587216688 685.174348387
371.842898917 300.976908249
302.496560943 265.767800696
349.526167287 554.619962918
376.965064379 559.21906772
429.482567459 263.584268733
295.480607587 320.844935991
267.312589218 242.957972956
355.906869494 700.821846881
125.496118701 232.708004292
85.4851933674 258.237426592
354.242981174 686.308444752
266.666164094 558.640509657
533.379711603 336.306588328
170.180030332 156.934402356
306.975795633 308.398377824
428.436182437 310.065139242
218.704585322 193.614275794
453.257836405 373.435928598
177.377135087 191.686886383
391.453496167 326.881896747
193.212995873 229.44508735
402.729244252 371.952382832
539.218489207 315.586812587
264.526639099 204.190749139
234.967634466 166.373536317
354.408367815 479.937942269
346.365848853 606.926886923
625.809798733 346.612549825
92.0705306366 244.631557199
323.330668265 535.238336911
321.427512012 208.275315077
355.656508426 663.791412886
97.1520645985 287.31328552
321.77099137 574.412267657
392.276815677 353.05321525
168.024672544 178.423122909
109.939692631 254.454756658
431.952556152 364.276850574
267.461013608 283.074824082
375.603049181 699.281321047
156.042841046 207.805085777
226.711670366 277.073344546
456.061192918 322.110928902
466.847626401 255.682526016
475.327085807 311.623648894
151.586850269 237.055233782
506.566048325 302.758722579
340.157884299 310.204927894
539.733630876 420.706132581
185.488234327 215.57429076
199.347318366 255.357420292
288.062732817 220.909983229
115.174324325 280.884490403
359.857194122 529.988480318
337.933874345 513.128711022
292.298394086 196.760134227
135.252262123 260.81461768
313.261281305 239.604062005
124.884307811 225.862508644
475.461775563 348.412217063
374.749660116 677.391712787
512.488709843 327.680007917
135.88765376 211.354854391
189.286210593 162.510649312
359.121453572 244.585652601
254.523775623 172.270303396
464.87963924 289.602586437
494.945365872 367.023496207
356.137619404 627.166055503
617.4983903 369.701493874
329.625868864 282.213027393
236.448361093 204.535052107
422.098864352 348.605036663
414.228066664 292.962233925
500.032701031 283.674192877
217.273027525 521.133036292
112.525478523 234.019083753
334.356639113 647.727697369
400.741350106 239.39934916
101.77538957 274.643741234
322.656365893 183.533060042
200.070967532 177.109312713
520.157408018 429.631359817
123.333312741 269.261231894
164.640013167 229.744856745
