707.939051786 112.079817629
721.34488287 418.789370274
632.147449353 697.612821042
720.090603795 467.46938992
363.069491595 182.917206485
139.023744429 121.742418032
704.498266613 354.128507594
657.596900357 175.526982318
690.764140534 84.9379038652
697.727918812 657.33975014
580.632601171 260.587786119
662.507523692 62.0802896252
103.948962169 140.192812117
564.247204978 275.128885523
110.649819999 161.991039893
695.18771825 626.927398092
667.19344385 658.684100196
322.899617854 142.642929948
685.693712162 401.011778017
596.07895071 259.95701426
645.858747941 690.760560289
743.075650717 400.81628851
173.231260832 213.436804651
710.812695971 377.296623843
347.719718979 122.343718802
144.25489974 187.802267124
117.504396276 116.590813775
681.435886387 213.101305298
660.808002515 96.5570646669
653.855246527 698.969680586
727.2969281 344.093444934
629.851863342 153.604501383
629.549186075 272.668814713
571.669132181 237.740667217
690.610970234 588.385715358
714.762638202 497.709338994
685.392641849 698.063387587
664.624100102 207.583150652
668.833209477 120.477637343
655.034932469 42.8406755562
669.916315137 685.895054663
305.025816077 161.595928517
708.635291165 83.6337981783
326.756375957 98.5992861771
307.979294587 117.950563197
628.997406182 175.582261435
168.948324753 171.681137406
385.79599576 450.205448869
151.863087295 134.176026316
683.215866806 678.100827448
579.325134459 193.379289684
670.28085828 506.126603118
667.915465058 638.945466622
646.944699191 651.376701742
319.587029502 208.613531606
705.973716343 400.169104468
643.924811844 628.445204868
627.898428333 290.280171062
609.077108742 224.792049133
609.431620143 241.513362527
647.416997163 597.942687448
647.432931914 204.742173874
669.24075067 600.092296176
665.537235156 225.33526612
729.887427538 363.657410389
655.831203592 620.695009213
576.665026153 221.3066305
619.063490704 625.748928557
667.114770879 387.121067542
350.38175518 145.258714084
674.673222372 93.6808764195
637.989551479 672.607384179
589.532773408 217.441704284
691.81687831 494.416910222
627.774065277 235.015850434
345.812109111 198.703416531
644.372932778 217.135309705
714.198877921 357.16045663
645.07441499 69.1865437494
693.81905821 64.303864349
659.040347983 78.3241001244
617.409413195 250.574147186
644.530797472 238.328423869
332.256091099 168.115374708
683.42696726 108.96138579
658.389559316 672.273520186
604.873935372 181.828697059
679.329220751 608.223441696
581.565803782 273.002724957
625.730928764 211.15745957
135.355853254 95.550050592
676.896480736 474.531139722
131.358581537 149.766281358
668.597853851 38.5964710696
697.208919872 371.47586354
671.259439466 64.0215851967
643.623341819 121.604744724
652.183012661 255.421926166
622.141724352 656.212920129
693.206909329 451.829050884
