592.63688707 189.871104682
474.625180971 138.456446353
486.752612069 190.83680692
448.909206499 611.291638132
363.373474146 132.978195129
324.938144067 286.894336363
570.752312325 99.7740399786
562.104149832 81.9793400052
385.03358272 700.007996461
569.123719164 233.389473628
389.022800699 652.01495793
282.616962459 107.2480669
624.908416823 167.836996477
332.023880622 176.717264044
597.336222564 146.989245537
276.997589094 149.112648368
346.878438306 222.311955617
453.931522636 158.080149302
424.330353444 106.947946178
461.148546817 325.847993605
431.58683609 98.0364320495
447.374021826 173.897813006
551.554269072 139.119396554
371.671821507 286.105481485
422.313969082 139.813003033
439.651266217 103.562574376
453.21836241 186.029469144
500.476369152 106.564060092
483.601611639 334.943791286
268.315547545 129.848431008
369.180010625 109.3879485
442.185387485 687.005294661
476.817470136 294.645234705
336.549449585 191.942424429
368.491431785 677.475435211
474.668998992 178.838050705
382.63541153 239.406449662
397.838268141 678.045625102
402.213619557 593.275531008
218.095174966 354.817490749
534.907689865 120.337771094
512.705574421 107.311706737
505.157512263 124.855856744
434.272772023 149.148777396
521.524309495 97.5841844777
382.210244422 617.740223613
424.247596629 232.651191897
388.787146847 278.9770142
410.198798996 636.912151881
422.648788628 580.323611898
473.308190311 162.03066288
423.752058072 124.135822345
351.789784852 184.916567586
619.620980494 196.950617578
583.253432374 164.70291504
639.321365789 181.669701657
345.957263812 304.343008871
370.399254584 200.68159294
506.167131336 159.729394139
455.198929378 97.2749739317
423.349028028 623.672847895
483.018441385 229.994535649
488.995219004 311.391872976
431.836903833 137.809179487
320.791701231 116.410624313
248.976746483 141.125841773
505.866334302 138.479037621
301.900882715 96.2333863072
397.972192124 122.790019679
345.168234962 262.229323142
402.994770718 698.992914406
359.664367797 575.660322376
392.00604555 145.802738949
438.621275592 130.390222668
608.172501773 211.51223101
424.677162308 699.513449831
298.427269952 119.481447677
368.585250609 311.8718274
451.011654086 215.641307023
339.801895951 111.507675207
537.337928259 99.0900462907
337.962769163 155.592966795
401.251268491 168.328003226
394.156708077 559.852778488
574.519926859 199.168803901
411.71526608 664.426030997
254.588292616 108.724977379
477.489902223 111.976219301
414.845280786 159.791072916
358.012860579 162.031181495
434.526792813 653.456311716
269.909072421 94.1927277093
436.312123268 161.700679423
290.754955458 140.659415016
404.523705906 98.022573319
432.172939483 197.73191005
490.290574976 92.5128293544
408.051915892 191.217659397
412.790745254 180.547019442
455.406148355 118.060542744
