422.768465599 144.846036522
463.4857326 460.665521489
279.381493678 83.7180967788
386.328756497 128.009675364
420.527927092 641.386473093
363.000780783 105.837849186
441.359359463 115.276239642
408.120739932 102.745070236
449.948176018 144.506444078
434.562750281 700.112383889
450.797494494 369.285265621
403.118381729 310.843107069
407.624348484 217.26764891
447.180510204 645.853854456
562.625987753 151.312796817
422.768562476 683.608245759
448.455362519 690.085376602
435.773970067 239.829549849
118.141741059 63.664431016
125.283985152 36.7882580447
440.365018562 502.906274539
429.213794909 202.960571958
579.201171394 172.558757385
541.221275825 187.608287207
408.973999363 551.35532514
382.860816883 648.534724728
272.854887047 52.4100413757
372.83698249 65.5232631921
600.450315154 166.23029689
424.217155625 469.557701122
568.493687392 193.610120167
411.504529449 122.024537295
120.102005614 23.111989072
99.6130253361 52.7126424883
388.095353557 193.926145965
99.2342062773 18.3775067774
461.059955217 533.155669385
543.391624385 217.310259281
321.831005203 99.4596056242
413.810579277 583.044833765
342.353716273 100.675070531
392.049231293 231.501864481
567.779383194 218.010700731
365.373788393 551.007096209
152.252330832 31.8323823123
394.194224174 121.588497415
417.707987872 103.081749568
481.023539097 147.69507654
458.018670631 489.497363313
284.733205531 65.4822187746
398.777296961 344.658884668
392.577254979 695.496821136
175.798194509 25.5082201116
354.870150516 131.257923531
581.62916564 230.305594992
409.069779559 371.957307468
428.877370612 667.06020356
159.633134619 53.7949246594
597.516221205 197.172758825
441.38004526 436.603292085
345.146916728 70.3668124527
409.374459722 260.001226215
379.561547231 101.479712055
393.845192229 505.842525157
333.345379671 114.950782401
422.537644804 531.746670191
622.449945596 193.068115997
353.923194243 530.020299347
180.598032734 56.603797006
391.631329895 171.909206318
424.423260659 128.851148993
405.940740247 699.77792097
367.001562235 51.488889931
404.397396269 664.87972877
363.688850208 121.450346782
379.907322887 675.539166354
139.500170136 57.8092087081
293.563063046 45.882162198
346.128911467 82.8838235877
387.894638059 105.287073832
373.37043865 81.2692312768
470.704877436 422.222768404
321.813632416 56.0994459916
311.600793283 80.0057321925
410.090529274 175.607994033
139.101536702 17.3482869431
383.692792368 567.466013323
435.858241001 571.082947304
422.383780921 614.589699185
331.596233388 93.7158376939
603.915479016 223.522288997
109.854222938 32.6572100506
385.496198522 72.6160399211
445.477658863 394.178562597
421.948632545 353.989072815
395.091186961 84.5561891141
391.2447477 605.797575909
368.401090412 92.6163999389
346.505022288 59.9421879598
344.166136158 508.827884173
