118.896780565 543.286167823
108.989178245 489.681356865
482.708091723 176.209148992
696.072752837 230.020675579
40.7382145388 336.664104213
90.2112895358 112.881526467
213.065765263 196.592689111
128.626236919 36.4363001219
119.733420141 324.519096963
116.830331822 244.357798637
55.6376953767 736.261762174
112.62094023 71.3691068555
64.0759062687 355.302419146
367.589979625 312.71182686
57.2270494458 328.369087899
198.832345643 247.840513707
130.778638627 114.985617994
98.4745477799 223.710998948
101.993523092 66.0243868683
554.052024652 251.989874532
92.2456553562 23.6920347997
513.467693321 172.9594292
342.54887437 281.634518928
91.2798887048 704.370705361
157.442110249 68.7550098818
172.326476433 176.754966293
617.47351129 174.412133043
105.304243723 33.49150373
698.695314022 192.12899481
155.442502656 229.77219597
100.528921513 42.2407837399
658.648582414 231.971065693
465.127609833 252.863845105
62.7586283642 719.852137969
497.174699301 211.524303168
362.60511691 291.617594497
132.729049352 51.3619008202
123.077663389 351.832949747
48.8170840061 689.211741394
698.992026524 215.725115511
405.709266013 125.29496524
90.0770451571 59.9097774725
170.814274571 210.143174601
130.719686064 103.484626397
149.337911385 27.8411730272
91.983972884 733.64864697
126.01898848 372.404265874
501.020087519 194.859726705
443.930273019 303.617386156
673.146288356 221.327970757
128.26899365 207.52772769
125.943963025 183.302662837
137.282329088 195.071067412
83.9556001334 373.891310441
273.658506903 444.296020664
85.7222512266 337.391379333
39.5658189253 727.010140132
90.5602766394 537.206841846
78.1318948843 731.110115657
121.630441186 22.5294391248
454.140027035 210.14176327
186.767113937 229.366592086
647.314803019 205.819886243
93.6089135268 513.304286547
149.570417704 58.6444794606
185.149037791 209.159006108
115.323408654 526.084695127
105.302977584 170.812573162
126.657203329 169.180193485
91.1887235916 82.3653349302
145.294038786 341.101914426
106.491152188 95.3431313154
143.978688847 68.0728020209
206.514125614 225.363365308
87.1296706524 197.842993446
473.836886849 227.984190305
33.5779595371 382.128538957
674.971676844 193.816200758
143.531322473 84.5110922631
84.209107975 12.067762141
117.0480147 52.9859962974
125.159427538 83.8909914689
101.090701739 205.043299848
96.3157665293 148.700031449
61.8232417299 394.530104104
683.6802261 261.047325562
133.864333539 95.9589478595
152.355968632 190.992896016
338.954973482 322.673932188
151.396703958 252.233199506
470.157876679 203.959395801
83.4663443529 172.994210746
80.2722480771 704.710702509
126.835451645 232.26894018
108.175587023 145.841831215
117.982651462 115.06310538
132.216210629 13.7740661416
60.5459712808 710.154332226
19.801310234 351.368426932
45.0604980375 367.26395171
