251.412421186 285.872528284
228.494643356 736.264857891
324.054094995 677.759812058
288.7497454 779.240033497
244.087595419 535.329373848
394.431868319 695.956236459
213.310104197 384.366389502
273.449720099 120.803728434
234.577101448 172.508936067
337.817114653 698.861120688
379.113935707 667.388117949
247.838664846 255.878606961
428.65451151 726.066055252
339.945989869 644.825344849
244.873023233 699.826024188
254.553755697 770.201027954
311.521373101 671.013518731
226.760011048 118.071977589
327.925491632 710.454469963
241.405399755 363.954464533
300.471500068 695.301771896
229.695641283 99.7325073426
328.586145651 653.006796058
220.863761031 461.963934742
238.397337316 341.366502833
452.045508846 720.623921342
215.291842343 706.154011977
245.379728225 211.474156143
209.148115646 154.76059351
187.731337453 758.760380988
226.102323412 351.444812596
265.884097806 350.955459208
385.227377014 698.577020306
395.337968001 667.990325055
218.823292424 765.382224917
307.427942729 767.624042411
323.047047853 690.777717516
267.081020817 185.312328453
397.373252056 648.026510081
231.752965805 256.726879229
148.012468564 746.730448598
245.895009313 399.989872508
230.964970835 574.585620191
261.03229604 458.505951011
256.695580891 502.347811334
282.993944394 336.235343979
159.012669 774.664125428
241.064824136 764.134147324
453.198803646 696.982926979
346.640259992 683.284343582
262.801776214 379.086819466
287.08989961 737.561039657
274.991161479 762.221728503
296.495368189 685.659808581
238.421735039 232.93876421
270.571973419 99.6660021575
358.141006269 662.711777548
332.307199583 725.611535154
205.541380608 232.437527419
414.344746928 689.963897495
475.505767131 728.724419958
279.98683338 158.177674318
373.382590936 719.450066439
239.884482437 303.818668849
236.644916183 439.895522997
455.213602425 743.238324426
210.226979794 424.75432829
365.62655233 700.100907241
309.28957517 705.97225923
212.204252447 125.992030369
217.618659446 192.537895114
258.57714831 722.63488261
224.131708981 310.854743622
332.386591143 745.249416993
269.561190642 701.416949751
219.554728994 275.005209333
309.574168104 725.074466899
234.863251369 411.979274152
252.003590904 157.378875801
252.700123032 117.09607721
264.111852557 138.55919763
236.04705962 382.604814706
130.787231301 760.861223812
209.535438488 562.013871652
245.780527722 559.910348154
375.813761526 682.544546263
258.300319155 326.865775118
268.470137577 739.044271282
269.599274177 679.854012317
277.466368731 304.613849425
231.991789442 503.908564954
305.05762352 747.627893864
435.928943359 693.007387114
242.344769648 142.343841699
559.709832374 422.436038122
259.771092047 100.480323425
224.498724731 544.422700997
278.729712487 239.902204988
177.867857975 729.459791886
294.961232981 710.273716799
