311.503274768 682.144131619
536.709341224 373.349692642
139.715846096 399.553160816
171.86380896 330.068443821
210.609260012 305.865737728
210.364745719 336.853691748
557.429787313 348.087457914
351.385354726 322.42503865
151.665787732 378.864139231
97.5872765135 255.276949954
133.196725036 377.63063291
94.5446309792 348.269159464
218.739330124 334.032165627
106.183645177 417.919446328
111.263835636 255.709941129
131.297801187 309.337864167
123.321580838 337.980400682
115.75164373 299.973067966
659.773391301 386.62971528
220.044958806 373.939148875
397.290774745 335.964184836
95.2546499502 376.199580715
616.715350597 348.967004309
105.234690474 289.231093712
140.938595654 656.207780274
89.9008276537 280.213930634
640.930187855 343.745624012
213.247389785 382.932399391
416.378464561 350.946802384
411.435656582 322.262957353
295.324525051 266.296707303
164.767147897 358.877269047
593.668394924 359.391882675
128.398293747 364.037313156
222.930705634 324.714906321
329.1759156 667.639903385
156.587341039 287.970573799
200.418528069 383.743519
654.632655814 366.586373012
358.986805836 345.989749114
202.543600052 358.748380837
687.977791662 402.534992909
195.653944132 283.29068992
167.836296936 415.004832182
229.987136949 302.371052131
266.968514801 306.299495511
116.375727412 320.673948112
623.847602415 396.056177089
124.548530904 442.712291043
161.070801738 407.302482204
223.45991058 270.044920784
675.605539338 354.890581109
238.375817805 333.707354447
142.498849038 303.878429666
200.148123444 318.175395307
186.234453386 302.170901909
83.2883017704 353.303364998
242.81313127 365.864117547
127.867459553 422.510891847
287.140152429 302.101164817
99.1019809618 344.241575039
384.366446735 370.832935679
378.561059195 348.40373205
571.810722388 369.022049961
93.3042759864 304.090101909
334.301645545 691.851900073
327.540656405 301.862884516
596.00397157 387.001759463
250.207866591 297.940926574
559.777428052 397.427454274
115.156813795 368.587194018
171.697095269 317.861563194
683.050994808 375.967264041
80.9934371778 327.239796356
200.900632179 337.074637424
194.138500072 348.681727451
128.45761423 283.736849826
625.463294749 382.649634328
699.73150263 367.907025115
247.617776311 275.137396772
701.077996641 388.895258218
148.931525353 356.79495175
374.983059751 330.73381909
148.260446431 329.206350333
177.923754621 281.238424493
138.906803877 347.710497229
100.844215327 322.770677582
188.244636865 401.553079558
70.3866709673 358.559808743
265.343699121 265.871284292
182.810550226 365.556959361
229.144074109 364.119140656
104.784993715 385.669079787
249.714448522 334.704395801
179.364085405 355.311524023
172.296288311 397.472063628
652.593397285 420.156577063
116.548171454 405.657666523
149.321306922 440.244195976
134.474234666 270.218652579
