534.776731993 703.660550545
388.727268916 627.954272519
605.742528833 759.109901721
544.237568864 215.901622241
97.3652492609 697.757480526
67.8107148513 743.295164546
86.8854401511 732.270753539
546.078110041 691.101295349
384.858322103 700.882414974
381.650282027 692.706165216
413.860158434 736.209913436
521.355536908 708.392143745
290.62494159 730.860847032
435.406695058 718.129204912
131.238299205 694.243819745
102.579377658 736.551031142
558.205473185 720.040109157
347.925739824 695.735227094
486.222361634 644.008015328
410.236348458 589.284134781
429.743334759 660.728824755
646.717082837 749.631529181
555.270309517 114.6288102
493.538406884 673.094586739
630.816987943 743.521249874
81.4958418285 757.003095076
610.901461673 710.866421455
379.291819084 668.652625854
678.09231021 709.918761724
378.035061533 504.554792
443.06245813 664.372751188
493.00341658 696.330861404
419.375800321 674.95139725
483.629682522 692.114544689
687.660275461 757.320712594
476.449702106 667.761937294
518.176948793 688.167337793
396.7232909 383.895403693
467.845143129 658.39386031
700.623965822 750.911418813
437.820241394 327.136978202
505.946897451 636.371612065
352.29267434 673.242691421
334.745918197 747.647111923
592.553478554 726.871610417
458.325421537 726.807647411
469.035447402 672.46607912
669.794886513 743.775661139
489.414593975 705.850038714
701.245126695 776.380564477
420.184581447 367.398557805
399.179962287 488.972933194
430.226467339 409.161267884
102.491672227 718.208107799
525.500660342 205.644716634
328.037418791 706.651527005
465.262423667 683.587742072
425.092877271 651.201715861
463.783287043 693.938955867
424.083355799 614.249205736
651.715087567 785.348450036
374.255929992 742.294338091
701.777691037 735.797036696
466.744964814 351.811080769
614.321989643 737.28683559
98.8691320126 747.625919388
400.731984226 650.308660082
457.921766805 387.647402842
404.014828978 674.289232794
478.954383001 648.558027034
430.76759345 690.527536722
337.724417561 723.772108156
447.875002642 631.554303414
404.349632848 701.42308209
408.916050896 345.938397056
558.834049029 133.352799113
61.7495871282 722.772161808
642.192162229 714.45934175
480.626262422 625.198821634
371.709663547 709.6467238
473.802300746 641.528888105
542.495000625 727.916124856
445.602681208 372.056106548
275.942102385 704.809682753
75.3519710559 712.354156776
684.389803392 789.343826098
442.52711466 671.576943875
386.644678017 610.523409994
428.875341693 682.458121991
386.116270644 470.300814772
672.148410281 770.950784718
434.902411003 348.525511825
414.732707884 712.736188598
444.041904951 704.552017717
121.685521089 734.065969495
308.442337542 745.737276605
535.291208902 671.065616378
440.721240175 696.007578207
115.375957501 705.988599098
90.0977088484 702.047495676
