275.675774051 351.738867846
193.614440167 245.000151133
410.323761347 209.374264188
160.967568944 220.980006341
407.996326581 362.162156161
190.126523067 273.961877472
161.271636454 429.60833555
206.697993807 466.320865385
447.810999525 198.311763447
161.871734466 132.143068128
252.389752072 302.579182309
688.657109128 160.491842685
196.743352939 120.851441511
239.977518327 222.981801598
734.867740656 89.9804865635
265.528405743 189.933767678
206.368839654 203.281646929
690.864575803 148.72416086
448.165559434 220.324989035
322.578494332 315.036734087
327.135309917 189.715267921
216.291649431 190.61125689
204.23382664 390.635146464
212.593102297 117.415276895
285.757416422 289.423306859
174.139728287 123.188712494
496.257570246 148.317405438
671.739779563 135.440902929
727.358840001 142.575536858
172.844942884 397.423813126
224.430175475 289.744114291
188.444761007 145.43792834
329.419439526 216.065752004
161.059052154 156.840785234
300.762416151 372.222859268
211.172901393 364.376336455
276.115943251 129.003396777
176.795373816 370.909407182
166.878806125 460.400765035
531.842875133 135.516417847
269.891941558 537.156957529
358.871887054 193.277088388
335.140553773 244.018514739
514.440585062 205.970275788
282.856119861 199.572247345
166.748297943 101.619111365
254.061323189 169.858306646
736.750465371 124.437130067
300.974340196 243.064445497
222.866611067 453.220963892
376.869988804 159.852533162
177.682703405 419.227449406
332.801049751 351.797569948
236.14589059 128.097596949
700.077139898 109.404762436
243.451157417 432.578096735
251.907126041 151.875034649
269.690179076 300.29070525
212.532527319 150.778976734
185.513929108 223.249216003
221.116103692 638.333833101
230.630596848 272.879747956
600.034259768 165.213975965
452.217440073 182.612850658
692.188301775 99.9001916902
300.718336681 357.486739207
390.892814883 193.338406872
712.190368009 127.323224216
325.788602255 298.218428301
348.691626006 333.580861315
696.596427273 138.36095491
278.474457631 172.549285729
334.076977977 272.017678842
134.224178305 135.750540814
183.550462197 166.645943093
293.039188137 334.499358491
364.056332883 217.308105302
251.566153102 215.00917925
179.681703551 444.622803518
378.822567966 182.262155011
690.330762814 129.936210427
235.61824505 320.731834803
182.744608572 187.978248649
278.168167119 263.718818586
285.94307015 160.509911611
709.727314509 161.570122957
708.129163152 96.3023292733
313.305923038 341.791209394
227.500435109 169.655533092
284.992261666 229.476014
307.966976579 274.370026177
262.910495308 337.402223366
198.130723301 428.374530578
232.356126109 253.007329418
379.874878682 230.314399161
293.520499804 320.700990842
409.340095326 182.96011009
718.677629886 118.382707732
153.513069138 186.54552898
248.866634146 131.762702939
