706.469850879 445.353617315
495.144096573 575.405254337
495.249107318 541.730926415
302.945328778 755.401478242
514.318597601 561.69540486
281.23486451 742.792671052
372.335696015 475.556310929
481.280210495 424.966153052
696.622386156 414.585857362
447.559866737 674.595132204
516.085128855 531.618583969
273.466128442 759.910605585
491.049676024 699.409748858
372.207463454 757.633065185
558.557044114 105.868800641
485.201125707 716.083393298
368.652785532 770.357105997
114.765783145 584.469106628
363.008997981 702.18592145
89.9899142556 485.042019196
346.734542628 761.931958627
422.44680492 697.982800701
439.036412722 756.093657744
383.14931169 426.018416019
450.8380512 435.681257692
727.515121352 439.943914379
507.833845824 174.018516052
422.414712283 409.430514061
505.806785303 145.269704539
405.133615726 454.204482579
384.023266315 454.512016484
285.412176976 721.255606668
85.9420324324 556.40315028
337.283249627 735.971956009
513.579185605 638.112608042
316.595399948 766.080541214
68.6346347947 515.757455579
273.977258535 771.923638204
534.767036293 182.332722954
382.004036672 683.252157892
468.666913172 742.805364167
486.121966263 601.655214367
108.69980208 497.50952209
446.53930827 703.174458312
390.091413993 718.498158167
475.937756225 563.688514292
557.331621153 204.266883708
571.357308664 175.706669471
531.683907363 99.9273625682
742.668989421 421.838798326
464.775940069 635.860114644
106.654795239 552.099719754
452.176356071 735.884643432
470.200978224 696.183806431
436.131070099 723.198084455
425.886692606 438.78606497
460.688524693 603.10284705
497.446295329 680.619967281
546.442868977 123.678105487
462.8383949 351.168833665
495.097954953 659.845582311
740.964602691 392.551183306
399.704161252 704.484054354
528.581153799 121.220953197
531.63774701 715.893701377
262.065981777 749.722574608
380.178345105 732.299388799
471.861640091 759.695329706
73.9807957262 601.974177605
377.670212829 660.123378654
720.381998849 411.182154868
123.108669038 543.386102439
131.476952508 508.946154259
102.285272622 261.89924643
721.090817146 381.710030935
509.835485897 710.648846086
90.7842968845 538.515095264
404.332606265 498.061596757
464.033341709 709.83838307
413.760234067 683.360107244
356.343439292 714.02629425
466.07037731 657.677174692
417.042371722 741.337689737
454.267503189 407.016887908
423.678922151 711.190921242
474.326325477 724.182484969
479.64787872 683.220097504
417.932485271 767.613965882
476.409219969 391.213665457
90.0431359924 608.660886178
93.8238819963 580.749243611
102.836365479 521.363366294
300.912074946 772.974224519
681.794727854 441.37182917
566.477442481 148.430593906
457.652468203 767.990951831
508.344485409 117.219968754
85.8608853858 512.506604072
541.667483087 151.290729399
438.612405915 370.43553278
