752.498360978 197.315492555
743.827025792 487.365879141
721.463375089 699.141578734
759.208767945 524.470346019
356.63928888 282.688011876
159.7028418 219.54361687
644.247898796 424.018238339
697.564094986 266.751228131
732.305431105 170.779037852
781.757254658 681.199530246
652.301754212 330.213333525
713.026797371 142.755925725
130.903853737 236.381975429
640.795153795 336.777878989
136.975951131 258.360000775
776.016265791 657.590275933
756.594687271 677.316120591
316.627035926 242.35848481
608.99085485 459.362511989
670.304236908 326.430306729
739.873523481 699.66407422
761.001310716 474.10451721
204.609766161 308.204120604
655.44283023 445.072019935
342.321355035 222.133500277
175.92866355 282.586034287
141.005854453 213.710476099
738.477216709 294.97861157
689.597853435 184.61012858
750.19696474 701.865277187
726.17540104 412.203975497
666.547544881 245.767028644
697.496074199 345.879384389
647.662506061 301.679736959
776.575207748 624.854019555
749.378533377 563.97167592
777.00741016 709.632885548
720.279165919 290.60934119
701.982105714 212.796055902
701.87073678 127.440589288
765.803747774 702.229430038
291.937223404 260.680246483
755.93574649 166.149706956
321.271228253 198.113300381
296.159607914 217.167336398
683.237328533 259.472567592
198.813136883 267.045073304
388.398954427 444.344479155
176.324051601 231.038073252
774.741305216 693.897634252
638.811550636 272.808283982
696.606275979 569.320637935
760.101197934 666.533287067
742.909434675 667.745912107
311.107102977 305.734645578
718.121712388 474.672364138
733.042056141 647.726975069
692.705915925 366.222139317
673.619734726 300.221621434
677.401564033 314.583578981
729.07468488 626.799683236
701.658338779 288.33059132
756.209563483 636.513723302
722.78403102 307.103688143
731.636353847 443.42361691
746.894791014 641.80512561
652.40828738 285.680560561
695.036869708 642.361290552
591.177468957 439.222385455
346.80621832 245.161040023
719.863509846 178.758694552
729.119317066 677.940031457
659.200757602 288.759715583
733.227458503 560.144896615
688.992982333 313.666503973
337.869194476 298.127023752
701.306106007 299.272972571
702.625302474 431.885229924
690.081363152 146.243804452
743.349770417 144.578916256
705.19657077 163.19480759
680.997067096 327.195912246
699.965173024 321.268382635
324.195300012 267.768502952
731.157165605 193.863399948
755.331863996 692.626103842
654.851992293 266.889716176
769.381879658 639.972817859
661.316190211 331.922372323
686.886819129 290.153839648
154.038128127 193.698781371
716.170674481 540.169298605
158.259942724 246.037526666
729.04317494 109.370417014
632.082431238 441.396263704
728.178242804 140.376685235
675.611433546 213.70472884
716.986112952 331.466353629
716.201605668 668.591190699
736.682990435 514.330706267
