671.380299424 100.300344247
640.276838794 131.669713616
684.811681093 176.52488984
711.64462305 332.081690571
540.368541044 520.528827175
460.865075548 480.472704467
474.172750203 369.249356559
586.665514028 401.966011934
722.460817575 397.618989069
431.957061001 358.270719167
685.194810537 282.959309401
723.533239261 297.535618797
268.725369767 276.29902048
672.24369346 210.214040084
576.547377388 449.945152757
675.320870834 381.330255178
715.632115102 346.487009152
613.815776511 528.091735257
597.370093655 536.113450117
403.972913978 295.561388696
622.191604459 281.854546142
716.515286809 308.349578364
616.629213169 461.396452257
609.505887877 306.105472989
569.127676417 354.542575026
614.439243726 432.013795738
244.329457285 252.139629972
633.43075805 375.333526393
645.656117425 100.477350424
701.72267138 357.298010565
694.852486085 405.245319345
383.720792996 343.141482437
605.25254121 357.227693999
591.381630818 348.822972981
651.260869055 276.017148113
658.237285918 190.516670131
613.897794036 380.635232219
669.505310393 403.685484775
677.209659439 121.312997525
448.594239459 313.637553083
642.238835106 416.866848257
581.459372314 512.046106775
698.372348519 305.119742395
619.620910753 321.820651444
704.36345089 496.671704765
350.758582273 320.961616373
674.983822501 435.525984478
641.650902543 465.739532635
281.137882087 239.764050453
631.578557932 340.009562183
691.328697219 257.172814639
692.9236262 468.993842907
700.429484023 338.173718201
713.750876928 363.570407513
583.829108375 551.595467854
679.348456239 487.623189115
657.892568275 230.332831593
671.5097509 246.692813829
434.190571941 281.271980302
725.922832617 370.822880563
261.470155269 222.742207706
737.396338748 341.66835887
657.366609036 254.763563097
560.798061792 484.234693336
631.882630537 499.785741496
472.461703829 336.497480789
724.695101379 329.666885099
607.526417526 493.499506055
644.429214102 534.098802342
692.223740636 226.78402128
692.382401559 106.927393034
683.553998924 338.631963051
689.200572216 139.301670341
511.185890071 340.374313165
694.925815125 267.619476619
566.339620188 528.237559018
683.216986806 156.989199364
656.52761996 297.674291536
666.013545014 114.61036618
392.549667784 305.710863994
683.713664587 86.8007292452
646.082580829 227.304186675
707.864764656 265.763760296
663.809337464 451.230448666
664.496904375 501.804291383
660.583967413 378.083774877
632.702168616 250.902300954
703.94055775 246.874330204
710.092257904 376.104671123
486.200079564 302.163627653
716.580793615 430.49128931
689.423629081 293.608603888
250.110567437 285.90497906
367.003856519 282.17675776
586.773646351 319.934479885
374.668063573 306.335280929
667.792880499 140.727299746
229.771831271 277.348184678
695.901516626 315.144577176
732.855752113 450.3475384
