92.2782587622 506.41053756
77.1155207187 450.58060644
509.900429434 90.5846565752
698.422072357 140.083823768
117.701341977 330.339964367
24.7856608795 168.871688978
280.915988138 137.528076501
54.8687963721 75.4237340405
209.670013774 324.189474466
180.304454503 180.606569551
95.1421267743 666.966873843
45.7215135101 110.279557801
150.417612958 354.521521496
398.530109368 228.380230605
139.726348867 328.510551138
258.082273943 180.162672978
70.3150616008 170.826533301
166.520719083 164.910363228
21.7165947228 93.7047699856
546.04494129 251.724901603
20.2008493326 65.0838382231
547.448658298 89.7203539127
366.148254228 194.813884979
151.83424738 649.65511437
94.6462273785 97.063067504
245.952609071 125.216681547
610.025302306 115.157009149
30.4138506962 75.5497353333
699.374784784 102.208459635
218.183567785 165.425547588
24.4519525665 79.045138761
658.543372356 142.00904793
468.753299345 237.158388803
106.55680934 652.123139616
525.58244354 126.154662098
393.865739611 207.250007182
58.4846256155 88.7571034502
212.989935467 350.542320367
66.6211688171 621.333842739
700.11776067 125.833249477
403.645824334 123.100376924
19.5366011825 104.16214165
239.144249667 151.702428821
113.850548093 140.268295027
68.5501226545 58.713188471
139.494224989 703.990543984
215.808645727 373.815382788
533.138018831 110.797245977
439.475845351 297.252810641
675.142272499 131.394013726
196.413539934 148.854782709
201.344474134 134.288181401
210.260302892 142.54923942
172.764097359 371.763232915
268.826545832 437.051336591
174.865095619 337.169726613
68.1720983578 655.063538859
55.8242359471 509.553580558
123.675983878 674.819470636
43.1561401649 61.3751735488
485.423645148 125.806847344
251.257741997 167.031476287
646.42003552 115.917920516
56.6506316285 477.139282906
73.6583029068 88.5563747791
249.972356121 147.167226139
72.9484382905 492.161001244
182.637288774 129.483155424
204.493520673 124.710539806
22.7341962761 125.963010859
235.224201739 338.357382751
40.0152861193 137.637894128
79.0737677122 105.5184762
271.700704672 163.63560647
163.723517171 150.677966381
506.017219139 143.953101636
94.9856096593 379.298151646
675.237378979 103.906530752
92.8613144504 132.972904119
17.9499275407 52.7038594552
37.8475951733 88.2696871556
60.297196535 122.759239875
175.774118953 155.024559521
54.7832787506 197.177000526
142.512552448 391.172275503
686.994410072 171.141733767
74.002118868 129.645521159
226.438036256 140.38785986
368.717919268 238.237560788
204.763681861 179.853458501
501.371187433 119.596063241
163.000157786 135.219370492
126.135313994 642.462409458
191.137597186 169.467208356
169.711058529 116.962796627
51.8179188474 168.048352468
55.4955159733 45.0177191269
81.8160363539 636.897088559
83.3880707921 348.593161594
117.912448436 361.933874879
