133.488418286 351.795964554
173.293285632 710.968848061
162.118533879 294.13895575
195.823387694 703.375469466
107.577622222 759.696302394
108.364400392 732.884861248
203.36226531 165.052428531
306.904832734 627.177331254
332.333519886 705.07781926
136.41876745 690.788904077
728.906380911 666.95814928
173.694911431 779.323574893
98.7570314714 719.254931708
730.122128055 624.004535545
675.659799302 640.757972632
183.60249403 667.456986193
179.510326771 749.209889822
143.094334328 717.390414698
158.22080292 673.773364928
192.807316339 142.623026697
167.654079516 483.181665862
208.452373016 692.331850713
167.210544162 698.441845731
677.22778781 616.121108439
372.311439066 679.451420984
290.409989055 339.539052079
108.221579217 700.328167827
184.657292871 162.243503991
167.845360725 724.92333032
359.097308869 704.08525382
132.637552869 449.020042843
103.914748326 750.315516938
175.452107465 146.343386741
158.913896104 751.356900682
177.688810501 366.434746224
206.749582807 102.550475862
189.389087499 183.509466902
161.330470388 712.106732009
180.300955565 330.619377178
381.212901797 696.219369638
130.737490355 760.891288445
156.327988989 688.779400744
703.072458731 666.629334134
174.568562996 111.418683175
206.648152075 668.554533777
95.6112165361 773.99640176
195.198179671 677.869506514
143.992304548 733.790747323
690.887608111 624.363516356
192.607672923 126.795303379
215.125214693 122.050409109
144.952690709 472.422173102
174.247018728 731.036150271
158.448684046 765.503533397
121.623612399 739.167629619
178.821393995 693.665858578
323.973503443 458.19500345
228.16307613 100.239750038
699.072231036 640.351913391
146.681177783 782.451672288
210.013819404 201.125310804
162.613632644 776.183207667
162.211520034 736.463248516
133.088789018 698.71654126
112.485100792 776.399952684
681.724164638 650.277674226
173.961301709 756.73572461
175.831222008 672.086686861
133.115088109 778.895073099
739.321019582 636.818574283
352.735393975 282.176935018
452.774567991 372.839495958
158.928776632 319.040964791
405.034291506 698.442418054
190.509911158 715.253153679
130.510392919 716.718488483
167.159997807 351.668817825
191.805631987 100.623789552
300.2165825 597.389307307
226.54853327 145.31913977
140.048782968 328.015886796
221.677398373 665.984908116
489.229583545 686.772037994
145.9731486 746.792836798
143.644346196 764.583671444
707.883849971 617.047585881
190.470973751 688.296390521
517.48937369 677.562801402
233.276593525 686.691404714
716.061337808 643.129646516
154.717205637 429.646447973
370.843796236 718.504164973
91.0611975077 756.202636198
432.213693966 362.060879416
181.355985599 713.118257378
346.577272076 683.101307143
154.551726051 378.054468147
95.6714933405 728.561903603
342.356029279 719.541921254
169.770141565 461.708778592
