596.615765865 335.40522661
616.427319873 377.423222062
787.65718355 524.406058041
395.363706414 439.075546097
749.013628766 590.801949018
242.603252996 483.914284712
523.60849003 355.547327333
673.52020824 177.913633673
648.122715779 184.053094072
783.757427692 480.426219486
658.088509599 391.66689186
599.963275155 366.980148213
321.697185549 439.737269427
580.93179439 373.215902168
534.654469296 315.541773901
754.863331056 633.68255925
756.000236029 464.421808482
649.418579847 125.734428183
652.246896967 490.142738047
731.404307958 505.910653691
617.048118866 395.078224329
656.195032885 101.836826197
490.199462628 345.38099554
501.825543297 325.762915796
206.289917264 473.041549741
358.555011746 434.268149551
197.010353606 525.807904913
619.383692002 284.642937033
619.292071263 126.343840016
319.892787919 396.571929992
543.637371066 332.133316673
703.296955679 396.462319972
580.085971305 462.395485438
682.670624511 489.23033363
224.79793825 470.408578182
540.491816627 460.052070545
627.554484317 411.362171394
142.940412529 478.326510702
692.618476567 443.345603386
584.473109957 340.930126694
227.612502305 508.197798375
556.326476453 383.133654814
576.989032763 309.243902974
771.089988802 501.287666706
756.733253348 502.666557618
720.360004502 421.584789583
520.321064213 382.15763801
499.086230934 356.539944433
505.883176279 624.595775465
649.186634952 430.81855381
166.888613317 482.054163497
457.958474909 464.338625542
559.257194744 420.041176471
774.026912153 470.69160471
635.091371506 237.918580523
656.002190769 211.149289937
774.79081104 445.084707937
694.807238583 513.261505007
620.843094036 174.932348102
685.282154984 554.510468064
335.814872241 413.100513145
663.520070267 245.564921252
383.252551067 373.768271708
120.043162456 481.715068704
742.621814421 541.525186475
376.290332968 409.710677015
632.614420161 104.988513298
708.687338371 535.585217752
620.905584898 445.502752095
646.258714623 92.3473087128
643.686677723 161.278865461
739.139496262 616.998054496
560.941242569 349.757778458
680.817203787 536.157342577
592.907539209 393.116147307
605.094080113 297.513886181
666.994682664 517.254611592
117.891331105 513.35697006
679.461090513 141.685750721
665.20901463 113.968605196
634.416281565 346.832294718
690.482255862 413.858084573
312.854329073 410.550866251
158.00230186 517.762359724
627.854074703 259.579408947
669.272227945 456.728860193
139.096578422 498.6390868
771.176523352 601.1800079
768.577669062 548.213347376
179.704712686 496.08253346
642.624018918 142.547910035
624.845507891 473.617724806
353.414935502 386.378038409
628.757320787 315.684662443
664.904883926 265.742820888
683.508309097 99.5299734665
203.044654857 490.05420147
647.255825418 283.600132551
369.841536217 351.120914302
601.230770757 414.016403994
