705.462725114 364.063121832
584.599349147 569.686145771
584.795379566 539.043922078
342.467208011 676.470040532
603.910200835 556.380460448
321.508114753 665.531043997
431.856378534 542.92863954
543.466742279 486.350445609
690.388625587 333.384681231
524.250245119 633.28398707
605.413880899 525.024895477
312.670482678 681.050907084
573.864559228 664.27452493
424.969661615 686.379434516
648.503472997 104.323925155
565.862744152 676.771354045
423.719743426 700.825102257
125.66578445 669.342710893
430.846302229 645.958432028
109.519399103 570.594129109
397.34450455 689.267778362
491.424173911 644.661912441
504.783541704 696.057774877
446.486286294 489.877268153
515.324409584 498.328447885
721.130662064 356.587506007
597.801568759 174.765883077
484.857225077 474.178582397
595.755146498 147.92518622
464.311962205 521.983622206
440.743457602 524.338334455
320.94441063 640.267734043
95.2663914656 643.974363698
386.302615597 661.930604499
600.40338471 619.103218908
361.809259391 690.007596298
86.1278537682 601.971800523
312.663120852 693.15886676
624.606151303 186.625501573
453.808058568 639.689058539
540.228690726 688.599441029
575.020971419 590.91883275
124.54850691 581.993890475
520.789480003 653.605753082
458.88142225 662.504710513
565.612028333 560.385199633
647.102395097 202.45745706
661.267077976 175.546865043
621.5637608 99.8923731689
730.943733823 338.383456154
546.63065738 606.759114731
110.734241386 639.902364755
519.573805725 676.732333504
549.322134674 653.866144848
507.713328428 668.849496325
485.112035898 506.460828842
547.895515796 585.617224897
579.676128374 644.860374372
636.331245263 123.206255958
518.504902218 420.309382946
578.228548185 627.697264947
725.91579919 308.272540401
465.837532908 645.105786389
618.543818728 122.350273534
612.78914549 678.068087308
295.653282771 668.108784734
438.26866142 664.634551687
541.86633691 703.512378051
96.8038352013 686.400408937
447.724975831 621.511645584
706.63399505 328.105654505
129.204369762 629.762997964
139.991787044 594.288345225
104.030989452 255.075929315
697.166050179 300.353828372
593.679769942 679.029500147
109.394969562 624.470090403
460.13913679 567.611169532
538.791295791 659.885811484
483.172545156 631.297903437
417.068869356 648.568461764
543.506850355 616.972784638
478.449299303 677.030154587
516.756344686 471.748957748
493.917877025 656.230569904
546.963014024 671.330877099
553.412451195 631.816698649
473.429271108 698.396643891
537.018003666 457.726781849
117.45180163 692.993758317
112.875728391 667.299524162
113.389710102 609.017361201
338.299161164 693.393535856
686.351292771 360.273717408
656.268650202 146.767453643
520.684210909 704.519178381
598.211937052 113.750068881
106.322528963 597.728950942
631.647231121 150.940478321
496.630075133 438.920499937
