156.260292434 331.768622684
577.069341328 119.768685486
576.116734936 84.534389638
112.419062289 318.129013986
557.983608512 247.612594667
442.688429605 140.798134231
640.882400563 104.410686394
686.227224431 58.8701803141
148.850404047 291.992926155
551.25015325 322.158087485
578.024096903 96.8347853147
102.893621115 341.236929466
698.135361924 91.6502890071
123.126522335 340.652385716
495.335354676 75.5530379194
690.123920932 112.800727873
105.661965426 360.390933493
661.538794101 103.077779604
450.377672593 129.785093049
596.69362326 124.213803226
142.876189151 346.50053252
521.853308409 355.231365656
495.507649562 675.829077401
384.156505213 106.791604794
688.52999888 35.7459436521
171.39207013 347.918086947
427.449302778 92.6050346104
580.513445525 106.179963486
434.228131793 86.8255469107
497.044866297 116.097419441
429.586222398 105.163669118
412.558677678 131.479464969
353.691674333 146.529702245
509.515687149 328.437472182
708.274460797 52.9543631406
474.408624351 690.817024554
603.006967512 101.386663186
464.089002936 663.706699786
446.269606647 96.1647289077
434.276478849 120.177245639
507.429187167 635.0335712
550.648826725 117.201453988
622.601225707 106.249217559
133.27455953 322.292115055
528.464408553 315.44303661
464.280386042 124.499237609
519.904946569 101.815910107
533.772279398 83.9434571567
446.716407907 76.3541513729
181.96266289 331.449204047
540.925362652 284.465101885
398.50244205 117.360376141
503.251295465 657.531441361
679.473612741 136.633855741
479.467618073 606.436329837
675.362310613 73.8309008776
552.501598498 97.9530141365
698.180052629 76.0054356287
472.274301891 69.3078607319
484.684976477 104.43274503
683.632021296 84.517304368
188.691068387 312.66336464
514.516343585 292.707189464
405.147565641 84.3065639671
132.010022359 279.671057793
105.377859664 309.178889091
119.773353933 304.139920109
514.985933744 676.815736522
612.603509116 151.429373784
367.517813734 136.948934798
167.617331153 316.49055869
458.172787457 108.709018859
671.711867124 89.7488702107
356.961440948 116.037356351
173.021681458 297.486208824
718.102140747 78.5144210102
634.557487196 146.486603168
668.196802358 117.063606539
496.028394797 609.148952938
538.976833591 104.229265462
458.751845525 139.989526105
541.906573404 127.91237996
477.513716258 648.007747069
633.091908003 112.209092777
532.644074733 340.481892669
463.712615389 588.75862897
691.00171905 102.617228181
486.734024699 700.403843264
659.126766248 86.4795928886
661.359655198 146.542653524
652.429363777 134.001872723
637.462853015 117.48149576
123.801171825 360.039997298
150.819309717 321.733440908
500.139652787 89.6483030418
500.996813526 700.277707986
424.875198784 66.6442088543
441.258401438 115.634765981
461.229647119 97.303667104
403.725108561 106.70046617
