651.415990046 99.8503553632
620.281208395 131.277761579
664.899673169 178.397854626
711.94554272 352.079413807
520.398945536 519.43682743
460.31885437 480.386789028
464.592933579 386.804652662
567.965741258 409.056905015
717.544219642 409.418163137
421.292239546 375.184679353
672.829554088 296.466859333
727.991167757 317.020251279
268.114496119 296.282976254
652.461973102 213.107986187
556.576984366 450.942060029
656.675436266 388.454019052
718.315032932 366.306201306
594.043362647 525.121420405
577.56867431 533.305528497
395.916125126 313.860449136
604.470456958 291.112443573
720.307461324 327.969309403
596.629384096 461.478831159
593.09128238 317.52731353
552.180559395 365.158423647
595.029588954 436.837144033
242.358071881 272.042226393
615.286961089 383.740935956
625.690563674 99.4689822292
694.086130921 375.509677132
676.566582037 413.272139479
376.128623671 361.643711206
588.004717825 367.303821469
574.200131283 359.037892096
632.967217111 284.100024006
638.561373807 194.09729109
595.419553679 388.287209382
650.215043292 408.958861291
657.242801609 122.439152604
439.021264386 331.192701251
622.901268861 421.931195497
561.537144077 510.327325283
701.478703766 324.852860404
602.659363904 332.416544965
684.607739948 493.575941742
342.320672497 339.094227005
655.044833405 436.888730731
621.674864764 464.789577912
280.652610013 259.756016015
614.312303521 350.098787039
677.561062395 271.587901207
672.934385469 468.368310679
704.687210393 357.683225434
716.231627332 383.41529314
563.978698467 549.162935657
659.422673289 485.942868449
638.48187188 235.15162199
652.812463595 253.678441129
427.545877786 298.782780764
725.875020134 390.816666618
260.582427542 242.722356238
739.774823512 361.523915373
638.724014129 261.953260194
541.035127062 481.286189454
612.088186597 496.926239846
463.263394782 354.246983515
725.635743863 349.644619178
587.674301779 491.09767264
624.938249288 529.627211595
673.12021616 232.451287958
672.390031042 107.341483853
672.979563675 354.911122356
669.207021106 139.782977916
502.590496991 358.418336435
691.84069665 287.334057912
546.59957842 525.027879561
663.234850644 157.737242771
639.273934808 307.756483411
646.07917973 116.225876614
385.233907397 324.323894307
663.730545989 87.61148717
626.913712591 232.991246652
710.753603881 285.487843028
643.839530935 452.190576617
644.71027562 498.916152449
641.892446719 385.17926206
613.794521559 257.416620474
697.029266001 265.491846956
708.207286871 393.087226602
476.275158765 319.519105977
697.174367539 435.107729571
692.777012369 313.287499544
248.02471522 305.795695387
358.163631894 300.113505479
569.818951453 330.529033091
365.930981785 324.323377757
647.793984689 140.916692652
227.071414695 297.148381118
694.91647433 335.088790514
717.455408455 451.749729932
