254.674844829 572.10395957
436.270028936 220.859293442
415.757731151 187.413712058
138.181107137 576.403369878
455.580629314 256.874327454
218.455987341 269.898248819
647.049470153 151.515648672
689.303202329 167.893504366
238.823665542 535.774466351
297.928596521 290.51300345
448.442829556 195.71407107
108.133940798 601.045803798
707.703575604 228.580631752
158.832117532 598.012630221
241.247876557 118.521635787
683.225755736 250.297189105
120.933935976 619.726288209
656.810503919 179.582242344
219.428666182 246.578738802
589.357569871 161.737230559
198.098782929 599.949952537
267.194683644 327.381675611
235.863613977 676.475955996
130.596636138 160.763696749
695.449373938 138.513960549
277.337707201 584.740114898
176.208159179 150.672452908
522.757731131 151.456499752
179.459759325 126.920153781
252.070633424 197.838053772
181.567107988 178.136421374
177.515641743 240.700016984
101.541152278 208.664883902
254.183946684 302.578308102
701.28024582 187.539249332
214.629226442 691.037113189
601.444800875 175.825107496
204.508614095 668.259256294
194.566857943 152.458702926
199.645246868 229.499800256
248.157649777 637.402966879
390.234702036 224.911210127
615.371402827 161.587040089
184.526606532 576.84495667
273.425792346 289.887250591
235.183478999 244.459383841
273.222483443 170.18871451
297.209658671 149.008644939
193.179725198 114.00400079
293.129813817 566.351929182
288.609683046 260.091250906
154.585274215 204.505334608
243.734834698 657.748881667
678.626000869 223.065588586
220.700851211 621.165404003
674.684838711 145.167911365
368.968780502 194.563310799
696.670990582 211.631214746
218.78834737 107.596944568
233.42729068 164.898041476
669.638638848 195.667939335
303.410239466 545.877882975
259.53580875 272.915821546
149.48043926 119.665056902
205.193277136 528.734215302
121.061449929 568.342951036
162.947458871 559.921221127
255.73788074 673.826130964
614.707624861 202.985294127
121.813495535 219.587083755
274.474222255 553.056821277
220.196539002 209.731541174
665.81654023 166.78907965
108.056059353 189.469180088
283.229738545 532.395350932
715.48406449 243.11931687
618.960665664 182.381001669
645.984705854 200.909714405
239.383692854 619.765867047
319.730821281 196.218222663
235.911909874 268.04165378
348.256703544 227.683509266
217.998311569 646.611708125
622.824732128 142.343053084
277.890296166 316.975564287
237.21141539 605.016964457
658.059349014 216.407934596
227.138377527 700.07475117
654.04659123 128.9148194
630.442624581 195.208693142
629.037641779 184.505468019
627.385256355 169.154951186
137.970761089 619.470260409
233.620722831 567.601975505
248.038086937 147.234848109
241.349823491 701.394916069
172.008179817 99.1221714552
193.910733785 192.173665723
208.230058147 146.92266851
150.858975292 161.01992642
