362.432675887 224.780748806
342.916696062 355.448201756
390.103433936 228.857260814
421.876121618 158.971344856
382.370118421 355.149346528
304.669967412 234.497525599
380.191304945 324.221829658
136.527998135 158.590099809
284.198917722 172.962870353
328.396079066 251.893542527
400.291640758 356.651290152
312.070794142 281.267519733
154.321058148 159.561911221
332.218835568 116.546584261
412.282985496 89.4643570917
335.649170422 644.290473029
456.48281415 156.90513698
305.45173964 343.17912049
396.926316157 332.93546998
402.934900377 238.729745774
421.854598003 203.337829198
352.853261786 250.360077717
341.607101168 274.268105997
403.622960752 129.611205768
398.368710624 213.80861191
290.718811316 133.880742606
341.965703881 96.0289581524
439.085348885 118.310903126
384.786095511 623.446187058
360.528898973 121.662627309
405.354641372 114.15997721
265.509336354 279.878787213
123.428462784 147.683537398
260.892217757 236.015589471
308.057582486 217.928229894
369.487272809 266.050852299
447.941036384 125.76721195
368.990451943 404.192675025
388.610730294 98.6813759173
315.89098985 138.664856342
340.782593215 679.632519261
382.961915097 122.495368643
389.558582272 648.491566723
342.400377139 142.231837706
428.675738305 176.351238761
365.369038398 549.303543705
406.606217524 99.1028512402
423.119383674 88.4546089688
386.172345197 77.9218366822
405.205910913 149.459223009
414.614729116 127.358049436
354.311715662 341.766188421
353.398496097 601.882550706
143.035120097 181.852225733
116.910467122 173.401232292
377.986843735 153.967266652
369.242395966 380.205149813
352.971679107 135.569943949
366.831633979 70.3956741413
552.759075562 499.64306308
359.410451527 656.048049948
282.049678492 291.044636388
434.488451761 93.9502025217
326.530567801 80.3276790834
660.098599355 528.682257788
271.304631574 317.231527771
363.335625798 675.582959938
329.946474244 381.183412363
538.634622659 480.555699351
312.385576723 159.360897835
328.755052909 174.816607856
351.156730514 177.191585616
361.859881619 199.921694622
381.020861995 198.021571939
357.868003175 147.401484813
365.567812488 577.609866186
309.323598605 198.240194646
323.809175456 101.928809421
103.44441847 169.632442458
353.53407806 108.567495135
364.918364295 89.206779885
375.510682168 107.527297285
291.584864909 259.355632604
419.94509335 231.541112047
385.68426488 385.761199766
102.697868366 189.213041968
391.493465823 139.768469255
338.010586792 224.188719146
327.622472117 313.392838184
526.834729692 497.937236845
286.928671102 313.764113615
370.793503174 177.560302233
338.343048342 574.57147942
268.825298003 208.524463021
385.751678674 601.150884291
106.967302455 156.285647438
356.095991642 100.212648136
357.911476687 630.779955486
381.41508145 573.033363969
446.592957885 197.935237044
