340.652703201 239.471024942
417.503463187 335.577125924
253.331425869 404.216636281
147.376562672 216.854864812
174.972804861 544.326348101
113.954948075 195.133929702
260.632365169 158.632555879
636.222769554 390.016252751
373.427799113 241.786908398
374.245540193 377.457883123
542.043103457 390.267562538
374.644694902 282.578836258
116.511877503 179.151209051
383.350116497 338.561294022
262.808732535 99.4847495995
178.293146359 582.289477876
391.235285078 372.04987058
531.627903854 350.326541943
199.856713048 416.868051694
228.711913736 379.096986043
373.157027996 318.478000228
496.068542875 323.658347454
230.901340661 122.495897131
250.177416175 118.720356945
77.1261364369 120.822908894
130.22238409 205.701832364
92.1257901357 204.082698498
320.856136886 201.389888213
297.519088437 100.557786292
100.589995594 118.155532597
261.874225455 127.802075895
655.978010738 412.979939337
233.773977421 299.811982634
209.982350208 400.427925951
107.368181673 155.771549379
210.662209469 318.148746766
431.917401062 370.879085915
63.9439028226 106.514736275
311.146373566 311.509303484
320.259677457 254.461028886
107.422906361 214.858154691
286.273013567 224.551677497
278.226101713 146.118959237
320.94982229 375.779146106
256.027612232 367.559988268
631.725513367 417.417630706
247.701830683 187.717923708
232.933945785 150.973135628
479.436204055 645.491079252
274.493526558 274.519466012
82.75124003 147.124143317
174.044544812 524.369915137
242.661159754 280.581732157
307.288408676 350.077934013
305.118115212 158.87057456
406.350111528 305.198529312
467.047005132 398.543840057
220.517902463 420.960234022
287.509975739 112.601534116
208.248719672 515.298830299
125.051850425 162.926520445
452.020009889 327.208928095
148.696306436 175.834561579
57.8573429142 132.985365803
235.485518917 454.207026245
146.17195059 201.813322442
325.631418497 126.885138319
214.850740902 479.993632413
280.402294459 313.473464077
473.564239702 297.103846188
343.611011362 203.270727208
158.323863781 564.075663851
279.046049884 183.301157158
199.644342724 499.440060498
319.184365058 288.074362689
343.94258672 283.284351669
198.209852871 447.75766652
56.1489535245 162.485940442
568.929095331 374.029779625
609.873339641 378.651325339
612.105200886 409.978374063
510.651569149 404.054163499
109.136948537 145.123225703
75.581585071 188.439060617
309.565531063 227.423980595
250.691272178 312.549899419
75.4192247117 166.140596015
187.304143186 561.512243175
230.464076485 496.321936367
94.6702255151 174.348590448
296.02865906 125.722829539
239.113455504 342.305143464
139.026692524 171.14343101
499.839872631 383.409658449
469.792253552 364.17164806
602.328503337 356.516659132
109.627772152 183.943706576
588.360445151 397.869634297
131.780315561 149.00990141
337.164736452 327.973833417
