231.018980743 373.481886538
232.656114074 630.772931025
258.618392499 317.883544014
262.274033108 630.678288368
159.423674271 678.489399716
144.502514393 643.676132668
302.78696227 175.650668297
309.618822719 581.506015614
315.756425357 606.887788493
153.705557452 594.199672278
644.449287953 613.880144456
255.650413238 725.25398031
126.399944481 625.488233475
652.38504343 561.286837949
597.696376366 578.880344667
219.182079681 574.240207493
250.949473599 680.213441819
182.885244538 627.436152999
175.949973723 575.419069284
292.132723731 153.928583075
257.014748638 526.166323299
279.57046914 624.685417023
203.919283359 606.005955986
603.946422702 548.846516834
351.970188166 582.063305198
307.642202336 338.715888395
130.957841941 604.938296791
283.604220601 176.414202635
222.96708366 641.576041368
340.557023218 606.143547905
221.181296617 495.377917291
138.110941799 658.513035129
275.033912266 154.053538758
221.502022869 675.921299919
274.841886224 389.863740094
306.695073197 102.970940841
288.281482213 197.729721058
207.665405213 624.22435161
277.945009044 351.88609414
356.871900677 599.677256772
181.866862349 677.722954508
183.7020379 593.365412708
617.805603419 614.808272881
274.035262584 119.988871255
246.052810239 578.081554964
143.480981986 691.51331312
236.276348877 587.392205268
185.178637406 643.610070545
611.334615747 564.208082901
292.080686645 135.733046803
314.93039848 127.483937801
233.955513821 517.939537287
244.573106543 660.637022715
225.256689651 691.797031957
163.562081957 652.413875836
229.108863739 608.194834353
331.330644685 457.886328704
327.911145087 102.415599107
618.379059953 581.458171296
221.525056624 719.271440725
308.851484864 215.64474805
242.376377656 718.215556768
218.169097401 654.287687252
158.304334852 604.054383579
168.706239127 699.802598634
599.061582774 594.398179121
249.346385918 692.592542112
201.982725683 575.728501358
199.060366668 709.032024406
655.411906428 582.689605645
350.608160361 270.094731195
452.791955671 374.309925049
256.799238087 339.000352777
379.332570066 602.460904796
272.221380158 657.70984735
157.224549593 622.097396405
264.998974222 371.789302006
291.62598442 102.684333036
304.625417947 560.51062831
325.835114743 157.003096566
238.060600422 346.937918581
270.058199108 581.405574938
494.441915837 685.092705272
197.256090112 661.740897141
202.304915855 685.098203474
626.814036707 558.646242217
251.807130775 610.485254527
517.146449321 678.450071797
285.706445864 604.655725039
632.990609958 587.489274123
241.925816756 478.530523461
352.447743922 620.353960057
125.322196958 666.524721794
434.686763783 364.288006837
251.068274424 641.78056068
326.88586265 585.487187094
252.655584689 395.929429789
115.448615631 633.530410262
327.067467209 621.114364982
260.944459526 502.629893375
