722.294652303 510.367245326
511.514914264 466.229151868
673.949297562 491.293737001
703.928287355 462.103150659
462.100026794 476.415468734
676.223061398 398.662272082
711.884971334 366.464103895
689.732102429 364.291107024
742.216063129 470.395728734
568.752211101 578.671594343
646.540046214 548.689402461
344.03102613 418.053461799
648.436238297 526.192889032
607.097471165 547.728780213
757.559807578 485.787031952
494.988405312 552.151834691
615.886796121 575.489025958
709.657964843 621.269717931
274.796481847 449.735195193
378.963265699 395.683103961
422.197396491 457.655424154
717.950516352 598.502871591
774.288086333 505.328283813
735.306617127 487.576248181
293.238263869 491.324039856
439.669181356 500.79756214
685.914411362 166.010299923
704.277718005 136.058722961
758.992136953 421.772846735
342.776130593 441.543917028
759.813004381 511.439269317
634.515001435 403.903395763
499.706283888 417.783862221
297.990830565 432.900096931
699.298019879 582.171920701
341.776790886 375.665702397
488.972900391 458.535035479
752.018653648 529.161616589
617.960588845 409.702573726
393.612650554 462.241110947
656.192226219 375.643725078
470.871624499 419.459221071
778.997912533 533.590796297
236.60443355 494.515628582
592.523425344 456.568960255
701.201129464 393.768202533
726.379824455 160.868049679
754.387969179 128.553151875
519.487633134 479.309908941
658.724890913 355.019121858
306.211896723 450.453524307
461.389036875 529.623389463
588.752058574 423.524342916
733.356510644 449.166796826
793.453577281 498.790333143
379.876054542 429.071998866
572.559169209 546.793695256
557.886282993 445.214744324
776.448455724 445.018740206
451.387647263 429.872605503
692.154753765 149.592273224
628.540922371 520.865250073
682.399063764 338.872188066
271.405978298 467.331317587
668.927730846 457.084859426
329.561311069 464.945908026
782.364283841 420.579051136
252.409159556 472.844167358
642.880722432 492.803771691
700.205140423 537.373157498
712.111841182 425.235245515
364.202599808 512.716673664
703.560206759 93.3315438039
484.574440615 498.200953876
664.510264368 423.33730125
491.093852794 517.930126475
340.217872162 395.529452884
694.156720417 120.867598877
659.064505073 325.78843673
691.835618113 379.596998084
706.986807365 176.083164452
652.976519457 569.680478225
688.09788728 100.933922982
671.946756878 176.928699285
734.675791491 561.453857386
631.14182473 433.591077644
255.862858184 503.775573484
451.050843729 449.614372402
543.892708224 505.165271755
688.241034559 130.444443242
791.37012045 458.546985014
316.711015807 405.049032276
723.091166199 104.68193319
609.452703305 514.375215283
422.951198817 405.930846652
732.432787469 127.566038785
405.183285184 490.329630912
704.270347271 196.89631612
703.592122693 109.988373483
233.163410751 450.350431374
