431.734857883 729.124219199
195.211705313 415.003537489
179.040811935 386.936752279
46.9059137092 599.006540846
230.248233192 416.380601306
76.593680684 450.302852296
341.988200577 202.549063511
402.381613443 277.863096707
419.768327192 697.530058467
129.69795455 454.546267097
211.052478558 394.00988024
36.2060498585 610.229972246
476.915459756 433.256437647
65.5584861344 625.044171655
159.242323624 102.838232531
455.998852815 460.0570364
62.906918046 652.403703442
379.172163548 316.876606706
100.621001967 413.890860426
282.616566173 200.561128803
76.8849337796 608.997365252
93.743848619 492.595474844
81.3864610314 658.287727158
121.637094541 166.795837543
400.986884255 211.054381521
463.593055753 733.995328302
112.302934779 130.108139453
277.603132273 175.648204128
108.319811176 114.824189064
163.906885913 195.33649476
142.821056678 179.328312761
74.7203351362 433.187860345
116.323886047 325.158002351
96.9102235804 465.598379327
466.397192643 386.003922046
42.7065053254 658.525573791
298.886375987 239.26942569
43.6033415128 627.42040009
138.039569163 137.866532129
119.188432991 389.394937726
116.412699927 652.253569231
158.016699105 426.9320291
308.645225953 203.581384879
96.8116154757 600.623361829
116.622455024 452.638499316
138.289735048 391.835488679
178.195488418 162.924193933
241.277002839 144.62412277
132.818562856 85.1438961058
474.731982448 713.863307087
137.106756429 432.481952848
141.1183216 314.30741785
98.351124684 646.441311551
448.144757132 429.790270659
94.2329224298 618.538609843
369.929841525 200.599460861
149.902708071 404.585956161
465.980633326 417.043850913
147.495338579 102.666448922
158.744969612 155.331212434
430.438865566 390.707082493
484.881944151 692.047368909
123.096475232 435.583727702
129.342533017 103.073535225
359.80281235 694.480541284
47.6036361153 580.159660057
78.2628400947 584.397311387
106.113748792 675.109335243
333.174891245 331.657349948
108.393436813 379.725110602
454.345438928 703.462722045
162.096502398 307.417602049
366.669799372 245.147010847
121.239373573 273.125404868
463.400087535 679.218736165
486.643431404 451.040217265
322.602194619 271.718822476
386.986929142 369.182887403
114.715847225 618.015351045
136.499483702 418.144114256
105.874237138 441.432456207
147.449488189 447.117575036
76.0683001367 634.635084441
314.65734387 173.455875246
119.146843511 480.948765322
132.076415209 623.601807434
428.292910022 423.463899717
67.240607233 673.515235525
347.07537885 170.334922405
357.718480858 341.860111366
342.15307211 301.140956984
326.084489809 236.250630622
52.7158785409 612.547172694
400.967606276 708.355919648
167.366019011 127.680662365
88.2273389585 678.266605954
108.964317474 102.054235904
155.359421406 227.310789636
143.499258736 118.27166407
122.270628121 151.347773
