689.388257719 394.785736909
639.645700829 366.600763248
698.680363738 431.30269225
761.992813409 517.401224125
101.844950178 364.827417748
691.963714237 520.814807043
656.823442055 508.613352624
677.632951001 363.592660967
199.695576924 414.74139468
175.052422065 386.410883897
709.267336201 616.363033265
693.023421141 470.771008813
171.28072104 418.623806099
721.148103683 635.21065594
126.488149545 370.510771895
673.421902837 530.63878604
697.603783428 444.581606519
149.442205887 352.268519555
712.377861879 496.527858841
540.372617428 215.412901411
662.234289801 435.358737491
712.095258235 428.584305457
703.645738501 458.6466991
756.52433189 579.285992096
704.15660985 386.779684552
600.880965116 523.989858997
654.225947345 174.168689842
648.844200976 403.41016485
747.015878116 427.812127895
456.733925096 542.92097071
676.238299347 468.126175647
742.997782361 596.231052172
761.879598083 533.735801399
713.167828142 586.950707311
737.270021033 467.839435356
746.654767255 559.240395632
657.68522901 361.559417907
399.19812807 527.763496219
726.225821334 557.419968426
759.815378784 458.531520446
414.12894361 101.090358155
687.079646542 480.136262458
484.416873126 537.647256667
732.837646546 537.637593244
685.344089428 345.617705662
731.6822321 646.748788382
209.72339925 611.996659765
732.796488358 448.351297766
741.410153887 621.721833515
765.232037065 476.910941392
423.495445501 516.465054722
465.691289173 504.477512834
454.22478544 517.892214371
142.224438515 421.869707666
737.888444162 503.682810672
146.589692815 392.032554103
701.44166143 588.389018144
669.823973954 400.551273859
724.971209759 593.450537366
638.889904393 346.139959777
719.9897686 474.101072437
650.211252004 557.820847784
743.238932722 448.82625127
622.265863192 385.100337203
696.948151924 363.113103331
637.483583497 525.54297188
640.59980998 379.270388188
452.986840685 478.433599659
511.734288386 489.617527806
670.816439667 492.899400836
689.553678292 560.608759571
716.950797369 511.280687603
659.879314102 373.350837956
704.215210534 545.731520494
402.914182744 487.157190712
737.169215229 486.210061281
100.916892233 414.716482884
725.548559839 416.945454358
673.639157933 416.330082559
278.173574946 238.099560345
672.156905126 444.571092302
709.437578937 479.65314723
439.040074443 503.093042931
136.023082839 257.147584849
123.233718151 408.736692346
749.63219624 487.056012854
741.627088184 519.455789239
491.663847115 505.81193956
734.614235207 542.860911358
432.68502362 546.467956707
718.26463201 453.236419934
426.015629498 475.497200977
710.525407821 601.797404702
226.890334951 623.160497206
566.996450757 503.988040051
710.324170906 521.729748515
658.658732251 333.840227447
705.702881958 561.231229493
121.05202899 387.161496434
101.464595845 384.730397324
