735.5950161 470.43397923
698.066233671 638.20378136
236.24669375 514.619332423
430.732023032 527.916261442
656.476909534 682.994272621
382.22937256 521.661023835
537.012763512 254.078502425
747.243451057 405.918782966
757.810687253 363.225271536
678.57546842 711.759594256
756.4101132 584.162804706
655.97889976 558.049900157
687.894967687 516.521902734
690.895641167 682.99368411
535.012061679 122.441873648
674.965984626 698.880791388
697.22528932 699.517788176
738.408516866 529.859069921
104.499811902 507.848920851
121.367489804 487.944321051
679.642967188 643.443346817
717.801456207 518.943595698
546.503065036 139.771499631
533.05478102 194.824876294
614.018834588 639.571153174
598.972374476 676.652351208
245.606719797 484.916157124
708.828184071 388.940147633
568.706742011 117.011667897
607.86091501 613.557549325
545.546728706 169.331628838
741.833616701 432.644479755
121.187762114 447.806794462
99.0904116771 488.969498215
667.05720017 502.208570155
99.0197529807 461.428079703
712.705770507 668.518190591
572.717364588 254.826374994
313.314156644 528.707125251
646.908836904 660.798271116
359.340827345 521.811338751
660.84348487 526.879366622
555.876708311 215.335642981
526.954849129 594.338630701
158.059005749 480.159056886
726.977188082 435.567546498
732.929708206 347.924515706
536.581637369 230.789896055
754.398686545 649.734709896
277.445119411 500.996894621
648.213817817 580.201151747
647.427472555 711.736646787
201.552042593 468.224168442
374.769963729 547.364406146
576.765313274 236.089936918
688.509183826 589.0770598
730.080987607 690.334824112
164.954945811 493.265744334
564.837941495 153.956183845
669.424494538 619.623004874
688.077250992 382.862023757
701.476596823 544.34811577
701.530691962 434.602634613
590.756651408 614.748274171
346.195399306 539.827442016
640.949195245 643.375611425
596.104613181 143.358832906
503.909654184 587.127676994
200.468225855 489.505495168
696.699881113 475.187228856
757.452433163 382.321452446
656.657519748 725.681638898
685.504427068 346.292948689
649.66101609 699.559268188
401.682768596 535.300990747
642.362763368 693.033026011
136.286236518 490.425361803
288.973350721 464.233000162
689.29014624 393.093157793
724.756522156 395.040058249
710.755550893 402.560053667
737.906218755 631.031285392
675.55205351 364.868357993
322.41115867 494.375920566
722.169693304 476.010216814
136.136240398 459.546563718
590.45187833 641.526699079
685.091523588 666.071874912
663.263736868 668.879421852
357.014257915 493.31989221
576.618663151 193.051215528
112.20330568 465.580148549
718.23719005 363.62970793
740.063855473 594.757551448
725.661646723 584.80233521
734.208362774 379.221361401
620.877236944 664.687129265
703.432819074 414.132576674
695.245879182 354.796965132
465.574775968 559.870799191
