247.189883294 708.431642817
199.692344913 632.103030027
299.447460891 364.795580861
179.159350789 638.795199336
362.61058893 460.188736116
180.1239144 668.467869896
642.599549612 530.523462621
347.0611132 530.709355709
411.010765015 338.537220756
284.602679348 521.218678545
220.848767024 690.642536205
325.530450451 500.482515685
297.391395877 577.0747987
290.399979952 296.193675905
325.539914212 464.556060376
331.221906088 275.661402738
250.190305141 662.939574467
361.708712163 436.825001785
263.062780145 626.587069496
243.999797381 677.46551371
252.785111054 137.725174974
278.498470137 268.140084672
665.751984641 503.566861694
240.716749919 227.897766383
295.171320445 330.187162661
283.811570282 484.42183061
271.816047676 119.634111083
254.152581089 689.909746104
387.869233743 410.038758456
639.530398346 506.83124186
213.968456677 657.700920505
258.401234921 648.128735868
277.880866754 163.30197373
261.046828494 567.983165172
280.108832957 717.535067558
262.837230137 720.133895085
214.374244082 99.895947828
247.737168559 722.74588292
651.365447283 559.619511638
436.276015061 329.412448888
245.599353625 496.61320157
436.090131949 191.270468547
336.53286618 253.147921646
300.163082483 644.877043333
280.839122302 204.768509069
288.827303378 450.10159956
302.636014067 256.34772945
293.336096238 664.942257357
330.653710913 335.697810763
367.055819262 493.630152483
239.318222467 99.3661549201
662.486186421 532.511283705
410.86527777 445.377953073
242.363227701 200.237330847
274.488966807 642.966933642
390.134092785 457.113969831
225.578669518 165.654674354
292.61792188 616.849258551
274.303035228 235.900104924
221.1026064 619.350733841
221.901144857 555.192429348
230.128439361 672.245647645
292.604222175 673.131294288
416.903184072 196.272587397
328.207526343 430.020139019
261.07156094 704.371461809
261.601014207 98.624455962
288.791566212 681.960742464
294.740342624 634.423623879
284.288104156 705.553109024
361.778495515 407.369253596
253.84426192 154.557000829
549.38629444 322.088545281
255.810246536 536.400923037
246.547894082 601.781242629
255.947202392 676.360722338
321.214086113 237.056145625
421.554891525 313.539892164
674.326645178 551.983473398
250.411731239 115.216342283
292.181370161 697.172107003
208.045829128 683.824364782
237.964027823 632.494148145
353.409856774 302.614670605
234.150197682 121.212555777
386.982887327 432.102793601
341.247497766 385.262601965
246.140330938 694.677966014
319.349084344 292.602864553
302.372197907 230.260274273
279.991696504 355.206216062
235.759101451 711.210724918
351.996682327 492.128391642
282.166866354 607.443348566
314.403052197 497.066005452
273.615560366 385.634680193
304.37327244 100.358869501
296.866540254 658.216848076
210.590317757 600.283159219
220.29835125 128.971520855
