621.524587646 515.546928889
649.007673618 456.200102243
620.998603665 474.386911594
725.122017613 335.054422704
702.525388618 672.231428554
600.318063465 652.923720741
678.248569343 566.929422517
556.246929558 265.263905275
575.951106875 314.225179002
672.686854472 311.764666343
726.231080117 672.623546596
756.471859778 608.255674917
658.094532732 646.076045859
679.006834332 99.9072706692
629.614521146 289.202076578
659.103531863 677.851043645
703.516845526 347.9693541
620.659473624 694.553637703
704.295800574 555.541527536
772.528836305 376.897658197
632.668184891 336.886969031
729.775792697 422.192976872
750.845520912 440.018719623
589.041585819 247.767623031
595.186282365 336.962637285
684.76797584 183.059796415
711.699063485 157.217693088
705.423751404 293.586106432
693.357938828 641.325613012
673.4754277 112.11582068
705.724927446 207.01850487
613.821378172 677.48567358
593.401873366 287.064987048
589.320035755 492.249865738
677.389402122 237.554822476
768.547905226 407.636807379
677.584868269 344.143597528
655.534420425 575.581094332
626.406322724 302.120432498
677.698058946 165.398332504
668.642298425 701.806122195
712.988375239 241.418961693
712.67384994 694.407053197
698.316908202 221.763469364
755.361849454 331.938015494
681.342542532 519.121207863
699.673371466 414.125522322
386.238933021 313.265910544
607.230643747 264.580550176
565.954269504 361.547805534
605.495835653 361.472877298
695.335737808 479.008104856
628.414221911 622.435155216
621.453535502 572.516198804
635.732554952 705.000002731
589.00170793 393.941680696
654.770690552 603.511451938
701.205150666 129.291066972
636.31291142 249.214897625
726.072344243 584.214107468
689.88442788 690.566084904
743.922870373 549.585831077
642.643212662 416.226262187
736.134924296 127.532528695
761.394091555 652.542457032
686.882363555 660.728797153
703.460109639 703.686842813
684.931518019 627.748601887
711.755913195 517.945713498
679.429698586 197.56967115
674.092879522 211.84939362
587.547862151 444.360667526
689.369274709 137.993647878
652.91638667 540.629164161
560.405698676 402.07746559
686.857206549 710.861057054
664.873586737 270.294991289
727.355461243 100.380824938
546.91594111 322.344047491
702.448029325 98.4027046537
726.220606619 179.886003852
713.835981254 113.339659629
711.503291814 381.420611996
754.20118825 378.979650187
742.680397366 698.449221454
532.185741293 292.200927914
669.574056985 419.347786555
679.181883424 684.790084955
686.762627493 436.753808005
731.22268985 613.91960297
656.051798686 491.99207011
739.198043363 395.413770392
701.95932811 599.489716366
139.929262706 271.276516636
722.121898661 630.794124695
563.314208354 286.042905999
738.445679896 214.648297312
639.2543542 658.539397645
689.895373479 596.759699072
730.800476662 303.011116417
