699.247265072 452.269848533
485.179153149 574.568652542
485.274593653 541.017429986
294.21449659 760.277190428
504.325263233 561.330345653
272.864663248 747.02985803
366.092292612 467.744786497
474.346087355 417.760742843
689.591309222 421.696691149
437.685218727 673.016738503
506.147647006 530.502136698
265.129373381 765.433151651
481.689381711 702.928966153
363.148051155 761.867099761
548.557261895 105.934797398
475.833016327 719.581753864
359.859144975 775.118606366
118.074998078 575.032523744
353.050927446 703.100706242
91.8143226095 475.209850862
337.829358872 766.481431375
412.466627083 697.353475392
429.885250319 760.125558867
375.92152583 419.10761928
444.029181515 428.357372548
722.21774904 448.425532538
497.834410153 173.91227929
415.205111034 402.500748565
495.80681468 145.245465222
398.773763974 446.487469835
378.215634048 446.371291243
277.333241386 726.45589163
88.7653204778 546.809973298
328.698030592 741.099724932
503.599165918 637.480779698
308.586866772 772.069146758
70.0855126608 505.863267719
265.814599663 777.700402017
524.780039131 181.822931157
372.800410303 679.341497888
459.533119859 746.876459807
476.12556153 601.387086742
112.289354941 488.213977364
437.051371608 706.333423001
380.339723756 720.712777216
466.00256231 562.551886873
547.332413547 204.3927696
561.367212613 175.261719029
521.696449782 100.428053142
737.915987751 430.637035373
455.023168685 633.650261633
111.173254782 543.178759977
443.247095727 740.386677383
460.833984086 699.685152003
426.895360314 727.032359455
418.638318845 431.896864884
450.701482315 602.593941803
487.616633356 682.457831665
536.44698794 123.391117154
457.501915133 343.585840455
485.11037694 659.347299833
737.489863597 401.831365478
389.970574123 706.776930626
518.589749692 120.806412517
522.600234411 720.174281481
253.900851416 755.495844582
371.314212831 736.928336739
462.788913725 763.900759087
75.4720950099 592.086001512
369.77431938 655.962484554
715.477059865 419.896601124
127.954592894 534.638701569
136.117943005 500.088321161
102.526485576 263.776337107
717.441460299 390.664230177
500.662406396 714.630631171
93.947245081 529.028485821
398.627331429 489.84881166
454.827709813 713.744319755
403.850183585 682.021862333
347.306970722 718.3090779
456.094877199 656.977605156
408.037957067 745.687461767
447.938721977 399.274373564
414.260843627 714.552438297
465.683290821 729.212191912
470.396052132 687.015318813
409.321924202 772.699065496
469.71083971 383.788592939
91.0614682544 598.712871331
96.8916989627 571.231444545
105.379250817 511.692082296
292.791002727 778.809306868
674.450976608 447.973471168
556.500386389 147.753577106
448.690205908 772.426924617
498.348608141 117.507088316
87.4702133747 502.636950409
531.698928953 150.498310021
432.865619697 362.251740983
