388.804091136 601.392234239
405.147082386 443.446728523
485.660378569 505.228857568
514.743919912 495.226208056
405.418808728 650.670981383
323.455201717 718.653460465
254.251073175 605.295190136
702.052204788 537.114735081
629.111713194 544.792713031
385.934608267 516.989306496
334.433744555 625.233416025
608.414044352 471.524811616
340.869055367 691.511874399
324.345292991 583.061002446
359.913371099 707.328118649
572.732302486 544.575464484
611.479589289 533.177263301
381.405807155 637.364259062
427.168694061 633.308300228
473.311353377 125.950675327
402.659525454 502.960402886
578.960664208 512.424900123
385.095852105 700.913169365
295.43678227 583.179032208
207.344396138 643.967661429
384.566673314 691.544938142
244.439272988 708.374646223
489.17462885 533.251626206
347.107782379 568.326792355
512.847824065 511.263413634
597.187679594 539.69227139
436.361671127 342.855191233
454.535658308 584.824570122
322.156021936 641.023984905
412.864833259 524.564757865
396.938231559 407.921154605
439.523531001 593.220546519
522.923149121 531.002793905
617.880707644 501.680926746
457.706294661 329.625909176
289.907898141 706.977843088
374.863646041 662.82853679
361.863374031 622.592994822
230.102249888 615.663113643
363.49608183 654.010121685
452.094760822 138.458018237
383.637735656 674.599528387
194.944259603 660.736675007
356.622671178 662.807765697
425.95835063 555.764250045
328.157426193 597.756657192
260.435090635 624.878855064
444.19025885 556.582150389
541.815600245 493.05191737
412.548097388 697.998261393
293.197286442 652.136793287
425.43827015 476.3115524
437.137711539 513.67404106
495.899409019 109.162522277
655.541688329 548.890693534
259.294130131 670.943074527
689.963592277 539.851557417
429.649119344 498.822847935
321.394184371 671.066993114
324.015359357 652.285601417
404.724895286 484.389716791
641.679823605 525.641457313
265.795926652 640.68461513
409.120567151 632.369575167
396.531583294 617.479960745
670.618716365 509.513337013
309.769273824 614.633598854
697.23095266 514.093896413
319.604070555 562.722003793
409.6729248 539.37695788
408.711033151 685.053925014
465.938023974 513.493603915
305.323237991 627.898281591
362.122810136 580.73762323
473.518434068 149.928490964
544.163740976 346.208174299
519.643493994 138.049850789
471.051640368 542.174066645
401.087581218 662.863616707
350.219331712 640.997701849
546.509864695 513.389207496
467.518597433 361.09013807
448.283244049 524.705923353
672.378303204 533.708433903
496.773610102 146.708274373
211.942328504 681.774829338
296.682885074 595.955071446
368.752116379 680.495215921
470.718726919 101.12544921
233.574560195 631.718325455
460.474923312 113.728898733
363.927989553 591.918771559
315.767460632 690.51860891
277.703252057 614.469280858
290.970430506 678.409291318
