343.807749863 132.223753556
225.385649305 246.480010371
482.427832406 362.040376102
233.877365098 676.949481778
397.498914215 322.570255608
175.923399326 653.850604143
287.831329068 206.29043175
405.060749672 120.62238573
351.474736041 110.45084006
450.905215126 597.481190822
303.858286728 384.007938414
356.130009304 169.182597969
160.802196011 673.153697268
461.593810963 270.886598848
286.155415682 144.646774441
428.229106169 375.277542626
455.616898406 303.566643663
334.621523895 99.5980445644
284.683336794 463.721095563
393.820838564 280.323261503
273.300616741 371.052694477
348.01506062 82.5365313792
424.324498182 230.74798439
269.765293745 180.46720227
362.34961631 250.597627712
198.308597308 699.552156053
191.94132231 233.246616738
352.693235948 128.31389499
318.187636892 92.7459344242
129.546363968 272.280644899
304.961296406 162.153721589
397.529728769 251.070454882
239.583976525 694.807027603
315.837074632 472.043547329
178.267353471 254.54881574
220.34352524 689.970111437
281.309993957 401.19991935
379.20513773 194.249024089
308.004991575 411.231875115
321.672781225 150.787626574
98.3510250674 262.59710442
424.136173665 289.459960311
262.659573737 150.238795849
448.582802086 333.800542296
428.997086155 316.108687951
421.17903845 267.810772446
117.269961249 290.048357988
201.369134655 261.613393204
232.297793465 706.955099184
287.372436819 425.661890921
397.59765288 208.139177208
257.37389109 639.967255456
254.014404895 625.443963657
468.094757854 348.079488284
327.118580893 119.405369519
372.719418648 121.428117098
478.046895342 324.974350864
282.388135122 640.837186866
295.43606645 112.026385805
259.492076357 701.18971355
180.290721531 676.989993103
421.165432271 136.242892009
185.423608407 637.941271028
342.761157279 202.346181365
380.462697015 309.302644846
165.717494397 698.230639261
286.629462546 100.32382564
282.557048305 670.07546747
269.236194315 440.974222871
314.680287799 79.4571604054
314.179740329 107.325274235
404.185510391 355.767199224
317.315736306 173.541790601
254.757887977 687.275336194
241.238014734 378.766788836
300.765325239 132.65827943
260.834912908 657.856642573
322.972836331 243.22763679
385.298988578 106.114777002
356.107889326 100.605635908
381.426273461 172.170931418
366.283059262 282.840072905
102.09167496 286.416958781
196.367143686 218.130215783
272.639766627 121.638122323
299.551851068 446.211709225
361.126109629 228.27945382
445.979538457 371.720074808
420.065658233 347.765787868
382.306858643 233.851052036
254.333279724 103.86002812
241.084704805 666.167327899
189.218087749 659.150410971
364.73437609 145.127864478
423.413464467 180.070831344
370.172222713 96.9236905703
213.756946786 228.567489018
388.309440269 151.598699623
112.612534418 258.27245805
252.831693055 402.608683661
