599.361428786 249.422558922
533.07679974 125.830113891
534.963392896 213.857203605
508.538256216 617.436077541
423.291875936 135.574986956
382.630574972 300.866968355
614.843246419 106.663443836
607.419287701 86.2800125379
444.992916855 699.973080836
574.645156265 291.880773915
448.936744451 654.891349777
323.567976959 64.0929243829
632.483258733 227.332187377
387.637227824 198.642855691
605.114888613 206.437764024
322.109229237 109.680216148
403.976838353 240.159178301
510.59819178 138.601919646
484.162510248 103.454214347
500.512607039 370.984138257
490.319441264 89.5360101854
504.870997166 159.693985766
576.625876288 185.865212341
429.975055239 299.98990998
480.90532927 127.12569838
499.248460977 108.17052576
508.16661522 166.141255966
560.169681485 112.284902324
520.991702258 381.471348454
309.985473369 86.7242697673
428.948760327 105.084769265
502.171988086 687.059071747
514.806872052 340.36672176
393.438526984 209.778112669
428.47759488 678.335710677
530.983919019 158.796960692
440.30659685 255.759510863
457.78775204 679.711693649
461.500394126 602.321868554
222.382882286 355.475187274
576.313325758 134.313691709
571.234221119 107.29219497
563.611613805 125.351048719
493.363866025 139.202499497
574.878460217 100.241302886
441.583059992 626.131063906
475.663447721 256.827916419
446.85347012 293.632569333
470.103302502 640.068204449
482.112164738 588.157047649
529.661995379 142.217555799
483.237082001 118.028509892
409.002097834 201.976796033
623.453776524 256.768115148
591.53643633 224.082965829
642.037370634 241.448362988
404.352005184 318.101576837
428.444649114 214.53949595
550.464899891 184.20651632
513.785812827 92.6598870226
482.869623512 631.222387953
520.773609749 255.273757056
527.857954783 356.945310035
491.127399156 128.783722228
369.15472682 81.3913558398
294.105761877 101.615997714
562.002104574 147.161691145
341.362049227 51.2080917027
457.936256759 122.038488234
403.613270713 275.336349924
462.986798091 699.071842803
417.903635971 588.303710669
451.569590267 138.633455946
498.127981675 123.555272355
614.329901448 271.151695832
484.600372352 699.802736026
338.028962084 74.5192000289
426.956169425 325.427825442
502.734898518 240.598338639
398.466287653 100.211394435
586.606533954 112.43648025
395.975864164 169.737641749
460.674666779 160.123386911
453.046711909 571.064535856
576.336712167 259.082106151
471.658566878 666.818590761
294.68773583 64.2365115663
537.429175761 111.102955692
472.472052028 143.172606974
417.021593742 171.131774793
494.406797348 657.233737185
307.652392552 47.6871711512
495.128168791 150.691858053
332.493231167 97.6145371906
463.955354736 96.1623039753
489.527220054 186.236518297
547.705001262 94.8842902376
463.776415407 170.608106859
466.742890605 154.405218232
514.543677455 109.557910775
