270.006597521 678.328313528
381.380952757 506.749446896
159.243576127 545.327480821
325.258059721 459.244806088
364.603072135 462.172344767
345.143390406 495.787856282
617.7115281 512.593707834
466.971856015 483.404152033
280.749070593 473.791674722
155.177482734 474.099996207
261.123422925 470.091028641
188.70175199 496.73371503
378.894957795 486.221910144
105.227303278 526.415086246
190.017470926 469.075013389
268.582937933 380.997979474
264.85476595 425.86231317
249.088908234 393.104608254
532.458886771 544.87969275
246.84429615 631.917972033
588.265234559 505.260205364
130.158879353 529.43827487
665.267103313 513.424131209
225.733690307 418.422616338
131.031147361 561.632290128
167.859020818 451.24909132
646.659697044 524.318562357
247.787436904 649.543354188
509.496390815 504.303630743
495.302192051 486.762706443
485.422873897 523.929796945
305.876740447 467.419802371
628.081175541 532.66189542
226.664043739 512.336223152
396.314198759 536.65907802
281.687036352 687.242377758
304.215224191 348.275086606
247.869665126 680.616803033
676.123058306 535.799894074
454.951729197 537.480077658
159.715199613 581.396757156
699.163152968 573.433962077
348.073286615 434.473251065
301.019266447 499.756578857
396.375615757 471.940349142
185.268542009 589.892064459
236.062152584 443.197657251
614.080215131 561.823749336
156.135567543 528.720283118
255.066325255 502.824094452
371.108282145 428.045514065
686.395264644 525.628537919
549.93347845 528.589128114
285.241921264 362.426892184
324.995514603 490.90041279
330.633351201 428.087370855
137.743646113 508.432442551
361.564556813 514.583077561
237.085023808 477.744927541
417.9415342 486.487687382
160.258194498 504.369294657
283.177483982 643.100152307
510.21669571 549.582140267
590.896056072 536.651924177
191.84431066 437.413173298
273.182630021 653.971489578
438.629892742 489.813726389
309.307081543 655.225383779
420.994322137 526.070052577
294.699813192 666.179677482
218.3478883 476.811596782
328.73572947 404.025038051
699.527800042 553.002321319
137.483888116 466.612503133
350.546449849 475.182115489
298.608608615 524.643553109
248.308324823 369.756356856
647.148477536 552.649401738
700.517574558 533.973716555
388.040909817 446.996714636
671.525347521 600.207847541
306.508175927 435.937690026
473.221039428 507.290651069
310.126341301 400.114053063
349.039511881 388.879202975
294.774053458 400.269911734
216.414338584 402.364803061
235.004059573 647.152211207
119.781274066 507.003762783
324.738374873 372.98192679
119.603393585 586.117421335
255.070837307 659.498497298
195.882415141 520.552223056
440.075372885 518.500227269
238.916138129 530.928115
143.089996368 606.195663097
671.857667895 562.32697587
281.605637865 448.55156176
197.266761089 543.948518583
277.979268401 345.694737285
