259.944608935 123.797928953
655.295009178 232.904946441
657.936537212 168.84277128
280.465330862 176.508101481
674.031804736 192.822014464
246.103856237 167.071231988
522.133745337 163.545208805
631.531935137 185.1170278
241.952649498 103.055996964
555.463670604 321.062070473
674.093257459 160.035762881
251.594543539 181.276651536
565.889548354 477.660946268
496.898911255 200.029452781
481.76915925 97.5620891202
556.514023419 499.103615816
487.433280017 219.613363108
449.95637596 497.363111392
506.20708302 170.116899513
356.885700517 418.023587021
470.5440364 198.037756087
526.382521425 349.830977175
514.014946934 477.75413158
572.333392479 180.211523817
608.7161266 220.115953147
272.601800585 121.934624816
421.679539787 136.508551238
583.468447792 210.257944337
428.736609387 115.430693657
563.217319925 222.80338739
550.10822797 181.510330925
238.210904584 142.665320284
346.903286441 476.465353605
454.630152466 176.727218079
584.930687641 372.902300833
288.874161253 207.849530357
337.814989433 443.271589103
232.593459871 195.853000808
435.787302887 146.807588299
537.307860526 196.532773504
532.170742335 521.221820475
618.155181649 252.769456731
439.308141199 443.783068058
539.751558059 389.851570184
523.751577671 283.767920642
650.062782642 187.724186929
456.128787159 153.786176645
464.475441373 139.474520444
449.203884741 96.0474973528
285.31264933 103.984217637
580.340639567 273.558951977
388.689956986 473.637668612
520.910835359 501.300798532
560.826248921 438.438973007
533.246198361 415.844231396
574.404096355 247.00477117
634.157445381 199.554186127
578.124838199 409.968869351
473.816996021 109.033782426
615.079033665 162.544925559
563.569700544 366.24366714
278.196042933 87.5321667398
523.402364158 236.290920234
445.322940027 110.935209018
552.248728302 517.000831153
214.484276968 169.86623728
511.169898234 198.604926827
528.967029016 548.51021372
377.075996188 498.32650699
530.906148316 169.360334179
259.205879344 98.5731712633
435.733829384 467.911443239
465.932423422 456.235736957
105.186546122 242.267332688
247.074206894 82.5215713567
550.824762402 543.2018689
361.751948484 453.428938372
538.969435131 226.364136313
535.853990849 448.658397702
542.595044155 259.767346081
473.884873445 161.957717968
543.401927363 375.948359032
508.952545922 425.811562709
602.139748371 194.811093414
518.629878942 396.734132976
541.263210614 474.319444908
552.641572224 396.329593197
479.50254518 506.344479703
636.524220263 163.055836499
425.094061154 504.638032236
410.875503715 490.912296636
414.753646895 454.6946751
260.523027679 196.426046417
236.087486318 127.266676079
465.721631554 123.501703022
508.96733143 534.000727043
425.304486784 96.3138898729
383.883132137 437.660631053
442.986462254 126.685692408
594.564230824 170.075605682
