375.551188156 490.190099082
505.143264892 237.076544703
337.53233775 252.292028658
421.63172845 184.658574751
471.23151719 169.628041306
443.452623351 229.288488879
642.798368656 97.3103586653
551.619227817 98.0395113557
372.896484091 193.233133233
113.347990049 79.7982553252
352.084017564 194.323895855
175.318008588 145.211931775
485.932925133 197.035982849
100.950269046 155.927803446
138.700830816 83.2309904709
313.268950649 134.420035928
310.497887888 151.889695989
285.482166618 129.48465632
568.147407151 233.071261359
357.095501805 433.362905588
615.922570167 109.999067426
121.574010625 156.131966567
676.178964917 89.7611489416
198.313603506 109.156319328
317.312626732 259.230328417
100.454557749 92.9649472846
655.135834458 67.8645401724
357.935763013 457.455444617
577.858403723 130.724257391
585.426833795 86.0625820301
569.934786398 148.923650125
390.622470986 191.2643607
660.838950644 106.386283386
332.134883441 197.742432663
377.792092974 401.760123523
381.042898316 509.67221588
354.756345758 100.774120325
344.158928887 506.936671284
688.344510802 103.075964288
550.097992832 174.930719377
379.885443047 301.252100801
689.864556076 152.491980348
447.31395356 156.947339156
397.455198743 212.336368547
502.730306531 156.54088272
392.697914339 333.698112823
267.464735578 139.835566953
635.910217719 165.912140494
150.68854828 161.261923864
371.904558208 227.61669545
464.855077434 129.98477527
693.197677812 70.7059676262
607.124824779 138.705466605
327.884756092 115.466676324
427.439725697 196.191494561
421.608688398 146.714584366
122.159093196 133.577566833
464.023825809 245.378623463
308.190608083 173.1547247
509.882210895 125.824845825
143.114467337 127.453876496
401.771353798 454.096084187
591.665690123 176.332524849
634.073206081 128.428256872
122.477177135 105.044945733
373.781599239 468.580121622
518.067639376 98.379945946
437.412038137 458.338420992
521.549410936 165.391548633
397.996929793 486.263419746
287.21421774 158.097489251
394.678017196 142.076823239
700.36880822 113.525872344
99.6412333202 110.331133681
456.189940311 189.102573419
406.226333613 241.476040296
260.905185763 99.2461530444
657.251871952 127.641393494
699.683654531 81.4559129294
482.866189837 133.214038443
649.535440277 202.198496406
382.305970151 158.114841812
547.263500784 117.031184955
363.713437099 125.344536372
429.715126213 117.900509655
338.607256551 129.074909588
163.784140291 109.898139096
335.658372212 469.629538623
99.0114560463 122.76572626
376.02662325 85.53881758
347.530610865 321.163142996
353.643203277 491.994106627
284.243499946 176.767023893
534.694427761 132.602118042
370.216482613 251.672676891
342.399262392 338.630350182
677.542163493 131.62687464
329.193975568 154.464001317
349.061418301 236.969866867
296.538182348 95.1682535743
