662.023665255 519.190821955
681.808968715 472.945912167
398.924290541 486.766665736
487.679426872 453.824642944
564.261160025 447.713322565
623.474090036 468.00638996
657.166851782 392.381665703
625.12126533 386.258294196
418.392522625 450.063921089
111.331189253 379.544273844
377.775606244 449.10567767
174.492305525 444.577668831
633.502577641 457.678768707
100.810572188 455.529599377
146.409607176 382.700750243
279.013488815 430.731695775
270.85975177 447.523285009
240.577019576 424.452135964
702.072073767 474.796031169
637.934219521 487.541180836
651.16336766 404.070656972
119.478498662 455.773863481
674.02184287 386.749455193
186.421155777 401.224090377
371.338612722 487.996962066
107.338396588 392.577883318
663.29594069 363.9728679
635.507542164 497.930509204
645.388784864 419.918043683
639.447150919 378.497690703
643.380507231 437.525605216
448.00630943 449.719464504
668.146668373 402.459059409
359.269061855 458.442238223
642.669038782 480.787934805
670.680868364 533.341452396
334.740142357 393.928161045
621.759648755 514.114908012
683.62396604 400.047734273
656.899941659 452.236142796
608.553710076 481.364241062
710.666939868 440.873438563
515.355766542 434.021705112
476.169826046 472.701126932
607.164723868 437.113881713
651.440691839 478.021020682
215.45242866 434.108754773
690.518663925 452.470430748
150.843604009 460.923773787
445.41853712 477.3847079
490.740373357 419.02633271
683.836553096 368.555849671
652.598885136 431.435839861
298.556028418 409.886156652
531.552623931 455.861884509
465.162386545 423.639063851
117.003571462 433.253330565
658.022888548 467.035491696
280.381601632 469.676811316
607.343941603 406.946687093
139.495873322 427.180096646
677.932263289 498.222706195
667.644634835 459.697002498
662.730612142 421.979033199
120.904623307 404.79589637
660.000018149 497.766098395
604.638001176 383.509073697
713.574429089 500.078618474
634.758746058 441.76988759
687.405306602 509.892702576
251.682925647 454.756031726
420.13473897 417.588370692
703.978354406 408.420416732
99.5140471272 410.078246972
598.332117508 450.785679044
574.856291041 474.80540467
218.856588672 394.956229803
673.671440233 421.76003289
692.578938185 379.058060468
542.4597448 420.951535525
713.767501838 454.065189597
398.85094753 433.33453066
626.354499481 404.430046243
356.706704956 413.203418985
448.221119277 404.381010922
324.302913246 422.617421126
157.515862793 409.369486738
589.192768521 505.940302088
100.433647743 422.302922505
351.510497175 369.492462479
552.78234593 486.456874465
645.758093174 502.072262062
239.199738777 470.275211959
617.199324601 419.521777438
515.959445292 473.798183981
511.298012604 491.244257295
687.638424873 424.985930594
316.894060652 451.748990577
418.473824026 473.293652792
260.994491409 390.834711608
