172.871447011 120.669992533
534.395871148 299.67859287
473.651107794 19.695539212
104.033656011 107.082437832
598.45489492 391.00649884
512.27784929 261.915697661
491.209858546 38.1331155916
673.441457619 225.87190739
146.077575624 83.6081372422
737.957302812 436.411184613
677.801008395 124.106640272
103.231638438 127.63596538
717.916270528 286.756628735
130.226052743 129.040689546
477.111632402 58.058500635
718.629141025 317.570957262
98.7939598783 143.995309039
602.362797803 289.399497293
533.887299797 248.337932916
560.763156435 323.999316528
159.18085003 138.118329178
696.317993023 480.581059913
715.311193128 672.99351869
450.271709178 134.138017052
685.114478367 204.826042924
199.200869658 139.748629267
635.767958006 114.074037153
586.835133427 252.010434017
490.783742087 109.251064571
508.915046466 287.703255528
636.691122945 139.550276983
483.531902538 228.637133993
398.669561664 163.538076702
696.423543114 439.511247912
710.902385403 229.78079267
693.72464774 675.086429769
515.712314799 74.6752134833
683.346852565 650.483170177
650.654379414 110.381486754
616.208081313 182.625169859
727.087914189 631.474131917
515.74487455 311.106200644
679.434554333 177.456048372
121.381973019 112.805327287
719.009101092 423.351530015
589.667345035 220.608089292
657.745463318 178.95259681
579.723360041 133.867083416
529.739585662 126.615689493
202.941735805 122.637182842
731.450571341 388.658043506
532.98773377 192.924566171
722.888875621 653.774353359
728.647418362 339.655940201
698.527208653 594.391726928
556.494900609 68.8020235239
665.59743013 105.05902909
694.312583607 254.575494193
465.590053041 36.6999150557
557.526564762 247.228579786
652.206536349 259.799880001
207.959203536 103.956690472
702.557397991 400.075069113
487.992364348 141.723526294
128.967839087 69.9662807048
85.1867946896 97.5165843936
105.569654639 90.9753092941
734.654301402 672.888202856
580.351773538 362.291994452
433.690113508 151.779184993
174.09374618 106.537868971
651.436468957 154.554626627
539.807020545 84.6941978104
412.111037287 134.359410303
185.249954261 90.150724493
721.419997463 256.450068836
623.578827506 359.363318823
676.224180421 327.500900282
715.225495586 599.39500888
544.411289381 273.246377223
489.516784272 290.224727146
514.193654393 324.66646392
696.547238479 633.345408829
557.684672905 107.861668467
713.584017638 461.94407002
641.243380156 573.964287689
584.679781646 88.1260839314
706.564579602 701.545236345
640.907353221 224.238545568
707.147379795 351.695568126
644.69334727 349.705923354
610.146586239 324.352900698
116.984007869 146.850123361
145.420420483 113.403393608
664.506695055 151.877878833
720.603354955 696.77388348
452.639838608 46.6617587288
633.711670322 171.658148195
654.540092677 135.818661573
573.124280396 168.680453917
