204.972498166 684.021306279
443.248739369 643.785661798
180.613302542 760.260632658
392.533901623 610.962689757
272.578114726 735.914952973
88.1506722584 598.164791483
121.162821145 687.478002361
261.944297532 189.392055178
310.027129681 721.588146902
207.268608108 580.936366267
143.63903117 653.990987592
232.851842166 746.775336942
264.169363814 296.224700099
584.635570283 646.244237707
317.261773857 676.015416065
674.729061303 623.52876234
583.248359309 625.332812924
368.758677264 636.700333377
354.256227399 703.954676725
158.731029557 613.472126897
688.141449508 648.698673241
610.131252597 644.575277374
242.078109192 640.499290431
282.851536829 314.275992823
280.759366195 148.819709099
284.338893593 206.728700881
162.161110507 577.539400237
245.835868453 312.183010586
472.259541392 659.17931978
160.400610969 686.070122046
101.26507582 647.559755724
256.767239699 337.286966022
274.97993058 132.962522678
283.210956694 606.657584384
173.780782299 718.058401135
179.767229138 661.548752826
368.975469791 608.806202367
97.3476682328 673.957677286
290.925426426 634.088795479
147.376283543 552.223224224
253.226831181 684.515710131
192.14462611 742.468810336
280.032192098 106.111870153
629.888466728 631.650081538
699.170140067 636.862190382
328.392814171 158.108525783
450.263003566 610.432072842
616.423564631 668.423703979
214.535226501 420.173236319
231.615416699 409.966423686
416.367725246 650.5076851
221.371772964 666.021407237
229.186173111 726.791656123
125.133835236 591.11059726
100.504800369 596.788605606
198.636905935 644.342432561
472.148328608 598.40002147
125.119263809 636.845810009
216.398908664 622.935816943
472.281936015 640.920718122
252.184888517 389.789490566
100.433893642 619.824285291
663.778276353 611.891421798
377.256222364 674.339453163
325.377899583 120.846066393
267.105878204 635.044700654
150.333088645 744.091335264
497.339001505 650.027516694
310.08595615 144.388750503
391.477444495 644.52043607
279.322439899 670.344628289
698.272857493 617.94844796
299.788575608 124.179869317
279.601925627 334.828174279
319.430389872 647.740889669
312.597165302 101.072345308
120.14544999 737.737421595
658.953226808 646.902245755
235.467480674 390.887686268
276.788602522 715.247823523
313.723838829 627.046601987
113.391244412 658.46941651
429.06594049 622.688581717
119.50274529 621.314492933
605.553285721 619.124180124
352.087531075 669.730425532
304.294241255 177.607409086
266.341589652 371.832285056
334.335545331 611.859663671
222.60599252 386.659008121
281.439577613 167.424477971
248.691058945 356.561357032
230.074470943 348.769047751
642.27023687 664.773230515
145.797610546 766.940588165
255.093683725 217.792495942
334.241206492 704.886283036
351.409695099 647.254635969
83.4432722512 633.65971391
367.527952134 583.55526665
