482.204900371 726.738402081
592.090071722 753.839341041
183.762877955 790.787670852
272.5014135 743.449417088
331.505030551 719.614017782
385.995640399 731.699532252
613.359775754 734.452230147
556.253032378 656.396442405
228.181690663 772.911077098
103.317627409 693.582547112
191.209782253 772.812699143
105.170905827 777.169715891
413.136370388 719.324958933
93.7280931196 791.551123133
126.955020123 693.30958448
149.610914584 741.441465211
134.770990562 762.078879228
131.94906248 736.266141402
676.906785844 782.238077168
426.935288419 746.13524135
574.682656497 688.45691294
96.6954735938 785.490029838
658.901491087 746.514525649
117.848711178 724.762337129
166.820399616 785.968384613
101.546665184 717.791893154
674.60078591 732.18697199
401.208443689 766.390188894
576.211278899 709.152286422
586.741990639 671.707140512
460.010958848 634.826934417
251.883318895 761.307212241
644.001259117 749.552799261
169.739416823 772.405747667
439.079630538 700.4434627
515.833887515 713.313798424
190.921156915 717.08411693
371.803582044 774.005130425
681.082467142 753.363877122
533.389234357 701.745671312
369.829236674 754.162684795
700.264865971 771.580233539
293.577719824 706.125488218
264.294104318 776.612878559
381.460897838 705.755704462
474.220686203 670.473362708
125.160924361 754.315251169
662.384996414 772.845296043
106.856557486 788.924831685
230.686714292 783.01280043
281.010707917 696.013215786
697.816199364 735.289318559
501.701851456 677.264550478
166.46250822 733.127536967
300.954417059 735.405082898
267.056455227 723.896913797
91.7178318251 768.581800666
511.500639249 702.96718753
135.747353326 788.336858441
504.869931212 649.017844248
105.997279486 762.306354704
555.196485545 723.826744922
555.434541013 700.247117838
627.765996275 756.158432126
98.8981823456 736.5338592
505.97815934 715.952877376
535.507827388 635.932977626
638.391207244 782.398915357
442.280388269 672.867627985
611.843180895 772.263330028
133.10827378 775.867280826
237.672360417 732.847280968
702.557843049 756.5108725
88.1330849472 753.831654383
366.548854515 733.243280882
333.940573628 751.367521804
139.1050493 718.791497144
658.501778247 759.131620379
708.730642819 740.156736003
318.466456922 694.194473178
715.98845425 773.276976499
216.320979106 757.897102044
558.986928135 684.248954436
199.815121077 742.993242054
254.417611454 703.225387573
173.11853527 755.691547059
107.569100632 751.623062716
348.072035395 783.416068235
73.9862344538 768.50359034
296.705971998 554.076138273
312.675604945 764.923865234
463.307118663 720.482551546
121.173155445 787.820380475
529.940327359 666.991034716
288.200937084 762.486770619
286.148510982 783.378760536
692.343628996 763.556690528
157.317238042 776.078604369
209.385924961 781.401354807
155.585897441 708.124437156
