252.453949773 675.980668589
678.061751914 348.555476265
493.256726206 356.680888385
511.879706402 325.489068753
699.346054511 70.1049409096
670.228634435 88.1914849748
682.927061017 266.104374162
668.964741649 371.166877556
420.71110135 347.623810722
528.035278324 283.942940794
378.124472049 348.431239225
132.998144714 377.552990392
684.561887968 96.2356136623
446.42606271 370.385706047
590.693986266 248.85151827
453.293835302 278.104139297
336.047964562 293.648026624
515.61205003 300.641051231
701.33704234 363.721983018
613.316724114 332.65674769
699.281623771 410.157765815
145.143501795 384.243415397
685.150744785 281.494872107
562.10038551 265.407381672
181.228653008 646.47477142
492.065724569 291.278707815
706.01305783 316.628371242
599.59759788 363.122359633
722.333360496 428.22159708
720.820405774 74.9727984733
689.679955557 414.775101021
405.344526225 320.463350763
686.112976657 239.313971807
363.201929835 310.317276673
701.759590088 93.686346591
255.43782761 657.555113901
598.726686237 273.926823755
583.768487691 348.081955575
697.888840143 317.270949669
690.501166352 432.997179436
582.234253465 321.599310216
718.567810809 381.039741638
693.438465618 36.1343215854
554.369262659 393.056791092
650.681314952 379.583128605
670.767316207 436.026783277
179.957033541 346.800104259
688.400149458 371.166731692
502.077412253 408.008469001
522.841742576 374.706202346
649.766329486 323.433794904
699.833475643 270.646332013
639.141059794 332.157566952
532.357326744 316.693654259
597.199277272 296.989952908
682.160250659 58.3533197245
119.580316198 372.674647195
632.572802032 358.681527154
500.094221384 380.562463073
664.240052728 321.598994101
163.049437399 356.062035943
689.976569987 449.549163517
706.635217803 440.29262552
680.181505341 298.606258586
151.566967359 333.187515971
255.680744918 696.588293156
663.035136126 245.361423628
677.596008378 324.887412271
665.473975207 405.455258754
693.076997582 384.893084903
323.846926103 314.489452918
560.739277015 281.165870793
716.308431677 316.783609223
104.337261991 351.557767016
559.540918604 316.590258195
544.213930837 330.07388084
647.013336175 88.0556566647
693.796753861 328.774320057
718.896993896 335.562377376
663.050550833 266.519175504
702.25926951 341.754729375
443.969090174 314.083652382
656.027946477 304.934059256
467.187048699 297.655694542
662.853450474 72.7784387601
430.041795406 286.892952863
130.184815073 341.589404842
561.247472763 364.86573264
102.826250777 371.486612817
705.488957336 51.3083000101
517.90710794 339.524698517
620.248691611 312.296589804
342.767151672 324.702732144
634.782514758 400.167002939
483.103493985 318.737378926
535.821307638 359.665043146
714.036906545 402.957478925
466.886192787 349.815322873
520.517724972 391.364371707
661.529158494 52.3125769741
