76.0587860274 118.007793588
666.838358313 66.4339564503
664.243427484 9.21272599794
123.489095056 109.754143785
688.66710363 35.0401742756
80.7814561808 136.438208679
386.889670693 35.5689172365
612.543391902 29.6545183099
57.9595683064 106.194038206
379.689512587 279.900489023
687.668011993 11.1781480162
93.4590254964 132.691007938
376.319006327 479.722952978
346.723141377 91.3628984603
300.217815132 79.0480667537
368.042297468 521.167362371
337.172755934 110.06735906
331.134343489 417.197369851
360.107969443 59.3198921636
328.656236574 248.530099538
306.220185205 126.33871536
355.294556363 283.907323776
324.836626769 475.356474068
472.08968997 49.5279385821
520.717096014 75.5182258744
87.2915441697 114.281074036
235.455448081 130.883198891
468.124207362 71.6966971253
242.051285765 115.058392045
439.226550709 82.6384735908
427.803641799 50.9990653895
60.3616636864 144.206874055
301.698431836 326.596558321
282.435318528 146.844358753
399.58728385 343.661438361
140.223417308 129.828671449
304.779161922 277.754589112
74.5254089908 165.21568638
251.428376305 134.880257314
405.17692627 66.9686991114
346.22123676 557.618668426
499.655793016 109.967882874
349.703210731 304.173407915
359.066500046 339.09249663
448.019758915 210.842425507
665.010963649 33.1347596863
277.728565338 130.692684497
286.176319452 123.538748702
265.343631203 85.0243245816
99.1747770007 116.70808696
463.729403143 124.239965192
317.821973665 342.151048082
332.448991919 520.478482759
371.741440195 422.793651559
350.642623404 369.203793617
461.673106748 95.0664939882
643.959913523 42.9345286825
391.431585296 385.477346863
294.639004443 97.6653968834
594.737351537 14.1702847445
384.75661413 309.871959657
93.4202071654 97.5843038913
379.13872972 112.982240211
261.428818158 103.263127806
365.801502146 551.190132664
51.5414252789 162.632602041
369.598140155 79.2101973501
343.312428516 586.304498827
303.049434846 371.441920674
390.123287886 51.1608988359
73.8661170901 104.564675771
326.222825038 366.639540251
336.145051539 400.420158916
100.7426286 251.247328089
62.3820414298 90.7875167481
364.122389755 573.56172583
312.794912918 296.531257566
404.910131202 93.4519819528
346.566525867 443.312884213
413.893066487 120.403285765
307.123408406 106.28863945
364.425157028 319.837510656
330.876057675 380.788897733
557.630200954 53.2384105568
339.063484953 341.483753579
351.611843947 473.832349388
366.904854674 362.728524034
301.782565042 506.694668869
639.384573926 15.547825149
311.190353818 431.918476115
308.243388349 390.142636424
326.169022122 319.965224464
102.594393399 141.574341788
58.0691120296 125.505435275
286.510019495 113.269627183
322.446931578 564.107429182
238.365615947 98.7847555142
328.133317674 277.385816067
259.508292474 115.251406228
540.935599507 36.1639875792
