538.928951629 200.145465693
597.720581839 499.367620884
322.993675399 181.199332559
473.336410337 197.894476352
559.983216809 647.242254334
445.102627648 180.752809948
571.760702865 65.870845022
535.040874662 129.646143925
578.200121514 90.5713746944
574.416230429 700.428853937
581.856537151 418.042364893
529.917485436 366.926450881
531.110405375 282.064029133
587.04728712 640.431463123
626.340127151 29.9235819006
562.596750676 686.41664262
588.307127707 692.346270874
558.662024498 306.612313693
114.929274056 158.625743533
127.648535881 138.349033279
577.555540582 529.521202001
549.778448872 273.133622634
633.029523984 45.866825986
612.340031842 69.4302726479
547.593751532 570.514018351
522.718123298 649.680830316
324.565421813 146.854999238
499.107084499 109.615026405
657.447794677 40.8611895125
559.857810756 503.404593056
624.52376433 66.9219709765
531.278177681 158.693097784
118.165559469 98.0319776859
101.663804707 139.368381416
508.99712873 262.834055463
100.211207166 111.878150914
597.416622326 564.527352183
608.570515296 96.001071913
391.851774418 189.711452431
553.060929219 596.315937483
425.771839663 180.552132147
514.390122326 298.876368454
622.058077599 90.3902107756
494.504918202 569.792847488
156.835275918 130.433424695
504.13450825 171.799403715
554.354900579 75.6347254495
585.21971591 70.9085483133
593.831054144 522.74495128
341.101237516 159.286804298
525.994124063 402.579339488
532.265976208 696.931994373
180.798235694 119.37077389
439.866842488 206.618768128
638.75493131 104.954150745
538.659612282 424.546850114
568.648731582 671.959821365
162.423426523 143.536091589
649.785815548 69.770982002
573.644789971 482.261320404
466.582744441 113.286994207
536.718733722 317.850203552
480.18719324 173.529796893
530.901656044 534.241148597
410.453384013 198.256189404
560.65999188 554.373329791
671.852381732 64.0123094294
478.780658141 560.385444194
187.129495628 140.59961202
514.95378281 233.14673635
559.876086904 99.1866287622
545.785467049 701.440384993
505.854720756 62.6006996403
544.30770491 666.653071922
455.98019662 194.599740802
519.784824417 676.639515554
144.562728493 140.854089186
349.335738702 130.98000547
456.921821318 134.725261548
521.351564558 110.883170538
494.457153533 129.030068438
601.171002045 472.829914234
446.385670142 101.454689442
398.295692672 154.595119858
532.225159932 238.621449869
137.767175092 109.727285025
522.87920768 581.250029487
574.093784097 592.953760962
561.797748898 626.262973924
422.448095102 151.663617771
647.036641809 92.329144235
113.778115794 115.966910044
523.520731781 77.0490232423
575.645846789 444.79471743
551.233601181 407.337071444
533.81508355 94.280795438
530.609370494 618.721314538
485.925741994 143.597712376
482.131752288 78.2592925931
462.069650583 545.241455636
