304.808711018 252.100702471
242.601904747 157.045172079
293.984199393 228.830198143
322.977396783 180.139539924
232.111519019 142.353216946
390.066888423 148.328378786
482.538981305 135.455827186
440.030911697 143.864541248
376.638389931 181.587591236
285.790637095 478.520161391
328.108652902 309.441866205
118.02903425 212.373499727
307.524067172 282.836980073
312.522105481 419.718955444
407.765170203 182.023506076
244.253543082 246.388541804
303.761742245 473.560074209
627.317583801 500.254093362
75.5319041784 122.477957812
138.465329913 195.836329235
212.535081557 115.563868445
619.141136954 476.708752581
419.726802209 189.194908964
315.595184562 203.494746019
91.5668383907 180.676488445
212.11661595 182.149345842
370.931418905 129.1262268
385.925407924 122.44650983
419.709942103 154.69891296
103.420115711 208.469429961
328.857741492 223.164525945
334.268306942 158.239273652
270.172012791 113.32996829
97.624645537 127.738758508
307.028537236 494.957484307
128.996092947 183.465419155
259.559996459 136.374987611
360.010085518 226.512852496
302.38467829 151.043238772
191.875988084 127.763308102
352.793333781 168.991516808
246.891661774 106.599655793
415.787625445 231.774738145
50.5801546644 165.30187265
256.928662138 199.928595746
394.831521706 172.35055054
444.932964174 110.887913515
389.881768401 102.209493848
252.289147801 177.721284102
344.045411972 149.589326107
107.591959715 154.843560798
219.955975762 218.076545116
276.466610373 151.588245596
363.500748287 171.176536418
431.317209808 175.083731732
136.043572711 219.74594698
284.668801901 452.489511641
260.185903409 163.882450687
443.601679788 169.185052898
228.34046026 104.896279292
335.345110893 122.960919123
284.043373679 309.429252772
374.84155613 147.788916632
79.2460888187 157.823054832
269.908593652 213.940694378
95.1565025512 199.496133134
468.087917951 160.022801395
76.3122535373 179.156495351
270.983753822 269.181508089
338.193294039 249.542247235
352.18633441 158.492453029
316.005317985 526.991739099
352.756502812 98.3877455372
228.76827535 192.645942648
305.57671059 167.925323256
232.405542956 231.669899913
114.542433205 197.806765459
309.369492619 121.650295001
333.157827273 138.770789041
406.014688266 144.747133965
466.382674447 125.243754287
309.987379181 459.758651929
306.157461908 106.565581286
345.012881344 138.039961531
325.116967105 456.475182734
270.160084591 182.440983932
63.3268254081 199.196578962
229.088842126 126.162387853
243.376841959 221.986211367
289.767846866 134.300650808
402.748384369 164.625627394
111.632904711 187.779439425
404.234926167 120.29277053
276.598599212 290.714081784
208.242250426 99.8485680762
333.154609358 110.212273542
193.656131061 153.089577325
421.182756906 124.568901439
353.830994553 119.976405369
61.5274204464 135.10315548
