388.762556118 565.342154621
291.030046943 714.358826905
351.885247158 569.152999686
378.123801136 530.612669349
271.543237943 750.803341223
335.753965551 336.859947334
370.360312006 300.931098337
350.306466809 290.974776625
415.008019963 538.603705219
293.221889755 776.433353406
333.741275143 693.117219015
245.989008672 706.768576616
340.810384889 658.469855876
310.403263023 726.641272885
508.568278522 672.187910449
271.962703419 788.314536325
319.225320069 752.96686268
379.378022837 657.6680672
197.783509411 711.988372719
272.56249608 656.883159111
257.417171086 734.785699335
385.277036504 633.107019489
528.275820052 686.143751303
483.916677205 692.073359249
195.819515204 759.958723906
250.75662857 779.734086251
337.52807401 192.555564442
354.768547468 145.720995618
552.348756388 662.569700941
235.897054773 734.415827717
504.401485106 694.707278915
324.678553361 488.309983494
284.266599693 629.212159895
207.904138913 695.769109554
362.70546293 617.897070866
262.110959501 626.734953516
281.096815838 718.365510963
499.664098443 714.335035856
311.331490116 502.088348651
253.177701017 753.292450567
316.036953003 306.764025174
282.805930689 684.703449769
534.201239318 705.35002764
165.686782204 756.370082158
317.220286168 601.500613793
359.709172796 330.3537742
377.245371118 177.552904555
468.194121178 144.132391898
295.152433106 727.916032443
317.865562659 283.789771932
216.178771339 727.883419622
250.929997225 785.824233168
313.710956252 573.737387505
408.088694811 520.819775436
566.294658486 704.531750325
256.13076825 720.963708569
301.000012361 754.897314964
314.199769527 646.694077182
560.039993016 678.604911148
289.739212716 705.50792328
343.653268915 168.928755237
323.147858438 678.423358511
341.733120393 268.083793388
193.473596726 736.210950565
354.945298928 544.924116009
226.391752829 756.482484298
585.942948405 669.363870194
168.663456565 738.32867111
344.722974522 626.702707949
369.25537919 594.922464346
392.500918916 505.510576596
227.978967646 789.474968819
354.136994174 99.1371740127
274.969078713 762.856472461
353.421453039 516.67265533
272.074034888 772.992809226
254.063014567 685.915968423
344.905548859 128.866800667
325.331676612 245.633869754
350.72497738 315.826322999
357.704064899 185.24486756
334.709880791 709.805121038
338.743838105 100.318432883
323.778463115 201.533447912
401.922740248 595.485031703
322.083954187 533.991999466
179.803469203 775.292920015
278.596641627 736.359311063
300.19457801 740.325231464
338.953805056 145.859975008
592.533915193 688.401483152
234.609691903 657.936094675
373.460328652 113.278833373
318.067136882 697.430298983
293.471490108 699.057642694
382.807833275 134.529532886
240.255883593 772.892262007
357.364334486 224.190265169
354.245006547 114.960280899
171.583563768 721.933286232
