101.051337131 347.705219558
421.004964382 451.004204428
67.0159719351 601.533921587
222.860428627 376.149697965
70.4112864887 226.27208496
52.3644674307 220.090997564
98.8162824725 261.845667015
490.861524472 428.853057861
7.38260810433 648.366875318
85.9891111714 306.298472361
16.4823566355 701.179510154
102.235324591 409.237744518
89.9007103139 235.140415975
39.9869330517 698.385386716
104.762727493 273.815970131
130.59780753 354.756221914
175.330673595 411.25036192
153.997131158 341.771533282
625.098330908 376.731705677
350.256436781 411.403228953
314.972474113 451.311337799
121.509825385 399.619889716
156.780464707 272.503451735
84.762514362 279.600588021
107.39243206 363.324712515
105.584074541 327.87488428
511.409593301 386.769920435
346.604188354 440.526685029
697.002989796 411.238095219
302.288338069 294.908369552
213.266262394 540.263463633
48.2884823504 619.124229423
98.503394021 250.129787951
38.8932529666 595.941756355
552.862371414 274.725495831
84.1646258753 331.442616502
109.889545521 294.888983647
286.608665309 390.579595024
481.814396033 407.742277659
632.143664083 409.956615951
346.34011062 373.384211237
693.564423041 373.545222394
75.9095095799 189.983129817
377.177976327 450.205908095
448.612516475 481.007274703
64.0838128747 699.869772908
70.7330514726 350.137586919
514.118936159 423.852984897
48.9680702325 658.515088215
235.368869808 454.726336568
389.244934106 409.227534619
123.09208831 264.599084666
395.344131092 439.085080866
120.021486297 332.639336845
148.214386739 310.292799554
64.9522289101 207.124788396
90.1120785294 395.119421796
460.346160325 453.19261728
60.4894962776 634.438960488
436.233291688 434.130092622
103.985643755 390.178993449
203.34900321 573.168928202
673.541686603 408.828767819
442.835592394 402.682644457
94.789597157 359.62940997
152.40476627 386.633918445
66.9071180735 243.210052736
464.31938935 426.458039415
203.498897259 555.192198615
679.277481705 393.297291909
25.693581225 636.192808821
120.723838007 304.875295261
617.06225598 363.688852102
68.6198207813 390.4383071
211.386381359 340.243977227
172.78143023 339.677076732
16.2443466428 199.494133265
599.135379407 389.88491551
666.842866037 365.787919167
91.4230325876 266.141727032
644.108767828 378.135340903
172.81561653 464.822343786
417.734236926 418.862432562
185.731343417 379.703473108
32.9525188321 202.106832173
193.761636152 437.532964216
85.3895295732 388.112388711
314.62936758 426.033415007
95.042625826 423.053142579
98.1496981392 213.278965662
204.78304313 460.399461479
371.255143133 399.165559687
11.03360522 667.556465475
64.9396214645 676.724500326
220.584870592 414.17542678
266.415341089 416.063634716
660.491611589 398.632169081
34.0487081304 679.60338727
291.671537465 437.932062516
44.5180834827 191.696228516
