254.023399369 780.523302396
256.16033539 501.100579289
474.626334502 667.720129601
216.958471737 449.71174459
489.925361258 700.893053687
115.367355235 661.59582996
104.870027484 773.167599439
194.35828755 798.78845101
493.426135821 659.359041832
269.661176848 193.305833058
126.133437818 713.010645272
529.631522492 600.664694408
278.937814076 137.425916723
255.492079718 452.670814709
497.292780256 492.53772349
263.411641025 406.370242159
238.491885183 437.39813679
524.295419315 585.68156016
510.036215122 680.382596861
330.831927624 736.666547985
312.588029871 413.194528703
254.031589404 420.845402093
143.154107928 752.766300919
294.982243505 113.87466907
181.316973799 726.917804839
259.966428182 157.62814874
500.56082742 153.296686358
442.649855739 536.487831478
562.376137248 580.877553234
110.679265839 751.07144473
106.67715529 700.284878362
274.794431831 179.739232899
185.800603574 654.547787612
264.582342609 209.095232336
314.351833327 788.125631838
143.427743312 737.93199347
320.795516633 174.318556397
88.5468333951 739.786871822
148.846941821 793.975380163
518.871594687 145.84236039
331.48997194 778.302037143
423.817916711 641.754053461
197.204991592 686.978462516
513.285803137 253.400647193
285.086987018 423.050870272
270.06003604 125.945049018
282.952472742 243.670850036
560.479691451 557.181749423
173.54768526 686.103908736
216.510699142 785.311307267
431.201983811 616.730932808
126.074389613 770.072991399
347.847829253 771.502856976
304.708914175 136.8626994
475.728749284 519.212448046
227.349908246 768.404422914
296.36444607 206.692949673
160.123301551 718.426553581
299.793332593 174.681605098
240.86005783 480.080282019
290.909860317 773.316083083
130.290851859 682.299337125
534.286580086 254.477213889
504.596962539 642.723427634
452.468516071 498.545438361
306.273471356 766.513874911
455.707471259 649.857757636
538.13937144 561.523122823
314.680167581 722.264870258
352.671081204 751.86791744
501.92701036 563.882638819
291.675593325 262.859652405
214.753201796 713.776173673
285.421436093 158.80624252
253.997721715 241.93942484
294.807696308 752.692881014
432.813561935 670.775168307
281.690788603 447.406264903
177.693651374 790.096684545
456.000127432 636.764762372
475.663445942 545.91356978
103.042031488 733.834567831
235.99366211 409.916900521
149.054248103 701.735030462
306.500750875 230.573309626
549.269838016 602.189488847
472.221044204 498.293741565
330.689194342 750.656543594
273.61160573 229.252039213
152.428834826 668.088073569
193.279473918 715.882258161
200.622763191 753.283542059
181.759061914 769.609626371
285.597829434 485.575618728
454.708115332 684.550895025
236.271868717 750.61902302
485.991376463 638.810088331
508.587774516 536.555008792
128.634580341 346.483783783
316.075481263 154.895046682
