492.341008015 548.809661043
512.686675043 515.836917011
541.820689067 220.541058107
272.09114447 353.583813567
477.404505425 642.537546207
121.456629354 321.151451784
508.278662993 535.923193587
416.474717276 114.608406673
384.154235696 110.922634251
471.790034271 298.131057694
539.722805738 362.331955501
504.206997598 654.553901301
339.851677175 374.096224611
465.299961617 173.178815808
413.981162867 167.385670877
99.8830557395 340.338705743
200.943124255 306.608352558
330.952895709 393.369552454
458.090878794 550.130638643
488.653405717 239.558854895
511.135163451 276.726305807
531.291866279 283.360743305
488.865331593 288.487868053
438.700723874 113.563567577
387.101753908 171.106993842
390.754979447 156.175079937
461.503544383 272.044504151
446.909895006 246.722602963
480.532387635 518.610982577
482.84338874 159.67536452
227.855387365 320.179765211
172.280127111 363.158776578
461.768783262 239.07642522
509.236110501 629.300791437
454.684234897 213.201962733
509.221279918 219.175450279
442.290301053 266.746636737
357.257890871 380.522399345
408.657331602 206.515756256
455.014591731 145.436008562
139.922202319 354.344373293
478.978968801 276.561219207
513.006364991 364.643698778
466.300502084 224.206733997
538.842434456 267.848970784
478.340098668 668.552162329
153.445601072 311.399265811
93.2088722452 320.483404681
437.375436855 132.01651717
415.580504874 241.595210343
496.127271149 309.859591994
505.967261415 302.547825062
123.343536404 345.95243057
259.32884595 380.630097881
144.825203449 378.746335281
105.615931007 320.554504392
331.97742295 181.965710184
420.324397195 214.082173007
440.726857658 168.363871249
480.189845314 699.790837486
459.379704832 527.221816011
497.886141221 677.91544412
128.081208199 311.344925883
491.36411534 260.455824638
459.154620034 690.397510648
526.326605997 350.037926734
358.722736928 492.493947136
488.595701074 331.739282413
497.544321054 697.597226891
481.820601471 179.474173257
436.584799584 193.356717977
348.905729933 182.91256432
462.777537237 200.264848996
510.176966128 327.791426879
201.858384219 345.881921537
338.90679064 490.234189888
398.710616857 184.787999696
433.467568871 222.415143184
397.151142854 139.15802549
478.042326241 216.378466568
466.489351229 258.79425209
414.920004779 183.288888879
515.328407645 319.01195835
243.926418766 363.311070881
447.594341401 667.98861028
414.066429439 145.094840736
182.561793586 321.877502257
498.249450768 352.265476593
539.296065101 310.541980849
545.803165235 343.698033033
527.896264667 194.151008792
338.415425971 154.796235973
361.988476002 659.102689687
381.514586398 203.952801687
495.834536387 496.003806767
396.504153815 122.048911572
491.192520916 196.601588657
160.355117784 344.811158175
528.566709819 337.69197676
511.594817726 250.060420324
