161.11326265 401.311432454
777.726321825 557.157413268
745.690577102 491.262032553
646.432450035 429.275606559
774.316328253 511.197609774
144.169777936 405.992940089
789.949721209 327.446090394
740.595052284 531.58810226
121.770508505 385.452584895
755.576670128 351.656007498
758.196027139 497.225969476
372.64690014 339.863906931
714.088932985 506.214379664
762.508199431 207.557578331
752.434069414 76.0353467941
755.857791174 565.828048708
762.115938071 287.280894508
375.747839696 362.336864609
768.383296015 324.506164654
752.975938449 304.324016704
759.731175646 237.713680529
754.289645065 332.981698936
420.874466149 380.402121415
729.64311646 412.128411311
753.920693766 264.114847718
469.221311731 334.943048562
651.599374526 371.976812255
742.565597608 431.48552309
735.398163702 314.525234581
729.379411413 431.795537552
709.758771377 406.325302979
116.009138602 397.060336597
681.504097098 481.448800763
185.203873214 376.287018596
397.880188588 299.288922247
699.045440435 475.667166713
396.596395815 314.674417168
161.646556692 417.980268399
688.028190654 366.404775538
693.411289239 410.884746504
739.534717629 650.299256097
751.220008973 446.196465785
738.712048833 358.231267114
693.622001996 438.250103694
784.192283104 309.815705949
770.260985869 532.040900333
690.891157502 341.209610447
715.569658199 353.610356509
720.948697507 96.0495171464
675.410424538 446.892946341
722.38093663 463.779233549
667.281315922 457.377800067
746.019339955 616.417587058
737.279475508 569.85797861
724.376439268 514.527313041
750.368307583 462.828164824
775.737028676 582.718079126
712.071388022 439.600371238
738.345383379 89.8917801976
729.93311434 485.966330813
721.20628631 370.845987713
184.657482228 396.885154903
718.77432045 385.384886244
726.442705367 158.005133882
769.958071174 604.266590222
89.7602036907 405.121752443
760.65987034 368.250788498
715.184955539 595.881556914
101.770897701 411.295797779
650.425304663 387.423610941
141.364161189 379.126196636
439.616520176 334.867960428
459.301004893 361.456473566
490.051457498 363.46520935
161.145569128 365.960258815
766.47457032 641.951620277
427.483674899 310.870223076
665.614564828 396.486007875
701.598460349 507.102692687
704.620044925 418.762285138
757.083405451 102.579874698
694.459362272 380.676589478
401.242130514 339.230614673
790.225653927 285.361233785
710.580202111 479.419844783
715.593731761 540.886889276
700.339090126 450.510136227
407.955097557 353.373379125
749.38708242 510.833375757
388.278748968 391.379248865
123.99839147 416.516531147
669.298101822 416.792491265
202.202581392 400.337719598
100.653297184 378.706461193
734.999646215 274.583125762
671.670138209 500.597656894
730.451159253 114.648819285
731.779157763 329.892549948
735.982171338 234.802024795
781.32994782 259.675992566
