626.059942283 546.926850012
547.793262937 632.980377715
662.452983374 585.049248485
662.686928268 559.625165776
570.213150753 642.45637927
600.299979703 560.958223842
639.294988889 648.58337306
262.951989284 576.139573809
590.964109836 450.330064139
638.93421585 620.68315057
617.56843054 640.723938305
524.928152485 603.028730564
294.92120302 569.276928275
567.403495148 320.558135205
524.92975343 94.5684027432
495.178264335 690.48872571
704.857325047 616.04100584
524.342852508 625.664213541
657.351842232 641.931448528
669.138118392 630.409409235
694.597027532 617.857646988
656.212885196 614.168492472
577.088020106 611.632352998
531.931837427 178.370101281
678.007124684 601.661177872
495.370001573 289.103633896
492.444656932 228.974618333
553.468039512 164.032056631
611.447632085 670.020656913
529.638243727 256.741961197
530.977064064 138.115202563
497.069688428 588.24811587
211.465504465 529.683009634
539.560730465 534.110245223
588.781854027 535.699616834
613.020506141 615.138010013
666.095702889 528.266560841
489.592613487 641.626858394
512.508843961 128.627443541
521.731806999 294.058726441
516.548157021 696.997002371
546.927256192 238.115685527
583.894227651 686.985731575
631.639817766 413.070211534
679.242385718 632.797052008
515.847070595 666.186129131
526.698276079 109.282311478
545.245580816 120.801121121
506.787723331 103.27483002
700.787219513 465.43841569
721.005871993 448.404504886
565.678499726 619.633764398
520.225816281 678.682793424
283.872132248 590.053184896
218.718135189 556.436489056
554.200567618 274.331038449
541.522973548 647.260673209
549.520611674 293.405437236
493.049375172 115.131430243
510.641118969 652.817665195
546.722681437 685.673128947
517.429643289 608.82442309
556.530523766 143.70514778
492.598340902 258.578284678
554.053500927 657.637927511
472.698913906 612.987652364
567.997923201 694.166147887
518.306711418 632.960912387
476.902141733 644.382065703
536.97497055 316.156730096
610.947602975 422.895156356
652.581511377 439.55596929
645.895207133 515.74246858
682.271568604 445.84026993
653.517894906 423.61254727
550.516336726 667.219130706
636.89603345 444.918743263
516.207536055 268.972273034
175.205852221 548.846323298
522.524283639 229.423687625
495.831505611 146.380019782
516.233038809 159.818159859
572.893737102 587.267729794
690.20311843 640.573313204
602.069067604 638.851314018
190.163454912 559.001617145
710.007083774 427.001785949
639.678781951 575.589839182
549.616690621 604.49424406
451.476053536 648.342282128
501.942322233 610.718512289
688.221936379 408.699896235
491.403352501 669.999452585
555.308901249 515.74356403
598.295495278 662.818302315
192.834614055 529.344512482
513.089358116 191.43931688
571.230247983 676.613808469
580.11280906 657.612719775
704.67561485 631.729802543
