384.779240288 648.565182476
459.49086665 597.702456848
159.726276321 665.201003936
417.879392209 535.343143509
467.290803081 523.809972059
429.754346596 580.611762033
633.046394649 631.568832062
517.907262226 589.155743946
358.706622432 564.741432694
176.806187884 592.097044073
335.494098639 564.144789496
213.941566433 613.970581795
465.491601388 568.799646616
101.002203474 646.039184475
221.892979586 584.578838852
384.287639106 410.475191656
364.421783828 492.431924643
357.704704087 436.227209485
555.921375546 662.017454103
359.324113243 603.761237678
608.635580533 623.469935726
125.05959058 649.265421018
671.103345833 633.236891194
301.750624999 494.190729829
125.948594137 681.472826337
196.173778067 566.850011143
654.907840743 643.969121506
360.770430494 619.080643728
542.323486053 618.919760615
539.818684147 596.513582103
517.734132349 638.514566298
388.698174621 554.03855755
638.859228924 652.084360156
270.965595903 623.800362934
451.214097445 642.526589121
398.999328937 667.018198858
421.519190013 371.801992957
364.262870575 659.726612099
677.865941176 655.731032721
490.797789231 651.351812845
148.872819449 700.767189451
700.205252418 693.296561137
454.525352943 488.978036526
379.839300921 588.465462729
489.242647173 546.914997802
177.023938763 708.722977716
303.355252108 540.95142988
628.91243352 680.802102064
163.654375644 648.372936309
314.748545129 606.658963755
485.308933714 464.399677884
688.955679589 645.432490001
571.742818802 646.222930102
401.638629518 390.379712465
403.592634266 581.026002041
444.952029554 462.617387394
143.082164798 628.191582155
437.632943287 607.232846924
294.87317343 582.822348306
484.458831939 585.573657957
181.262618693 622.447372876
396.339914924 610.594367352
539.547139172 665.415187662
606.795725867 655.39851504
232.564163294 547.483799439
387.561877917 624.025654772
508.086149008 584.746378114
425.848190627 635.949549304
472.01180029 633.995680242
410.347382797 640.533332853
260.191511066 589.115391569
444.659744483 432.987254377
700.746954326 672.791511766
154.596281216 583.181287568
445.496561266 548.34218335
381.115133513 605.250281829
364.828589686 396.738448087
659.23659362 672.007519731
701.397126664 653.697810345
492.987699017 503.554650328
679.181788866 719.360656535
409.354721402 497.507403579
515.114346566 618.996472118
427.962303393 420.557793753
465.911296146 413.772270649
409.825482383 432.14924377
293.16712431 463.510064121
349.777706438 632.240155812
119.714713741 626.846335064
442.119201534 396.057344353
105.225588117 705.158159601
371.675730342 640.087686927
234.816251329 633.98708656
488.982719839 627.02308469
291.010023817 638.858531265
133.973594462 724.535101388
675.907311172 682.195762832
364.822620342 534.744694528
209.509272347 662.89281637
395.667217723 368.084769389
