167.803090789 740.266317889
699.904242703 771.942519934
652.061514069 734.740312341
398.06351503 654.827418372
704.170051135 747.884885442
148.222401091 744.622838106
473.385546806 268.45166583
618.048232249 752.986977347
143.678834527 723.041237344
437.249387169 332.121685159
679.232644486 732.717786188
305.851206197 666.744386724
448.314348612 684.804300913
459.505438617 210.363273853
447.488012407 145.040364966
454.209807828 699.518048088
443.662378708 239.528176743
306.84801741 690.648669038
451.626145121 263.102361816
428.213931103 255.815370079
441.542396771 218.633510248
435.914287274 288.578124393
349.519972656 708.559539976
481.303267645 609.639522276
647.061898177 91.1872062127
369.522447065 643.422562538
362.831059704 461.313654498
510.538045397 622.934624019
415.588070778 281.1783008
483.492651687 629.797993157
456.833887984 613.959663772
122.887207537 736.312470736
421.923089 677.284017958
208.497000914 708.824641126
329.45790943 610.638664583
446.36898243 668.996738836
319.728257713 629.355498327
177.091417799 755.491365395
395.155604161 452.028185365
433.348601694 616.438868005
426.0879311 724.644435417
530.059091166 638.573741453
424.275699762 348.231719523
448.107981451 650.737989906
663.297935428 104.703874308
681.323343099 758.624970423
377.974570707 326.235316071
405.220622728 347.136203418
416.924304709 173.856008461
423.873452111 659.091901589
492.123635355 651.513934942
413.836857911 667.741904247
430.04258548 711.084012394
435.697898304 698.520203865
465.253180872 689.319333057
514.314242459 648.837414342
663.303133619 769.943238495
475.684959144 646.034333312
439.356745226 157.125621207
619.863884664 732.369883481
421.752528858 434.106822907
199.927348935 732.539703884
430.253435878 460.894911472
426.620167689 213.206118651
459.313514192 709.937288072
102.344576114 744.169524699
449.321829393 367.171130766
405.331045738 710.090560031
120.924503066 749.112069209
401.836453837 612.810715141
162.083801271 717.341315872
356.418182098 656.666607428
368.072077255 675.343479754
378.888630306 657.776595236
178.866887683 704.193616866
461.628136478 722.816183084
361.544763065 637.258532825
425.196568691 631.161975773
428.58694362 685.336656184
467.128980246 632.641105719
456.921086254 183.295797481
407.168049953 476.216480493
338.138562113 667.216458679
685.090835245 93.142252582
468.722231649 672.174036583
424.864128686 694.565984417
476.989136818 658.105818864
350.045132738 682.767876114
642.656338092 747.600162391
313.14363345 709.634008686
147.245582899 754.716066454
423.35660641 642.685298202
245.007167157 728.622355515
120.248760383 716.451333025
413.133941046 252.143897161
399.451643017 685.541807167
433.684964019 193.574547728
421.579707463 323.398343992
416.169217346 217.941199488
668.088267346 81.8369426577
