621.181287794 565.621684652
641.850068088 530.202073581
659.702912939 201.210832668
266.547260428 232.366799809
607.241131871 637.466824696
126.862884023 191.387709557
637.115113111 552.194912641
542.293656342 92.9802897955
513.858021815 107.964070311
578.178797171 223.815395798
645.636890053 308.863643164
634.122147914 653.235228056
360.823710665 368.580852984
586.710538665 136.331625707
537.276572112 132.633274765
99.7812657341 210.612846883
199.086405991 176.701628893
344.839749998 384.231565163
587.840512104 557.227595788
607.805619517 191.129948845
622.192695627 215.843192764
636.42315443 218.991352197
596.933465532 216.626151734
561.989160522 92.5164800594
511.613100668 135.072915162
516.781748214 125.954840387
571.526481035 203.017188296
562.603135083 188.819628509
610.153117178 527.630004894
604.243310961 126.668943764
226.203423371 190.378987922
169.560383876 233.228477941
576.11524001 178.276882026
633.856428698 617.093768226
573.511485525 165.470205712
624.72993507 185.48468156
556.332580176 204.743865642
381.830528515 367.579695803
528.917181573 158.240291384
578.279248122 119.923234294
140.986934225 224.518551316
590.454496347 210.189153077
620.983058984 312.49430517
586.030886888 176.551210628
654.965583461 224.892992045
608.205905454 668.348603018
157.392877702 181.515727513
96.5918275306 190.622097095
562.800483021 111.242848356
531.531816707 184.264380218
597.310915893 229.672722584
607.085055346 222.732128011
124.90785854 216.116977128
252.032945818 255.665285762
146.09800608 248.773001206
109.082335331 190.806474431
412.379400397 130.998174206
538.724785192 163.784457251
563.437036287 134.92065315
609.970668209 697.218215844
588.933923199 537.219148499
627.769234362 677.164271975
132.885292015 181.682743409
609.756136337 210.70253439
589.111298271 692.042321005
624.034151657 276.601503992
358.282400209 494.955303732
590.942033193 255.542659289
627.26027788 699.499847134
604.726512732 150.472057078
558.832295775 155.314801053
437.346810064 130.807997052
582.2854392 155.606120441
603.320921256 240.057569663
201.724336073 215.975884126
336.942816333 491.9963526
521.978095153 145.828652493
553.167429618 173.901715984
523.339830844 117.802643783
599.601473692 176.727464144
583.297363486 202.283620476
538.332686873 148.279733581
614.905298932 241.722562515
241.809592243 233.500146033
577.529933851 667.589758052
540.307185271 123.129404499
180.289067638 191.97664747
600.428299568 279.571837518
640.321989493 243.468546535
651.012897938 289.941511743
649.969942951 180.400324448
420.842613376 115.962622956
370.58582244 658.330780486
501.711365358 155.293535684
624.529287571 510.616548889
524.53111182 104.959895096
615.353191174 166.973995023
161.932137047 214.896111638
622.932200732 258.540622606
622.776989781 195.582867442
