203.753759608 270.831858674
188.354303551 750.741660502
278.836132291 696.93538074
240.686527067 787.923453445
208.582071163 500.143593091
346.50845771 709.109532016
168.275533143 362.7703828
223.490875421 122.711065317
184.684784269 169.787715023
290.477630667 714.150143237
331.337406097 680.618130851
198.893283871 245.75322863
379.740340678 727.985229014
292.315145312 658.565252717
200.995976336 711.025153361
210.019440177 792.506050229
264.118076913 683.652985737
176.774835232 117.754481831
280.962499234 725.624355862
195.58421037 343.96032251
253.628173976 711.776126008
179.71841957 99.6210448376
281.877079825 669.328647305
178.591757135 435.289812157
192.108912474 322.534468247
402.785858109 722.843067843
171.31996463 715.637249772
195.882356681 204.489940678
159.170459121 153.800759401
162.735087943 771.225878064
180.14340481 331.820777966
219.055826645 333.533477607
338.30069614 714.844824145
346.082683481 676.215399541
186.702162749 788.604520217
259.44744835 778.643828863
276.716228648 709.154384678
217.140961323 183.016011928
352.095387199 667.717079241
183.005424605 245.615389133
128.591182093 753.303920647
200.327910068 379.470306552
195.87574373 538.973814361
219.318830993 431.294145424
217.44223873 471.397691708
235.604769868 320.349425349
138.749051305 784.028956186
198.816089756 790.576365611
405.587169818 695.055805779
298.497793433 695.909920095
215.657282513 362.463778244
241.027251377 754.793264732
229.240565325 780.339961319
249.588271144 699.393942466
189.662697244 221.963868963
220.587105664 100.315312441
311.775567273 680.914401664
285.852020613 743.153700654
157.654861386 218.302449149
366.267615865 702.319483168
426.692273795 729.887914374
230.114367328 154.66060097
326.14054026 735.147720021
191.141193722 292.717696824
194.285292956 413.349542342
406.628623201 747.816073002
166.432325831 400.639075803
318.193466535 715.148866765
263.26627215 723.102391039
162.252902716 127.102882512
168.306517842 184.349217781
213.204372797 738.626434164
177.162832366 293.763223956
285.690170535 761.465039022
224.112379991 719.945734318
171.27328246 262.199065476
263.055850986 741.438611349
189.226602689 391.565782622
202.081652143 155.826214649
202.710780518 117.558228459
214.1622573 136.361144951
190.339910489 362.393874146
113.332219364 769.929158508
175.839466588 525.137281458
210.709226827 524.332893719
327.826017125 693.154490624
211.654438513 309.050851214
225.040618534 761.225070731
222.002103818 688.590478606
229.88068736 289.334483888
193.60386109 471.930874538
258.755194545 764.206769342
386.555899631 698.24999525
192.48352517 139.019149225
554.243992372 424.132415527
209.807848416 99.630883835
189.818390182 508.422823606
229.352208258 232.14576436
152.36841737 744.376190706
251.118773516 733.057661382
