587.371114264 718.527824901
651.309828768 681.341276257
124.531643436 701.498621009
613.177908921 632.26001887
660.068182248 554.484496722
632.689061383 659.024048444
734.115273383 685.484519318
694.288204831 668.471705665
549.722266465 672.628118865
235.015469507 737.621542957
517.505185594 680.495303409
263.847939091 747.552510046
665.437744432 647.626913173
98.919695541 676.959604367
274.921570499 726.936231011
601.794754849 390.232424642
534.582995802 620.34038085
569.923662271 405.161155811
703.217565404 715.554084386
557.171001679 696.27403477
720.392437338 680.909952871
113.932164289 687.259517077
747.448783367 667.28248396
308.782628232 513.299467807
104.614317626 694.983474902
244.093922336 709.54977069
723.359228763 691.241414319
556.109060127 707.739379343
708.796298906 674.379545759
718.601356491 653.894532381
686.623260796 700.469724943
584.997192491 650.015032647
728.426158407 709.778385412
326.508553192 719.690282388
635.517787533 719.849995638
598.541188766 735.968357159
638.550969754 349.294104041
564.089289851 734.656612936
758.067856766 703.361663415
667.763623232 713.062788092
111.449689376 720.36788476
748.720441398 717.149978389
671.996527757 504.715571225
582.400295213 672.532868259
690.862165728 623.910393971
134.738644394 716.723075517
328.083483603 596.62867528
707.427107254 721.465307539
148.757838726 692.288390838
373.287087373 683.83127983
701.656168466 487.714210589
751.814124659 681.350978246
708.315344338 685.044590206
618.915419784 366.245975218
608.325041391 659.617104411
659.219920802 462.037545069
133.750937722 669.052900885
637.429370713 683.599487199
348.637283526 665.628825873
676.247895979 662.427087919
211.124494425 726.689710117
600.855652401 687.626481432
693.096128673 715.328364204
715.65333044 703.803003298
269.89944052 696.308078505
587.01162784 698.863653708
704.110361067 647.420826588
627.47377824 697.72126925
656.305420296 697.01300888
611.634048653 706.848481145
303.30776011 714.086614024
662.736139397 413.066993881
765.569455084 727.949407704
207.584093313 691.703067712
648.357313592 628.151282565
583.780851129 687.452185527
581.435597562 369.208585668
720.99702087 719.025745604
774.658945058 685.201602481
707.174157927 522.074124227
730.065023055 728.567563129
577.79650061 621.780362661
692.709128933 677.697751435
645.082132012 390.757186021
682.241521995 381.816872917
627.596384798 407.446994482
301.91597474 488.621470246
542.217961135 716.236133859
110.570339666 654.381250981
659.609036128 369.515382208
82.4569654268 701.884386317
570.937929787 718.119130877
296.778076111 741.411779532
676.874963675 682.680660924
354.742797388 698.428407017
96.4286780402 704.720593522
741.046819737 698.440536494
546.99222182 654.205615072
256.178842243 762.684327459
612.498940366 344.789905985
