699.776214647 315.68892432
492.387423324 587.115376521
458.629945793 696.538070266
510.136826909 610.470292992
310.549470761 556.13716151
197.036057935 496.195890328
412.56582193 567.624891254
666.37910116 536.802871799
522.248670647 330.765735543
556.52768159 682.594280864
476.217506053 467.534373282
484.333885558 280.31086258
158.014635674 514.45689852
443.773885234 467.413342791
155.523213829 537.080007476
555.072258439 669.082451008
521.57986431 672.498609375
273.020747491 518.565792835
386.877243973 628.41886012
604.599171076 578.114062032
486.097226938 698.995021086
526.398995819 587.18735649
222.282210152 580.074025149
419.492860603 593.114919292
289.510896357 496.444668748
185.685951353 558.931876807
168.409229129 491.66271595
685.466041397 558.54795862
449.865381907 311.263280888
506.779957452 701.981576693
586.474748131 605.865376147
445.385388757 385.244742021
646.078416146 597.372109677
457.641968732 442.002207227
570.479758982 630.996499613
501.566703258 620.214158842
574.761271271 710.690188426
672.559770146 554.533870552
469.906946454 350.886206777
468.413600317 264.282810302
551.749509944 700.64300802
236.19212249 534.524403308
685.147198479 299.496687139
259.946629818 469.379498392
239.520308704 490.579620688
494.599130016 396.199167289
222.440845953 544.547221188
352.389978413 556.235602842
200.561745855 508.938008366
572.558440625 699.846880404
435.025389877 405.727988773
430.195296934 634.213070915
597.140524021 673.086622462
500.099650153 677.936554569
264.757810868 571.833023621
463.862135687 581.515338689
473.998510898 660.50850825
623.359141396 608.461635658
624.894569545 561.092503566
640.160304659 572.12098434
466.53953567 645.320167519
651.636009879 555.277573542
546.687065348 651.395381205
688.393122442 573.460108336
492.144886642 565.452497928
502.833710391 654.536573032
491.632855817 439.787724639
431.239452465 657.079707948
373.351362381 585.844455011
314.008110679 522.255260855
493.066756767 320.574654739
472.091652145 676.184542558
518.940205042 445.86946709
475.072042065 622.710570137
652.709417259 575.127814431
308.282453481 575.382553731
664.715558841 560.707374038
455.298832829 553.106062112
453.498988119 276.942420439
537.386497474 309.793367019
476.999881684 303.458654727
633.233390319 584.964968132
660.847900775 584.491265333
280.356986446 543.019377659
681.88756311 323.561596858
531.382424572 696.867734619
467.902902989 411.498521739
596.089115858 650.903051363
585.426060149 576.482943512
634.850781613 553.774718573
186.153704816 471.314050119
456.228529275 613.851634622
183.6203226 524.21122525
515.679050259 255.036164947
408.214311479 609.020156666
514.468106176 293.614281967
451.088995824 357.470671932
675.507867579 584.470949339
456.324661476 670.761208471
483.234569091 600.795710747
