352.930030975 159.192362416
703.196593694 318.881204301
688.111403351 263.452946802
314.788528716 269.884379636
704.237434481 286.188779475
281.208379864 260.554125426
569.077518207 251.370712299
669.934335082 277.115201284
338.291141214 127.349488554
648.216807303 357.56095791
698.135847315 256.594142607
285.917566721 275.098404651
664.327581744 493.417061967
528.166094595 292.616845165
581.451760952 99.1634105149
655.305531189 512.139101675
515.919616076 313.340326333
396.482921438 581.433089355
548.305701701 259.456040275
323.910644362 511.997341116
493.61143593 293.319610142
624.241241464 369.10760548
612.798847788 491.464597446
625.186081719 265.036191582
661.491073576 304.985648678
366.877829233 153.852067932
518.921211476 159.176362667
645.035843776 288.696859105
527.969298294 125.835304839
633.622357221 293.72684882
608.3357895 262.753751458
273.088122404 235.068234655
313.523164434 570.683517225
476.262237723 271.213861426
684.01472256 381.148226695
329.798070375 297.095621169
303.558441246 537.196602406
269.376813044 288.754868015
531.8116151 173.642613475
595.569513532 277.71073106
631.511382876 532.271494681
678.457330208 331.80339831
387.621243632 529.333829658
638.809449519 400.26719355
610.538766274 333.116660478
685.453663893 280.767984847
548.646620557 190.593528007
558.514752024 171.172104885
548.971561884 99.8620455055
381.008440457 127.737578654
657.644085515 336.369123666
347.450043294 564.710202503
620.350055709 509.432264966
659.946632375 450.637004442
632.11766979 429.1179644
642.338929544 320.254023442
675.58638783 290.227128968
675.569959925 430.205984754
572.891334657 119.980577476
654.178142564 254.385408624
661.922667647 383.147213009
377.408276054 94.8827262189
602.16323437 297.871757128
544.336472897 120.773936147
651.002138819 531.076832011
250.734045063 262.704694151
561.706526804 283.831648634
628.024027797 560.762789772
335.360150939 589.191335634
583.341189911 254.345897635
356.002512902 119.260266753
388.941861756 556.192602919
417.567748299 542.274138758
103.305605121 241.864854576
346.017027495 92.9335595705
650.207383711 553.558069198
326.992882007 547.150793949
612.792127343 293.739578418
635.1912694 458.635165758
621.619679709 320.891615281
507.559838239 253.280658968
642.905047468 384.667081763
608.488150867 434.243259236
651.914979467 281.292286082
617.664756402 409.185521628
640.072392213 488.363373009
652.161460106 403.954636782
578.204515915 512.220324748
667.758646951 257.858742669
381.295899152 594.504961924
363.432901325 578.888027997
366.965767002 542.471684379
298.235469894 288.795269386
327.758157584 166.691101547
563.784137887 140.383042998
608.415584279 542.34554388
525.055901704 99.6444922286
344.419679422 529.409386245
540.202532842 148.965997468
637.134559843 260.467815177
