281.499143101 146.648353916
162.85162506 536.103345042
195.630229914 374.454875679
162.851812212 699.733270117
252.168989393 245.183020972
241.563055023 359.909577016
150.152310172 162.329018916
315.008211115 106.082430919
216.871278848 101.824514048
194.693192711 401.671277807
270.789839789 330.503852453
247.071203531 131.078675204
314.597822555 357.52760995
206.043994638 318.245110473
175.534016863 348.746653266
135.964073998 679.303998301
193.044022204 350.281471003
219.61686504 87.7307837844
170.413162599 621.9224692
193.591605417 157.050865989
186.87234805 377.067496518
247.395642927 72.9992598255
203.597280334 340.732702654
175.70069591 214.228210589
228.55842223 147.934327393
341.514432727 352.17320192
159.941955888 347.27000543
275.81892484 126.516632107
178.021425747 99.6309955112
94.3304275329 557.472110446
159.862173845 149.938192128
276.830311277 177.298550852
243.706340869 381.401752792
284.152292487 317.009827481
150.31117864 674.855679403
175.243692764 700.077220331
174.459626568 410.792519561
302.485741615 138.579636392
303.887581696 299.963138845
215.863240596 121.263597455
98.6177951256 539.324945315
209.845883946 174.49109396
249.801475607 286.979728461
227.179284728 201.096708668
250.804436707 218.553375699
295.591571989 206.895111515
120.201485695 625.586416339
146.168648049 688.683476603
361.276741448 318.504643389
200.866537116 371.842516911
233.260372492 174.799655373
135.7263299 643.363185024
117.398145045 663.117677033
174.633463499 371.571987207
153.731894029 117.381746606
297.297102251 97.9901976584
221.891643352 362.93028061
178.336208911 654.646445093
163.32800594 110.834894266
317.675351822 340.205694781
357.965819074 360.625180875
322.444239353 130.973788389
222.533371828 399.28776521
197.14053214 138.873491601
185.958305547 195.343235502
337.000255588 384.818366712
149.072223943 188.174432645
207.600032657 388.974232956
148.93330645 554.512805548
191.592944516 98.8536818557
194.270392997 110.610901759
159.811587554 390.765560972
160.419771752 129.674355997
178.569453795 682.6778881
117.624262667 536.762356624
173.316112517 127.923859629
151.742208708 581.537269293
166.59607335 193.049938028
234.688627569 117.159531768
260.721990536 95.119430542
267.235296099 103.95826006
171.616204823 163.055554779
125.728814133 566.449150212
199.431075381 262.23604767
273.559113694 266.978532159
220.916352572 357.328937127
257.380689489 160.273421044
104.915918769 649.847822147
181.333797648 330.977915622
295.514789342 177.091865106
190.62494683 229.134415039
159.053577504 664.485678765
327.708486758 330.796570787
230.952933899 101.994688835
528.943747928 434.074998609
248.890539225 84.1788797706
215.86768465 235.586328661
319.194255233 157.156515508
152.145473842 378.929945787
127.526995148 602.727279697
