676.247371082 628.391395528
609.439249108 383.43021744
651.353649924 540.463436415
643.408514124 504.482215665
684.711547705 272.658383623
731.630435212 626.253616765
723.366975739 474.400977638
703.30691392 479.468906933
736.479616798 700.843835303
618.952308279 649.095672535
687.191335915 700.066570967
116.03264024 489.866938915
686.028475274 678.101411071
641.125409508 608.588403287
715.920362415 529.770133697
620.16311026 600.372851308
647.596025764 679.375807382
709.852666433 435.829945063
585.795912847 388.448955731
505.757860987 519.803265981
707.288398223 137.318948006
712.125249127 411.585884126
732.921849609 528.442214116
602.153320079 477.69940713
142.072618578 462.712456125
563.056466556 441.555056066
679.739321048 441.254945521
692.02261014 450.542051875
674.418099074 493.168054576
101.574755388 487.674051258
693.487291043 601.561351857
641.129248195 462.220180984
736.257718228 132.329009976
600.010061346 428.961222404
643.398280926 697.885683623
465.460250172 527.525424132
709.442859572 257.85188925
724.863372694 692.667651569
639.751209713 366.404867895
702.671337646 243.700858815
687.932122609 559.58652105
731.839311 114.153495545
730.121447511 551.09080062
410.133738549 535.219730445
593.648781551 450.466725618
755.832525697 665.389114178
687.925236891 461.475083735
676.915456812 378.023707671
637.946095614 420.7209156
681.857940797 466.902374821
441.040160391 529.851361718
470.161317718 498.30458087
641.225186663 345.436300408
726.460170706 657.806760277
686.283285134 487.620199805
489.368463981 529.938603729
605.054068687 605.643404765
629.666848387 398.815117438
695.308039615 497.868817239
716.965098586 100.986342002
669.784043236 326.238441612
637.181113407 627.989005242
677.631593456 506.671541801
437.499333329 501.956291416
578.503311486 524.17001064
127.953697784 502.053380658
714.158386937 491.298552265
103.806851939 450.817981958
656.714593794 581.914174311
708.714767844 668.6308258
653.082673712 481.121193581
673.569363404 699.545027917
703.52936571 312.618001893
572.743723732 473.239658244
654.014870555 441.495391528
608.260200323 505.070953678
149.811747007 487.46060941
685.082462105 308.009192163
671.803821328 357.113875956
738.485541393 593.500404147
708.750535914 459.542439941
647.221993106 664.128339842
719.184549587 271.970735423
669.555487282 422.017662019
671.530577907 650.470042761
622.066885245 452.84945726
91.8370498472 470.407638096
720.489884445 152.206180252
615.380948794 555.481046531
673.40482533 295.240985592
692.252395181 524.343344478
121.825665538 461.466157429
736.055173632 305.734857749
638.440062943 574.322005018
713.608166452 116.484725156
716.142744067 287.529723011
608.541069154 352.640594823
686.364770931 394.871379915
691.946942193 337.280297036
592.920122781 404.919569194
