698.069508322 622.759327346
618.240335528 190.406284074
676.858256355 369.554179459
622.552940988 308.760408603
659.120896444 121.802451013
713.53979609 628.314014508
714.541240982 265.149472163
699.833501916 270.432616362
691.528895402 698.511920102
646.23865135 654.807411715
673.701703937 703.028380458
131.784266204 280.837502208
672.773218102 678.757591929
706.7831353 592.368900076
657.674181935 329.6174298
696.941195199 567.698858892
655.538986239 684.347418862
696.976443706 227.704719287
598.144314358 192.416097357
570.749386391 324.197112742
641.235522189 96.237454468
697.902981194 205.691857581
693.100676137 326.66607885
576.920835724 290.973840262
156.751180293 253.399507511
557.827784206 253.007458247
674.466742589 234.141993906
700.516751281 241.209073554
634.257842624 287.417772477
113.715118141 278.382093743
726.188819768 564.476307219
633.132986518 261.316155583
675.908467171 95.6598335429
593.977169021 234.266192627
634.854971315 698.472127858
550.370210677 336.684341854
681.208216846 109.629767861
690.079644119 717.191013948
653.874994079 178.814547957
655.78056464 108.181821398
694.093447367 472.813061752
671.788439983 79.5764039213
688.172784332 348.752834672
505.398455643 354.721282212
576.990067199 256.222526182
699.279501291 689.706251137
672.972216241 253.086197634
681.149396713 180.956326619
628.059766187 222.483252118
660.81649374 259.318533263
532.817641577 342.050836113
544.581959867 305.377424795
648.960200963 154.8221508
694.48220392 651.484071116
659.351494101 279.697462502
564.404359601 335.992093667
674.799130546 585.05596661
638.611128404 196.600509453
681.236812035 289.118191611
646.118361374 81.4174858045
661.527549795 151.007422819
667.199319384 630.516889103
665.460920082 298.353842357
520.597885604 310.752822454
613.526246381 469.397312117
134.889535031 292.372271816
699.590455802 284.399249672
114.291043594 241.192810252
716.473916635 545.932510438
684.982786765 671.017327615
593.399759314 285.526354725
657.555536828 694.259574163
698.823231402 151.94852343
557.562840453 290.45578817
638.388753508 236.803909808
596.6794977 316.96782668
162.979322687 278.147430384
676.529284563 143.127274896
680.740254187 163.273296613
729.228254178 587.705085055
689.702978114 250.762833162
644.779376252 670.390130903
699.642534211 116.282552023
654.790896905 218.360798853
668.40181749 651.1355644
604.277478289 256.131172384
99.3240377175 261.041256726
656.609606211 95.6886804587
670.194315514 496.975282534
650.870083313 128.853985787
631.676677558 323.595780586
135.90542132 252.169106018
717.516108229 149.421506892
696.738545791 534.379615218
628.860689703 85.7945906987
688.013621731 128.816054049
628.376571354 160.477524632
674.91760425 194.282342537
691.23742403 153.654622808
582.828124622 208.814792241
