460.691738582 170.011308872
245.012557376 162.943447605
465.878933287 141.694144441
609.961041246 436.63853465
522.020516083 660.548851471
517.403189886 600.867593631
438.37234869 139.42632339
565.068859583 207.607257343
550.561703866 243.50046732
184.516060227 149.805964854
630.692100351 355.305268547
570.447090593 627.462296102
142.885089632 198.452684236
624.572934377 305.715163991
574.278578787 295.730134867
299.715655522 518.149859873
235.546489904 216.708512022
170.053906026 177.890893069
570.053720635 414.915219529
449.08873833 127.16051896
489.081983435 222.82076229
515.762230321 289.444325299
226.208425443 156.201781402
584.821976554 260.792900926
584.45838583 206.532513982
520.411698337 191.094845157
130.143879792 172.504130225
401.496619632 129.263394258
223.650412207 188.269578293
570.918941639 245.90521725
454.737419254 192.800921207
508.788128102 688.353486194
421.622265671 131.839116045
554.487372566 590.239695979
526.211521223 160.114372862
470.327500185 103.72406548
409.956107424 157.991680104
189.30652025 184.417245978
520.779864747 134.83178734
590.158585445 244.382283374
532.814459555 624.656215199
207.02305625 164.164734279
595.850972396 349.659405291
427.026515188 106.191486379
491.16275881 258.451105187
519.555609249 678.132629674
371.344358286 442.071762888
226.506616287 424.390508843
603.276046969 278.78890718
412.602601199 120.756395591
466.438399517 117.718148069
461.375763258 208.181215158
568.802363092 464.534187245
547.785526671 610.729830569
510.679578232 617.217269894
565.302836091 440.403820556
518.239829041 212.071835561
486.248580332 119.697781334
601.196564638 315.926052494
541.767085576 700.649279122
432.252968101 163.392393774
561.184584847 654.931790782
208.241855442 200.907746576
155.830747022 171.602226338
513.988780144 700.423179562
590.860752812 333.389645342
242.940284338 413.055395839
521.968798942 328.929528809
533.944940607 686.084754895
643.326660546 337.779150012
544.721124594 167.617048768
591.655148839 180.041525016
490.174433257 144.33539175
551.68757796 304.580378366
585.026000699 456.220756999
170.052088258 218.042686002
510.076424734 168.964733498
438.737630804 110.148204092
545.574065202 196.066003128
472.90005084 135.710620705
452.737610929 159.160256157
530.554340291 224.968365945
558.617031151 329.033849103
523.241455104 581.46845282
531.807077161 648.446711952
599.988261579 299.711210995
582.70325696 426.99035574
566.362627948 349.863104899
527.28915517 246.067406796
619.062441085 339.942646621
472.284181084 176.896417833
558.714657964 275.622166629
480.940022091 699.731424295
564.142063769 167.481447816
251.496756345 197.423713545
558.945263717 229.776761268
478.874603189 166.915027211
484.320412426 671.787746495
540.979093199 285.05338605
483.382080647 194.032436997
