296.327567237 511.680028286
522.909896038 614.369536359
231.366977186 575.097306061
348.608044338 695.019705187
331.430362685 536.234907619
102.668550308 551.385761336
136.692808008 618.464835598
455.772684741 475.82285258
102.255552638 669.821410893
289.124120196 455.874609282
168.787876016 570.555775693
284.888821017 572.911423595
387.954421967 662.194328417
614.894357378 564.417714977
114.666005732 646.026324487
700.14320431 543.404356151
648.986754664 517.325076734
219.956051323 619.497217219
176.802996993 644.964835956
207.917919712 495.675075709
667.659873504 582.693256695
648.720657102 557.428005392
373.636506223 410.771808144
463.561865542 590.911578827
464.156195117 411.81949739
479.302209263 459.710995715
191.055052903 538.997916174
351.717128838 607.015807496
445.730919798 688.552360226
216.66147818 570.910663654
87.6012769153 584.790008323
360.436117968 671.318656306
444.968505156 388.410419787
413.51527245 381.880709101
261.46321665 535.468873196
250.173069858 506.557816489
387.147707828 526.374973124
100.237752668 606.459049429
412.956511301 438.065678983
134.826093135 546.031980227
380.088226495 449.403834214
256.812883587 582.90023653
438.747898478 355.914970761
677.101520896 548.878713632
702.05047522 570.568451792
454.66444122 531.684586929
420.465286405 672.909873621
521.391268167 293.992859507
450.320811635 657.302620598
504.46648232 605.919011792
326.016886173 622.006693655
338.499363672 491.414937203
254.359880138 564.143175593
173.193690769 529.327158209
117.262364082 572.925377566
288.631931571 501.302500208
619.071920406 540.220543316
135.032362115 600.204343488
307.665013271 478.163631398
535.086587646 590.747006283
527.449220701 562.374329647
192.996939181 565.822580681
672.804494953 532.609365391
255.879890389 636.672701869
477.355210542 440.210621281
402.919438612 370.56575422
166.82616673 606.130788905
592.838636701 546.735349373
466.52149964 564.108887526
332.752569881 583.261381177
411.211060234 410.861119717
687.142825046 524.171465474
456.071930515 342.627412753
499.936258177 564.43311689
99.9856993418 636.081956862
467.853173167 370.245489589
116.580752773 612.610816686
691.893338245 567.697999507
450.699163754 634.829071743
304.980726637 542.352126502
314.550812106 576.203633002
145.439196952 571.544400374
355.44538247 725.42617903
227.103463297 543.604339045
647.809631554 540.506098884
142.393784619 642.519096673
420.301851846 638.846210688
513.307156838 583.691343989
354.50472644 515.194819573
380.12962133 695.107520257
442.920142357 440.158659661
416.314859845 700.324289515
336.716550628 676.387191667
593.433758159 590.404693339
159.754668928 630.461147105
434.937889057 498.577398378
130.813627445 666.409747445
354.637446852 552.514156661
100.582173981 578.269821155
407.083539908 487.522529193
