673.790675615 375.907731358
670.944502827 316.3458752
675.317375526 336.526161132
666.665999385 165.022995043
716.825730598 626.897656226
661.35012639 640.598103797
697.261475047 453.523830344
581.822571083 71.1828005056
594.542225216 118.109679031
648.158436054 137.097716261
721.188693324 646.586292295
714.821797617 522.403937635
685.437313229 616.709167215
670.903822934 37.2485462773
639.834274346 103.352798053
685.524775922 665.37240571
653.384006702 178.414533395
667.590707423 697.916244947
704.369557554 438.163248514
695.167322317 230.945013679
637.68696421 152.624309851
675.727684799 269.393438198
689.948781237 283.932973123
599.51458701 58.212260027
616.804143956 150.646881602
664.569510597 78.2492603428
678.164427978 84.85737323
661.42405009 117.104340323
699.486058672 595.59605615
645.22213598 44.1042528845
675.469806939 98.054858568
662.44337975 675.627407923
607.782300463 95.6942636413
664.527865915 353.075564576
644.759950072 87.2213608151
693.314512468 256.919310258
635.465510132 174.051106932
678.079488076 466.703510476
627.210532287 113.247207646
639.140350776 58.5057658501
688.961172058 685.798749252
674.576724333 108.075815493
712.688499125 671.193042764
656.11686573 96.2761298171
672.678180102 178.217280137
691.234527751 388.995834003
649.778026676 268.416785148
369.483944799 316.00459305
607.990116257 79.1029332154
606.660952931 179.831026134
626.329468763 179.1951277
698.824219627 339.604048386
667.830319871 597.568884772
654.0231541 473.258085508
678.993192001 705.367985749
619.137534734 210.647304159
668.258709333 509.799130214
674.56968137 57.9016439006
616.796845834 78.2159202812
717.799732766 465.50813328
728.035054286 689.338355705
716.434098562 431.28562023
639.545460124 292.477321951
686.948489293 76.854620559
717.442195988 596.832580087
692.984231689 639.133789341
708.901177596 714.458634546
680.349361294 554.7082637
706.835413905 395.409979322
635.087457413 70.1166105887
625.334420109 82.3852544259
640.657082062 350.156044461
658.387945025 65.7375064419
674.622005755 419.3402274
582.016880238 350.596600353
693.428636338 697.243648085
644.340799737 102.380118475
700.423283329 57.3105318453
569.157347284 126.574403405
684.841855383 34.9191523989
698.708933193 82.0796262306
682.718218294 63.6092974764
641.548143873 230.78522045
671.550907698 232.531459562
718.82371888 704.157901475
558.170071514 97.4616479694
657.708854371 284.274733958
695.420779359 681.522367934
669.560842491 294.764210345
687.460153263 525.816573999
684.097753648 353.227449022
660.293725237 246.978729179
707.117808441 487.170023303
122.295444135 266.088063099
703.623569087 554.216346882
578.631650627 90.770353325
695.746647182 104.909633217
671.719701561 649.62018227
680.567816557 493.095173218
664.05320872 137.545861841
