221.312275236 668.032823526
246.610906241 647.074203188
479.006988049 707.703804547
153.611830049 505.043020114
113.018359126 722.668550915
23.1680093207 650.739166684
156.321266127 678.064522769
27.4788243322 146.6162639
24.9680406277 226.191865822
52.8518739569 328.160447263
81.1030129462 699.291713816
167.016336645 718.040458892
64.8397678668 675.280916686
91.2847148763 131.253283587
50.1863459795 227.942922435
32.0169187521 676.128047692
104.177926858 465.744929401
8.57087402437 699.791971107
211.070457041 701.141259508
586.555194573 699.153912735
59.221455084 354.47908148
318.8861153 521.27319555
466.471374232 692.975306264
33.877050011 109.287126621
24.9693620993 267.277972371
70.0068784688 243.621333149
74.5903313225 301.402999304
56.8640596176 288.548624481
112.839656093 708.724661037
70.2369579773 105.7193887
150.212092043 477.981847154
5.18422324631 686.59639181
50.4935479447 199.160416782
254.653909906 682.59767633
65.4400254933 174.98746081
613.186226234 715.366814851
32.9698557793 328.247176396
72.2622297643 602.92284422
29.1449733606 306.391450577
66.6347837011 125.702643709
30.8822721349 691.934030075
573.825264031 680.186301002
65.3387099622 711.862461504
75.1436960754 208.039641573
373.889514984 511.861536121
234.188403015 697.320737376
81.514716523 492.119170515
58.909016701 498.908847871
42.7303719319 131.155654982
19.1283256444 354.548415205
36.0261380515 367.949372245
561.325752985 710.631168895
44.4070065074 653.058209266
49.8945255994 601.691068586
21.1703280526 709.127605045
69.0244619367 473.849637537
59.8997938718 631.488324519
81.7838993697 264.320063939
52.4131067394 153.186304425
246.888341586 732.454622048
79.5473393616 717.837245358
286.024992656 727.290443144
83.0426900842 528.570094562
570.934786412 643.112213363
152.013901078 735.879666332
57.6997701986 690.348463769
52.6769597903 728.187154733
62.6923694567 655.205720284
264.528285139 717.150088716
72.5158489607 146.676126294
51.9344399123 187.959759464
100.813785323 562.361361129
91.2437438985 162.257120315
95.1951089586 601.710286975
71.3563959869 566.767302801
37.0370091099 711.839940913
49.4368871462 272.42647312
590.922270972 632.296579496
39.5773137209 208.198147309
470.400255785 206.675800818
613.101349834 687.317675408
442.293970421 291.590559244
60.6320997034 382.783775935
114.905604008 498.793613723
70.5573166966 736.2149519
49.9672675541 173.051418018
105.4621226 530.907706448
41.3955550493 701.305821358
351.992181737 543.759092263
88.2245930743 667.804327513
453.92413766 714.478526281
125.942240939 534.600544634
206.400246023 734.598927832
13.0769791881 336.765709059
118.065580871 696.954126475
35.5041884888 194.300087313
633.171550628 709.80478573
19.0400720527 662.635609731
84.2143853953 640.340882337
75.1208155455 337.923248466
