210.970674269 113.888813213
642.554822054 184.750675967
652.028067994 119.204938842
251.337073952 136.110567258
669.359557462 143.060349432
211.925110648 131.331842299
491.72980143 123.856482451
620.177326305 136.435253417
192.730010406 94.3206684454
507.039373964 319.444353743
672.573495345 110.085882052
224.984497669 139.421949899
516.037433885 475.601708743
463.563488812 162.782251751
433.796774366 84.0205120364
506.568581537 501.1916267
453.599393257 183.221214138
455.806260175 456.770525706
473.168868434 132.608374864
370.710718096 370.376031894
434.389719096 163.575357976
476.446077551 349.05283545
464.345651486 473.987378634
547.457528705 136.862125386
584.764338014 176.258228829
224.292557307 109.056126196
372.965034963 125.274946274
554.167892855 169.754699121
379.786730853 105.34240245
530.855723246 184.701396815
521.689851866 140.390214373
194.646960543 120.371381812
363.578154021 429.335065232
414.704785412 147.183979402
534.981959043 374.279550667
262.022581506 167.510609579
352.507486113 395.480906462
202.754961766 156.107562462
388.581005836 130.389032639
505.967644058 157.576095963
482.487608215 525.861895963
589.747040298 211.651502056
450.698483056 398.823405627
489.860357948 387.12776619
487.675373798 260.212917735
645.592407258 137.938564032
411.330952063 131.589057473
419.5106007 117.680681641
400.78308501 84.0785370982
235.990236622 99.0674783728
548.979768507 234.678451174
405.642490107 426.629545126
470.944721613 500.718597553
510.992344587 434.518410851
483.537124997 410.763352482
544.578435508 206.886257289
624.941667122 150.476074442
528.427499396 404.618219779
426.39398131 93.52533252
604.93364791 113.693204505
514.014730381 360.082027514
228.249669358 87.5002705773
485.219482106 204.014594892
397.681907781 95.771375182
502.535493527 521.453507956
181.086751418 133.768662181
478.554762598 160.731074313
479.324845325 553.59396045
394.157436609 451.377757155
500.128086519 129.970716208
209.550211943 96.9162942006
449.374464049 422.58164485
463.221294073 423.879264272
103.394854954 242.012203826
197.185759308 79.4900146901
500.91298065 545.147546153
377.398707515 405.974510445
504.812522478 189.856348182
485.989934341 445.783982872
507.29169969 224.379278639
436.70664248 128.653221291
493.554159232 372.433355218
462.952679466 415.608337576
588.509493211 146.728191507
468.983437851 392.07025148
491.276575705 474.246175338
502.662656111 395.180397671
436.440394335 499.723842418
630.058173309 113.493803699
435.310810291 462.717795831
422.502342032 443.086280425
428.710694246 407.019555255
231.408785762 155.924551298
192.015699519 103.842945075
420.337558653 102.597408694
458.986956999 534.178238221
375.909406411 88.6681229554
397.193818517 389.472437668
395.334958133 111.546191065
580.458499556 122.142764175
