243.61567592 249.202617017
257.054127231 423.527238377
119.396502233 216.268158695
205.637094883 234.001902811
210.865599047 631.273223846
175.116023137 198.978618534
240.945613256 175.231292842
205.418075344 154.824056715
265.417227902 237.330960979
224.807902621 700.101722792
246.072754949 335.712367141
210.241080255 316.983789279
229.349852732 291.483821726
237.362477008 651.783802759
531.221186782 358.744486225
212.876254052 683.55821399
238.66187224 690.441062992
250.322508232 295.311128582
89.0244324295 260.219007163
96.1471394557 234.292886328
234.400749147 463.373031922
249.837408849 278.090668842
549.063290731 380.100540556
507.729372881 394.506943346
200.552161298 526.777321236
172.989026913 650.23480519
91.9402453827 148.493397846
171.497691387 117.507664268
568.635346905 373.438634243
218.604287984 428.665151161
530.543602621 399.818151884
219.622330457 204.68331316
87.5890268414 226.231733393
80.7367443779 253.70482031
207.493322361 277.249633068
74.6934368436 215.402949444
255.129873957 493.041798769
517.408812285 425.201834834
134.494821687 193.114690205
204.994185857 561.772261992
149.891049096 183.521283256
204.240806946 297.742229572
544.953926363 426.36964049
157.983788819 519.590569533
99.363138021 221.885122086
200.216847461 198.146485794
212.833935601 143.715626724
450.023211888 156.126639026
251.753406324 451.824592937
104.356987346 168.52149646
194.880706391 333.32879406
182.760158933 699.360261388
99.7438444081 204.609942913
180.049909343 246.972424773
564.471188571 439.395966924
203.268186951 350.45769317
219.00910507 670.478124329
108.509345732 248.025485722
570.617159034 405.168239472
236.184701679 393.911742663
149.196033958 135.411572707
222.594743691 311.376437996
182.212986007 167.797320986
185.53729038 481.180169487
153.333317164 222.651998091
215.381204051 498.977105436
592.625077726 400.631943856
146.852786294 496.986003494
120.074991348 248.535552908
209.974070883 261.848491674
234.974401352 216.998673014
196.247727049 699.991337506
166.457094414 100.143158029
194.696235304 660.202778159
182.254271815 225.438782218
170.021313397 676.635712508
92.6409274204 255.283234255
106.327235508 121.236034016
153.462610146 161.48394202
193.217286707 182.720069192
171.438577985 133.08383789
264.453525092 386.051414274
125.202962753 109.064587796
117.602133953 155.140074381
231.117791911 267.973316031
76.8988200327 202.394115081
174.521668371 550.299982878
229.308701245 533.914503903
213.571032327 594.398760478
127.995092565 139.155255549
587.059084426 432.472822953
69.6961098281 234.968641321
180.489950383 99.7641930661
239.417423698 361.392979559
218.201580517 335.958213435
188.320104409 115.064936621
181.990556135 590.418153858
168.968252642 152.339439526
145.689191932 102.261472872
137.407676841 478.294154986
