558.408719915 117.275333522
571.844663748 144.173239123
496.459849172 356.461372883
299.057560189 104.147627936
420.044556395 514.592728885
178.738268641 134.170315989
496.368242547 89.3301445783
642.8800135 142.517527083
580.480255905 105.682509023
545.647404609 217.774469483
596.199869466 150.161509472
567.897103091 125.545334585
239.33152756 92.238663251
545.132733413 150.630159761
500.064122927 56.0813882192
422.941819831 552.299947979
546.033885182 186.355480101
607.39277263 114.873592269
443.067833196 368.01533925
471.909662262 331.452486631
554.555505385 149.946698834
600.773439928 97.8760847268
465.961053769 61.5789414567
486.663003349 70.3686288902
137.635891673 123.768786857
267.801751861 87.7701846247
144.43985036 173.064308207
552.339939203 108.816417566
538.902990668 66.0371643324
239.875929308 49.9711737987
505.135047488 89.7773711582
643.630900628 164.883638487
471.083084753 250.667454875
453.525437328 350.693695003
157.775265599 120.951483163
445.590268948 269.65614814
562.193682326 162.93844688
110.631853355 125.741157634
522.654063131 186.268376339
539.728963699 137.621199657
171.294678362 157.467583864
519.039480296 135.359337331
521.910938173 99.7712073169
520.523672064 267.054599367
487.191606362 304.22680883
621.526180291 169.374091624
483.882153447 111.671189247
470.747906087 89.5823004604
479.578174842 643.524389035
505.585690225 192.119673097
122.711847373 130.60735267
412.444925786 474.951752207
474.336817469 203.972258992
512.008806564 230.389137329
545.735937854 101.995643927
573.896745775 121.303080081
568.60436465 176.38361046
463.89095644 372.952354005
530.530228662 85.2503477671
447.335484562 444.519835279
250.681440705 67.5367406163
588.030710249 121.563625112
291.62217179 45.295953754
100.226432528 128.441638874
477.383542565 394.247287344
290.827299307 68.4452560306
562.733634903 74.1583740271
454.41572132 412.06312753
500.527607911 205.39733116
596.50451598 83.4715262436
566.047593518 92.1465844121
404.132854588 535.068142438
518.336638448 113.920900599
438.371358918 428.205613592
527.014759967 152.39217994
546.051111475 137.200294859
440.701720155 393.640157744
98.9219129295 158.176614904
608.114938264 130.862690918
626.153583554 133.42767181
619.871070478 163.345863934
582.73545761 167.300238048
225.167219909 64.926529563
111.199884327 163.838757682
534.13485031 117.765234143
482.013937635 238.150339066
118.662676524 145.407258664
432.722196997 529.470797698
470.111206544 427.176889765
135.047677955 143.533832379
540.743096289 92.1715731383
468.493643253 274.672653002
265.192214595 48.3766892086
583.114823291 150.936177591
580.056273219 143.035662102
632.542880792 111.3085099
152.40724466 137.621476327
611.318103659 152.389795234
269.180538854 25.6399684944
526.872449693 168.549751953
