730.599380399 403.022001273
764.529445284 624.081969283
252.159604248 448.429019289
451.826359907 467.793596465
725.476791663 678.422499228
405.768288356 455.782073238
607.0014046 254.279074103
707.227690829 349.206502523
712.574132901 310.329769951
747.414576298 706.455495595
786.544082081 562.002688881
715.66011702 525.202383122
729.552958187 465.925529048
760.331970964 677.287596442
604.885278158 126.36088349
743.431738107 695.415019435
767.164134419 697.581181685
762.563896371 482.810531198
106.122264979 437.915172161
122.416491258 418.044587023
745.222652093 635.250064872
747.095223673 460.344916781
616.446541133 142.140724685
602.922530037 197.407830258
683.761975908 634.183618603
668.483137206 669.536908928
262.063120684 417.107443597
670.455094933 330.535558583
638.664850938 118.804063651
677.732670301 609.50187709
615.468167986 172.588581626
713.618600084 369.946852092
121.312174772 377.81667825
100.348257794 419.033275988
707.202376215 448.519154073
99.4862125522 391.450006242
779.688045072 654.792320658
642.272761798 257.287246209
335.546141022 462.359801276
716.170405725 655.377306177
381.742457843 455.499617528
710.546641237 480.312575929
625.618566694 220.599916458
537.41213407 575.604657087
156.329145206 410.226006918
694.22098643 375.290762008
687.458527631 295.011672529
606.53570068 229.71951821
792.487067375 645.398129402
295.308720251 433.330277546
712.257699598 560.080573334
716.015597682 708.297595793
195.57192639 398.611732764
398.619194301 481.556253567
646.739641852 236.454318715
739.894815787 562.191806557
790.197744542 692.706666155
160.928643856 423.400795405
634.73513838 157.282335644
735.223277906 605.994981005
649.165244602 325.01193168
739.337753965 496.28876541
672.26109059 373.361051722
659.915721631 608.943305557
368.832742522 473.666157996
710.451786347 635.311212214
666.000080943 145.224318527
515.908984147 562.265833179
199.08355079 419.561514918
718.45376196 420.438173009
717.178779971 325.694753938
724.304398059 719.39036738
647.571637208 287.551170391
718.248391016 695.947016703
426.403260541 469.916988911
709.719342128 688.023061126
136.203554747 420.444290228
302.47062342 395.856017022
644.461214231 339.805041109
683.738234499 338.630861602
673.033873013 343.738832664
788.333375318 617.591451483
631.641963816 310.66201314
342.817316201 427.486508012
738.7014155 419.813995911
138.028835415 389.586562119
660.41570128 639.666996002
753.354810656 655.661513916
732.575241382 664.539954765
375.965966825 425.963941863
646.497984545 196.990711699
111.190234263 395.601079187
676.118502897 307.779142522
780.148102392 578.481410071
759.809496033 554.421748811
691.69102357 324.06301154
690.6233885 658.82298031
669.952038159 352.958335978
653.645537511 298.630823651
480.757789262 543.800412819
