627.783289245 506.768683046
395.759444698 566.030195108
395.626606847 533.362825354
239.218533045 718.694911799
414.692105096 554.011748822
229.46561356 698.165532577
312.414168509 395.542714263
415.811864474 351.928940498
617.411083371 475.397174739
356.474242843 634.990295705
416.521478455 522.992001348
217.915148078 725.342056884
397.441519272 684.927569295
283.148282531 737.612113847
458.668781106 104.826654968
390.26913745 706.166378075
283.345043661 761.909800438
164.701452274 498.165704079
284.489896394 647.756513394
128.569843639 394.40088983
268.833826304 735.21704369
339.209537699 647.587812273
343.538264695 747.055203568
314.090445329 353.819873335
378.655364942 366.576029612
656.394191248 508.614623809
407.960534355 172.440981819
353.885533088 336.699547005
405.884159043 147.697164845
342.502205139 376.271798314
324.943675013 373.873111792
229.861746304 683.053158599
137.413803299 471.422901797
258.748216591 711.031609304
416.115739934 617.151702696
251.697618353 767.535966879
101.968370104 423.331635822
220.854475192 758.669390455
434.844465401 179.397032871
310.688471979 614.795367307
376.296304825 732.545951477
387.721666552 585.368268583
160.447428117 412.252128106
356.99149267 676.667015528
302.120212954 686.383308365
376.866862389 550.795267604
460.643106763 199.500149783
471.451028419 172.08774046
431.799175397 101.265255569
673.792973066 492.976760446
370.311645595 603.481673678
158.358785207 466.589066104
358.759871696 726.655714925
378.215890642 683.884416605
342.543115371 710.976521255
360.477123084 363.267241479
362.33625155 586.462852644
401.744866314 662.488602001
446.483941128 122.409982563
411.994181956 273.153505031
400.740669345 629.095759717
677.81827677 466.799219369
317.19200057 658.883605326
428.608907183 119.579704441
438.173879104 712.739906747
200.980767451 724.042413557
290.699920678 713.805615725
377.680402147 750.396697618
111.701744228 510.357246793
305.155688744 596.438867308
649.47277239 480.076399578
177.437302267 459.521133075
186.840822391 426.030817039
109.8095393 272.03765797
653.967724377 451.777243873
415.68300879 704.147965361
138.722685304 451.092465952
349.655414422 418.380842904
370.09641876 706.826280171
330.018391958 631.51354891
278.912997964 684.020627654
372.369258052 624.763583512
322.786920888 731.311139329
388.311111566 331.984866308
333.453343443 687.857518962
381.343204883 721.964645101
387.108324538 663.775867182
322.75469661 769.442463885
412.669787438 314.226666257
131.868122357 519.614569341
143.920882391 494.723493176
148.329895218 433.047360311
239.90887186 745.352933835
598.25320695 495.127514718
466.697072802 142.655153106
361.625356597 765.549226311
408.396740659 117.253422025
127.800118099 423.674809672
441.924233985 144.842559432
375.707158336 295.375881036
