274.833202863 567.641379962
294.196488104 529.997916994
339.299505962 279.749936138
209.948409824 557.74680436
258.197378243 658.259006874
116.730585186 540.837365405
290.176830471 554.410069307
200.791669767 95.1411333553
166.62286408 102.264532349
314.535137956 451.494037601
488.319062853 574.98034354
285.044579751 670.433141937
270.376426948 437.469234014
251.448016336 126.103049013
197.056299794 134.393455088
97.1807747658 559.702154037
175.823496944 524.403133036
268.429586372 462.988492786
242.153531358 574.901093909
283.908639737 319.366427656
372.090526335 445.261411595
431.022207755 476.434448775
333.95589283 444.290624142
223.771239548 87.5046946011
168.651416693 158.72701297
172.578860775 135.288100976
289.722772307 408.888127838
238.81356639 317.744310721
262.299963236 534.393868806
270.062175245 107.865589094
194.160241496 536.759416433
158.023679642 582.171779637
255.56321997 315.028445593
290.78890428 653.949934889
235.986337782 230.198086522
295.724934217 270.540417661
241.871935634 355.788164244
282.900745094 458.033148519
189.769408222 210.837154207
243.272564751 101.396781215
131.804467036 573.77290577
315.937639296 423.754999292
451.134593889 574.157175256
254.526382492 283.20766838
416.300224391 448.056870837
258.81249036 679.088712243
138.388391476 530.436862291
86.0069256254 539.61470263
224.33087307 103.195171794
202.763439985 295.674285443
363.973865122 484.95707235
396.683550215 492.194027329
116.31867181 564.872716436
210.893894866 586.666975379
125.973656278 597.568552571
99.930591959 539.727854357
113.70234123 176.78347738
201.449798917 229.514917229
228.478385527 118.371018507
260.561672007 700.67476258
242.480886087 553.844053473
278.457664498 685.168310141
115.929862069 530.571230816
320.696922448 397.462220907
239.487421977 699.320058294
463.732968906 560.073572668
236.196668455 517.750391908
392.201641083 527.813540459
277.822674942 700.638715391
267.3678864 143.599169979
216.741255355 190.666853061
130.432283356 180.387534359
243.16583719 197.60636071
444.892045667 535.300927058
174.990954887 563.278822657
219.072305022 512.733351765
179.298359444 171.886009331
218.446609561 267.857775859
180.551233436 118.015301925
259.608806288 235.472274086
272.863604824 362.162173684
197.228139966 159.728802768
428.915051651 520.38546283
194.538618788 575.870655148
228.023705591 675.769645747
199.636372737 112.012191326
158.658102585 539.879905659
419.994645455 556.094461323
466.58540652 516.17986
500.143617154 557.393588867
321.051566984 252.845417645
120.282996374 148.116431717
200.177144407 672.115748313
163.046715073 200.15342167
277.861011336 515.772093519
180.018281803 101.408852397
272.913549159 199.818610396
144.053544536 563.506277248
478.190428734 549.520424167
370.250669593 360.697076938
