230.71479088 593.965204623
489.992541999 720.625093062
264.527770382 700.148954434
308.684446392 615.121452977
335.115648173 261.613619716
311.516233063 254.952849469
339.015742527 403.419467154
565.198843263 698.589194131
246.177090373 723.090748445
275.470505998 509.504554153
228.912325637 750.40308554
117.823611345 686.780310063
348.858194889 302.902914039
265.619553299 750.411582102
319.876542114 448.908912767
266.765545299 594.401146021
223.196607918 677.752914979
288.84437541 571.042869383
647.397233572 654.348820048
394.143360621 684.403255517
372.575906403 721.923210099
147.745593065 675.765596973
353.327208127 439.683341753
288.101523126 470.116332921
192.502108591 629.210805138
270.283249102 553.719290497
579.708339382 653.914181013
390.5053877 713.297867272
700.238783069 690.853522299
381.809184435 286.73189272
361.34117022 731.988175695
247.655481693 712.493699263
348.092869413 376.271649599
230.481565445 705.214810769
542.827833775 263.044837884
233.193879901 564.69969919
313.801591516 485.69157649
349.121286546 657.211225656
560.330186117 676.108883375
650.932360847 687.765459375
377.908137428 572.166717062
700.464624682 653.100149846
336.692152686 215.841186275
426.150366432 721.716746348
512.677258496 743.881827765
298.566699363 737.11527814
185.420149845 600.328716188
585.491168387 694.195276737
280.818873524 723.292089382
305.533571585 676.987078552
439.060562323 682.271082651
361.973119638 402.970399428
462.862427223 709.452454334
304.875565612 539.10818696
324.064572488 515.853047156
327.235545576 230.400973419
111.046962817 669.467436284
532.911914326 723.088986741
289.40183872 709.45451002
507.652322531 704.172860756
150.534177806 661.210712498
350.41673307 753.9345243
684.170827066 688.34427139
517.385771611 672.146905465
151.058712542 629.416922977
220.80259265 652.830366969
313.193835156 370.269355529
539.202341216 695.870344523
347.274119692 731.697924968
689.433817933 672.759130824
222.2262904 723.406387278
300.447907432 515.296895255
638.64060619 639.546115646
100.637778617 659.797843194
342.590357027 556.344466451
320.466174659 562.761666411
267.439006114 217.631656971
626.819505178 666.554055458
683.405658742 644.667502794
326.43166407 415.40079327
665.082873106 656.188654623
253.666417149 700.000881795
483.583225045 689.580743065
265.521447255 635.145557856
298.37220026 232.309247378
261.214494123 685.795234822
118.880467707 657.628638406
373.501210431 695.702665304
99.8242679969 701.644064079
362.296280753 247.246483529
292.812616168 683.924289824
419.295753037 666.237816663
232.427922852 740.86924895
311.612678751 716.767110543
272.388372796 669.623885979
337.902688487 674.126373817
673.589211111 677.75662094
270.417705756 736.497391776
355.92186861 703.554058467
308.673474698 203.851806253
