152.239700507 503.503778825
198.58691444 319.794860662
661.674086985 367.932348751
435.712272646 404.012799691
279.341850396 354.875875154
165.603705976 525.679196443
704.13344562 331.842835098
674.966961326 336.786919484
134.909793803 673.935123315
96.9659337348 563.558979597
114.244529316 698.981216303
91.3322236798 291.042056871
116.043403579 638.822280962
165.353872473 465.745922436
613.627893928 363.623052864
165.010350638 409.739609786
97.4031779606 659.902353653
677.440672847 306.501759938
110.667493056 195.692057473
310.701850132 416.533694797
102.868750044 176.759994119
636.364373564 322.145031758
702.114555757 363.726324023
319.260229106 405.43971432
92.1958628764 262.225384762
91.2315245487 218.242334786
605.541583413 328.726227301
696.836494763 324.713985886
457.203292842 363.277292898
74.9945573009 311.785323059
193.57042982 405.666555562
418.782689659 408.407553763
356.133969044 373.660321415
267.034335568 400.663315236
77.4887670671 695.999712461
185.714651225 341.457433913
347.652728104 357.720994029
133.635377507 693.643480881
407.70224593 398.804238779
270.440025755 323.304390521
655.341147698 489.574265723
321.762382522 289.182773701
682.026468547 373.953567093
127.321340023 308.524904692
123.857569569 231.497502729
142.728917932 650.212161137
574.159397691 346.055740471
477.766636504 320.563629038
341.059789477 412.229357154
506.523502516 349.176051111
148.706396795 324.182923657
125.221859421 272.973219772
304.789663047 390.258137919
144.479622851 554.970722111
542.319023696 356.673830706
284.990704214 423.199602364
126.760741974 479.480810376
324.300664149 390.201267151
641.887462936 357.921976476
134.971716433 176.36899857
376.443181681 396.384564972
121.051823817 513.580084847
582.720221855 375.270024005
102.114620162 276.641990932
155.791412998 356.057270253
86.549386302 317.900573616
688.597986766 357.23477118
71.1302376115 278.182120618
186.3792339 381.434486369
130.414548281 608.831182178
351.932992636 430.931512307
98.6526095802 679.138646326
617.068035896 304.779142561
146.013992236 293.419270694
429.96440487 372.167690008
397.147965214 428.231018091
104.906706105 304.788042526
389.590687053 367.361431759
505.948090499 334.103773239
194.240308125 435.625597023
651.303388502 345.444333037
90.1822042077 614.120592883
497.112534974 306.738039559
473.399284734 348.329052153
121.403693241 535.271921213
374.094788928 434.595531031
54.1724344358 283.926127779
280.460975365 287.780706381
175.927283071 363.681471753
286.720865755 380.657164325
452.316659522 405.348103362
73.5271136266 266.882794833
656.284827169 318.793326287
161.787890827 385.898546482
93.3698995026 153.447862433
453.688926246 327.858231556
144.414135266 214.644907223
536.189376219 327.828143228
572.581563188 313.639331925
104.835799783 217.714334249
