394.760232513 484.648626708
515.354032141 253.945699165
354.96592061 262.090067218
432.323906112 201.560113776
478.212454789 188.370052928
455.230714486 245.447178726
639.751276702 117.076760144
554.231058262 117.862529074
387.82946307 206.537350162
113.108835126 99.793248961
366.803774981 207.861336444
176.307512434 165.182667788
494.744672063 214.978250842
101.109337954 175.926482116
140.454425241 102.902685278
315.656161411 154.276889854
312.889898386 171.740297625
286.512183316 149.454619551
569.555298403 242.915167911
376.736899703 429.603311757
613.634729527 129.865865039
122.256318933 176.118165931
675.02885025 109.728037366
201.128460246 127.144512639
334.815616848 268.642575707
101.487991172 112.93816266
652.021148588 87.6163311617
377.203517556 452.094205803
578.575211053 150.710246003
587.659172198 105.598163446
571.911202239 168.824402054
404.21360116 205.936789
658.257356529 126.218860209
346.222521595 211.938366129
392.072521731 398.413358423
400.233565264 504.045645707
360.848622008 119.823624334
363.425367326 501.588673046
685.535503012 122.875238339
553.760104664 194.59157736
398.247845512 308.157180756
686.853439281 172.263305028
455.458880326 175.202015289
411.675673097 226.398791266
508.382608775 175.72525688
410.5758789 340.445634465
267.691206633 159.83142286
635.694513619 185.91025984
152.406140452 181.181207797
387.402920446 240.257174734
470.548014846 149.156719838
693.255717874 90.6960677087
606.308588519 158.688314551
331.754389703 135.086697683
439.679417367 212.008501694
430.210314675 164.768137024
123.257860857 153.542623885
472.631892634 260.773928237
312.726886782 192.632216664
514.161570745 145.361452295
143.585085346 147.44830828
420.65129999 447.499687572
592.734669939 196.271839362
631.658511048 148.280728153
122.478133649 125.044630357
393.263586961 464.093693843
521.846857347 118.017076213
455.78098459 451.244764932
527.009796474 184.631719632
417.118267523 480.401137122
288.948054065 178.021261371
404.178873506 159.67607612
699.741249879 133.499784977
99.9377306684 130.315856137
467.752315704 205.419934641
420.396228099 255.541306423
262.350491071 118.943265499
654.776635861 147.478194302
700.393589193 101.443209414
488.405560247 152.43158485
650.457455328 215.003045948
393.859119752 174.437800869
550.326967628 136.794755995
371.094741931 143.928865713
436.048224976 136.865071553
344.873585037 148.067844147
164.167655044 129.893700753
354.795972595 463.833511202
98.8683629924 142.728888071
382.037065772 103.237524147
365.492398609 328.09634062
373.035378952 487.102025323
287.320825579 196.288929307
538.224522982 152.286986028
387.630541972 261.505559751
355.176269241 342.821934086
676.187883114 151.577705068
333.547437715 173.980028638
365.554739129 248.250959863
299.39645105 114.959657898
