228.109480589 585.331140756
247.115496336 546.625523626
289.91615531 285.314227052
177.158030504 595.479312194
208.306875895 661.301586247
113.679163115 590.731263546
243.66360039 572.571744654
151.215970747 101.084249673
116.694963536 104.874300027
277.024665996 484.531286281
482.81731339 624.61124818
235.208841867 673.788335982
233.739581865 471.470408111
201.475099486 124.629493845
147.165574361 136.821115449
95.5498010033 609.647248236
150.096111782 566.992993832
231.2598667 496.366238975
202.124234361 604.774779416
236.046327422 333.744821913
347.735597158 488.914684993
412.248500091 522.748418659
303.069744026 483.587034324
174.028355385 91.768403157
118.703339565 158.576005193
122.727054412 138.423009183
255.103514394 444.925311647
191.008288793 332.372704796
214.590757821 549.240120776
220.069054082 107.913494561
164.103387677 576.376670803
142.613003556 629.632388382
207.755713674 329.635460049
241.008534108 658.562877126
186.180672833 233.635029661
246.981547984 281.64461176
193.540973014 368.358996269
245.176381505 490.827035701
139.826700229 212.210972377
193.451273139 99.3319076344
121.152593387 622.591970098
281.212296527 459.698860509
443.917366994 623.631685716
206.5248723 297.14551102
397.783575035 493.187630666
208.891194627 681.074534678
123.577611593 578.126334742
82.4325438326 589.436913891
174.48260359 106.72786575
156.0295895 313.414979363
342.158021492 527.350980848
378.384554642 538.709192839
106.706590432 613.863234379
181.622186374 627.12941902
115.321605136 646.390091158
95.9367753522 589.492771029
65.663207966 170.908648038
151.895445421 235.864453657
178.857873128 124.493030736
210.620086525 699.625568845
197.365605716 575.093845516
228.824781378 690.956765872
104.424278149 579.06617766
285.150545695 431.187237886
189.56574687 700.930601237
456.534423411 609.522390845
189.399463231 534.912380824
378.785136204 575.804554929
227.832455804 699.973392575
222.537173215 137.301718547
167.030352184 195.607702601
80.6413363669 177.97961491
193.408525832 202.352503047
439.350924131 584.988464054
151.677480504 607.431672331
173.031920143 525.392699933
129.383975851 173.445336082
169.407292888 277.557223785
130.949212762 123.903518655
209.810306244 239.566420165
224.413878931 372.005063075
147.318825867 158.782598585
413.94663174 568.077317509
166.820901211 617.480667768
178.370140139 681.510885088
150.034807455 118.212518958
135.390041344 584.003801081
410.424790417 605.155679016
457.101150445 565.255577498
493.45901798 606.93799549
273.629695718 262.750162646
71.7184360148 145.630203891
150.669114419 677.974882029
113.186751899 197.854268383
230.931331845 532.997047542
130.037247465 100.495628485
224.548363823 205.938731095
130.335569044 611.572927167
473.641129958 599.309566174
368.768504176 364.05192965
