222.627465856 355.184533438
317.154546384 618.655267199
477.837637359 726.309594162
265.264578406 784.673533844
387.59473259 700.741658645
197.261518071 761.079916971
185.445564218 419.193104824
265.286566379 174.367291853
240.02328914 191.75630672
500.079761819 707.408973531
348.074119967 627.190612147
227.523807464 397.4218636
217.952674299 780.250863358
374.148587258 502.00469097
192.756247835 355.744976771
411.066292348 736.071886985
442.632027316 684.143204986
241.005940581 124.400054818
320.92823348 720.073369283
367.036141578 671.171982754
322.943992817 646.884502792
247.330996231 102.488927842
208.699468375 465.288957925
178.514299521 400.18198145
185.728392062 683.039167069
242.554375403 789.834924819
156.449298744 710.803927502
227.433589813 300.496988021
210.999860543 118.96662098
225.579360477 727.385985957
198.675209834 386.243560896
366.610076628 606.398878012
305.993374473 757.931153801
341.834827974 705.298163573
197.236398824 719.550858491
300.984690606 777.345388953
332.05078688 666.952687024
136.514389769 594.935468112
355.344193439 656.574798379
217.738894021 375.322933567
173.453404256 742.980955869
355.016494886 518.384925671
212.212287836 340.00489763
445.846501881 707.345128353
411.040485528 693.05443408
383.46811861 636.559129633
295.137418889 706.526471175
288.370517762 671.618411464
310.342788381 785.226961645
342.871232028 682.714566015
148.284822506 618.703214664
286.535937809 749.614244303
300.462800067 725.190691731
471.094666497 704.401151479
230.317364605 235.574279687
248.946160351 212.942741343
478.552227508 680.637804204
343.46741488 716.955086783
213.398854725 188.446204707
339.001167799 764.261136227
244.795926575 780.261533455
258.651587907 257.806703612
271.147768388 734.609047156
119.265414957 608.435746102
382.984454202 688.637716202
282.592712862 784.064670105
224.163343817 101.411949923
352.384130796 732.892743808
319.900607813 706.297723582
237.340987993 89.5256995422
235.264852587 169.785335726
394.205608088 718.301070782
216.761305342 420.260120335
336.998876641 748.062658282
318.531697069 670.5315973
220.136017098 318.918445527
329.432782178 736.46409747
116.059321092 647.558901804
270.524912304 142.917397804
256.9795445 115.638646333
252.954868032 369.58896691
363.876819844 641.972966082
224.747031914 753.992207631
137.534993774 694.434039507
227.81446562 277.757443831
345.236334762 698.08121353
131.679606251 638.146845741
443.078219358 731.205161493
423.245049607 708.80966132
153.201718944 668.212458961
234.293287803 147.628323458
318.813292171 737.887552914
269.052599679 761.923267502
245.062899476 337.081991132
263.433859167 280.132725149
274.264190426 100.685594967
176.597157998 706.823631111
249.372074417 304.123839831
268.350112364 706.279057589
318.321816696 693.203251667
