480.991957668 640.159660258
511.680603757 623.488013578
563.724441114 436.614379039
286.692919281 307.563723697
466.914423942 668.649688801
126.26889632 316.572200831
507.469183787 645.179800849
508.127528657 150.119548811
499.264485613 236.119271355
483.078642675 415.53575017
455.339350873 551.737228189
485.001248002 677.159544926
352.614572004 411.915914876
576.422725098 104.253075553
522.346441195 253.294844712
104.813402407 334.088546071
186.786321667 273.923702265
319.700769624 431.873957249
453.325111253 641.210904139
589.331038154 383.92687713
488.778462042 440.012560621
525.63288931 461.072055734
540.285977684 406.318105838
519.679447534 97.0203111665
462.405601094 343.431951321
511.350391488 327.033496113
507.056816447 394.712287978
491.336649496 376.755785417
476.19929857 613.287118148
557.609882513 88.3012564343
212.765341287 280.497646584
216.068254818 355.590159543
528.785667712 220.501646683
501.372053419 658.310404564
546.93138434 158.398034334
586.416891682 398.814752588
469.471468057 401.082522136
387.930120394 405.491101829
468.145004721 368.620481987
553.25608533 98.1999150702
172.282462849 359.4895261
565.72642745 382.132509249
422.416199301 543.76689699
553.936305794 193.613679296
546.349378503 462.598173582
482.255047936 691.729224836
154.900780326 285.182254255
96.8801432352 305.85377659
528.98784608 110.084851098
440.626009324 385.513566268
471.639541057 432.975131741
564.65050671 407.028931957
141.465302345 335.245953823
258.50667927 332.836578065
189.541736094 382.221178205
108.681630586 278.253018477
327.352665688 364.229047156
518.630368133 352.995009396
535.413228165 129.532997306
470.770322051 699.053645974
456.340454125 597.811981285
519.981786132 690.817232732
138.398343085 293.863917852
550.84233177 393.917999893
459.495381685 698.57912053
429.608440696 508.950706566
359.238379459 507.079421819
424.749000448 463.941311728
498.626032603 701.917731207
557.774481228 116.309604495
533.329250365 188.311025917
366.147386872 360.931920044
573.933394743 134.00986231
458.003159428 472.310046604
203.161934015 306.220805324
321.442456612 503.977005725
497.192168507 347.488539288
552.752989687 361.856190319
514.541233159 207.895928661
591.155147862 184.045952235
596.377148275 355.876195068
533.909775223 274.441320993
495.39043333 461.103961579
241.523171092 294.278849986
445.307877225 673.872231976
532.356092713 163.181540657
167.920621847 293.033999788
407.277673665 487.80416483
537.025437272 483.405420287
474.332627201 538.23098649
556.570005445 439.727764848
331.637522862 325.24852914
394.940116725 636.599234109
434.958387935 354.155180401
498.732366663 585.638057191
514.657184556 179.907070632
606.75911966 372.804517207
175.594776034 322.751178922
463.097929243 492.641681791
515.765925768 424.685989021
