642.022532781 468.672443393
467.28772955 413.389938912
729.384563401 305.228408637
439.468644458 409.97381201
712.836048487 507.568470159
458.803703112 434.036041084
631.399765895 559.427618599
702.394507488 564.296884809
734.925953289 281.313351761
515.279233224 272.830604905
537.449976268 421.234783581
699.009883143 473.223654766
562.086854738 288.77376428
694.375364018 264.45087528
712.116524684 369.055391217
733.75405482 203.083785556
543.397017477 351.578473412
707.673619143 465.70071794
634.435837632 375.068607298
583.460229585 406.140064598
764.097014459 123.214945344
689.56526289 222.773783431
669.442480016 522.641028659
705.102060615 169.065507174
702.698848022 284.897839245
540.315394838 264.990801286
791.620367993 105.143592843
629.083572497 421.061406812
729.553711715 447.121955448
645.860937308 521.769281818
497.616010772 408.455256316
520.552626587 325.574786228
771.963316902 127.422556812
497.851860686 313.032787227
684.077220007 492.147274244
657.990452519 499.333420597
731.081407279 98.4909431827
636.879684889 494.060191212
639.64618616 577.609781935
745.72829717 268.819127133
280.853854062 543.558146122
775.501321324 143.135452799
769.442647224 180.136832605
692.563158764 458.244073846
749.013343057 148.63583717
522.531862713 240.308607728
723.714916307 190.456565383
694.502693875 408.288969893
712.698140813 277.53472197
716.772049499 547.296464759
757.189525041 95.7298652346
650.233484174 544.454726263
717.399090224 486.030361849
723.432873534 148.688442116
664.303509287 407.402249875
730.206354821 514.881626068
726.412480531 131.704325554
607.17941463 327.007679844
708.226148222 183.236149485
484.023166606 377.9828581
231.607367287 626.882137961
528.823064689 382.578120128
691.725615649 473.048204244
783.061899522 124.453598397
702.120666355 343.799318461
667.320592908 470.306489946
779.597798938 96.4016456163
681.855703065 421.185337369
661.27259554 352.30489874
686.395822954 475.101116962
706.991293319 434.375287554
751.681984983 132.039994472
732.77168448 240.667755212
478.394502636 299.914765721
507.401330646 338.570292857
582.582157475 383.033443327
773.930287788 152.587155127
719.84666444 221.433454964
657.347401665 556.75304372
761.941856023 105.853882452
683.784764161 443.178339741
505.261740385 438.24526058
505.557053293 352.320807756
711.810892722 253.381679357
745.535520613 107.469748994
721.061784873 463.291545807
729.242574473 320.446583137
583.859385167 431.222680961
690.928103881 244.505093707
743.398755598 164.420817899
702.661111164 294.474230225
551.593946709 443.787508806
693.699134289 518.652377308
591.939251237 328.569976105
691.598583936 337.820690902
690.741726757 303.226682872
784.822757767 91.2135066348
678.978120853 373.974006498
462.334474921 376.834090939
724.974140975 112.086696676
