423.045767095 641.031198737
539.226059032 390.324870953
686.42299028 643.027409763
566.431662731 658.496351978
474.615407927 575.962226819
441.368295958 583.992945172
717.313361941 617.25264436
699.710095692 610.077754155
464.2574045 681.500845818
419.482767094 662.534751095
468.461134098 662.267968239
443.870592987 523.692296704
467.965200055 626.341135893
429.317718984 600.55229874
660.832928545 657.54257083
417.349273755 573.920902428
451.15159531 617.119937155
689.135624826 584.975405669
528.417243501 216.088069107
509.621662299 633.20707738
527.608739402 199.355409033
660.817425734 615.822078086
709.107951318 637.573200976
519.527886674 605.871822276
491.104319168 409.280668202
516.009184963 246.378428408
649.806463248 624.991423067
707.851775552 594.48985957
578.982415571 636.358590776
424.846786078 537.553642249
482.799294898 553.016210784
558.946337077 681.387815989
533.68297637 627.310147433
470.923991456 604.569346233
448.108504047 670.832714286
530.152363619 464.94960258
541.766396055 601.121207825
493.086330186 673.520147841
548.282463316 648.859132994
247.892648616 354.951381317
697.895685177 628.776244977
549.164378387 276.298671646
686.632968081 614.036376772
500.990474328 481.570642308
544.899147046 254.360764961
490.480589875 647.133160192
641.666564064 636.832477119
596.851426419 624.325208544
521.948423715 646.329494701
611.742926608 656.652076401
518.02223457 428.760345951
516.917025182 387.873141312
506.45892961 587.527854317
443.231363891 640.30675533
632.280619184 645.308622596
494.238600358 623.224075351
406.464541136 618.011422363
524.988755052 586.074658899
675.853537878 642.720687839
556.740682538 188.575415772
538.03184587 653.473097509
402.456964853 635.14100067
642.129942501 656.00691318
502.063709616 442.431609708
476.586875362 528.224920786
421.974996832 552.798587129
704.948489439 628.948513712
470.163279067 489.426206888
506.346950784 541.18452634
498.066360632 603.458928049
513.486635707 676.04831225
461.577993726 646.358340473
652.82247593 591.365005421
532.207210964 406.999998389
567.952452107 628.698531109
549.520428295 672.882742251
479.584779365 506.829195392
560.572380983 609.855958046
616.859575587 623.768593128
462.769452311 555.171468768
677.570298601 614.854548771
461.007828362 586.628051344
598.603837295 597.312790361
598.442264285 643.201761621
395.540766965 652.646060789
534.847861089 671.890094006
444.752941024 499.492002002
531.839687202 274.366634406
517.448626652 509.606929321
490.042569581 585.166328596
592.245974304 664.999861356
469.401372152 465.791033641
670.285249062 591.74103579
453.136501229 538.358172289
533.902722129 177.393237964
579.470399146 603.234004311
565.484193145 219.182993238
632.302441629 613.715568641
646.881770269 602.342721526
539.506272523 234.74489635
