392.509907453 545.885300311
412.816571318 512.962679155
452.551623401 263.762160523
256.405677322 451.456238787
377.52448317 645.870672825
123.353602105 421.061007289
408.371869421 535.694389124
319.834387883 89.8843362931
286.007510311 92.9479005964
397.645145671 365.029552372
508.606452153 456.747862828
404.629908827 662.556955261
323.710835866 387.608185516
366.629367893 158.215438721
315.573469382 150.500661777
100.767026839 440.026709754
195.969177336 406.454707704
318.932730683 408.371374628
358.23865579 551.756841037
395.863927471 276.712599192
439.961071836 346.884869782
473.520892002 364.634141104
416.769402477 357.630891122
342.465651382 86.6304581864
287.521534957 174.264020279
291.587300094 145.982680656
380.149692395 330.040483772
352.035857247 278.045527017
380.589313285 516.458071753
386.175793434 134.531220446
216.437808709 419.403477978
170.049216941 463.114095673
367.71955916 272.813381414
409.871017906 639.773278458
355.831417018 228.043694196
413.185133654 246.888006587
354.215827633 313.971242104
344.443326193 397.14973203
309.277220027 216.812859217
360.366227591 113.567069019
141.030716275 454.285477588
402.425782446 340.781315325
474.433777307 456.815156209
370.507838064 252.650885694
472.407415307 342.381425987
378.683505312 674.434936633
150.939114175 411.294601358
96.2372559173 420.298904629
343.153680876 99.1797367944
318.553395741 265.515380549
431.865931287 386.395373818
448.996814455 384.517012813
128.082650441 445.637912497
245.503747493 474.70541304
141.985656213 478.698800234
108.476523415 420.24369901
232.648570918 191.034459248
321.347791155 226.725496163
344.44948303 143.183085283
380.312218115 700.532368735
359.585097079 530.710622796
398.185911444 682.521848539
127.511574076 411.23141885
410.965482898 319.763034005
359.198835033 691.665726597
490.391706572 443.163506663
346.27471547 495.795518966
435.498091832 416.361159103
397.759157691 699.188711445
383.214316031 165.278272097
336.65446497 192.934433448
249.59946318 192.016535554
362.862767394 202.720961724
467.624283327 418.075584468
197.337279567 445.74655751
331.013046152 491.085808924
299.063007021 178.308549261
336.013972792 244.459072608
299.297300907 119.034493491
379.380414439 231.923936911
377.917388427 305.081066223
315.47596168 179.3049905
468.963876169 407.379709125
228.224526401 461.96304652
347.629358256 667.516596981
317.772627149 120.031235791
177.349428941 421.720671074
452.143261095 440.90920113
494.495873835 399.741131079
513.822647744 438.346354429
432.900662679 221.162261866
239.173793346 163.463192078
317.173009531 660.789520739
282.373432379 212.464890415
395.898917775 496.684405677
299.604730909 98.3225828667
391.264882433 197.634902485
159.575714928 444.766061683
493.135820402 430.572367897
431.576012902 309.97845855
