545.186767048 617.691018215
448.921822876 367.788175452
164.778106763 254.657510619
417.112181765 366.914435022
472.658776537 266.167029891
415.440303023 399.239674213
599.08725981 273.885066831
502.558486711 293.544247345
521.277977757 437.738665546
326.999907371 299.10447996
513.019582474 533.772339852
351.01002313 308.537283508
470.390674765 295.908678505
105.328560245 227.983933953
355.657020103 286.757245766
526.824150059 102.807286269
430.189802156 438.824578276
507.956767832 119.891690588
487.411936426 375.759883979
536.483504925 522.10099245
557.507286973 282.838263904
145.73538661 240.201592664
633.12902764 244.808149233
367.909512616 233.165774361
131.230779044 247.838247613
320.332536791 267.920040154
570.143827104 289.457533815
533.784172375 555.79760677
532.963660522 278.84039834
591.460175612 236.218584876
446.808928253 389.856372524
450.244314109 413.817625327
553.009785043 325.822061846
423.838996096 287.946704784
563.331463206 621.711428565
547.820945957 645.546983534
550.511035658 58.1271569368
519.45881243 637.186882781
614.599778875 303.834104358
546.206131662 402.900734291
127.371201849 272.726462053
554.162749292 346.876389739
531.398493444 189.190403289
476.965224604 436.450828849
540.440477234 231.415794934
153.986698281 269.406551077
422.382812404 239.059294131
598.739314115 480.123350208
187.374212105 246.286667078
449.884515072 263.143686252
561.042789132 166.941472626
626.078959499 263.245125269
522.149430469 305.169634433
536.862450931 75.4032541042
479.901786251 407.837808484
526.562380655 155.173937394
171.800405022 222.379820597
507.827477858 373.251784986
438.483605968 241.288218528
449.869823588 329.741222308
294.499179587 286.580209623
576.297993023 497.026338437
590.459451925 508.389178304
518.845769168 339.06586412
349.178958851 256.007487088
546.554615928 582.151815509
558.303097431 236.708252178
570.359735208 535.931463433
498.854986466 411.472944623
562.985300755 595.74597723
378.297410933 273.274130684
561.723751061 117.561361623
575.696887492 369.084687751
292.602288433 254.046883892
431.590164275 307.147287614
553.824029983 510.137963048
507.249004387 86.762319981
521.986425968 374.011285589
636.26962281 279.152883134
558.294924462 187.496313529
562.3456526 562.498678026
394.503330902 422.057202168
464.134360052 337.589925125
541.847825128 96.3228418547
575.625786691 86.5140156061
530.654762649 120.357894892
341.596208485 217.148336058
509.263803063 582.691744371
139.102435326 207.188372851
550.989708326 83.1515036812
96.2060631157 253.858975639
522.743792128 602.468739648
375.395020796 302.26661385
486.81231717 333.329742003
433.64539449 267.806184126
108.181809043 256.971567587
582.65061431 309.215962476
462.178335447 454.030850872
338.216222361 331.555272416
511.293686202 65.5155006296
