254.391450449 677.289400926
675.881424466 338.796061722
486.37623835 349.42424406
505.978979562 317.415567483
690.056910933 73.8078872465
661.359585537 92.8110056906
680.32889113 256.447795408
667.181693342 361.327124575
416.837685018 338.404448167
524.58007146 274.55882946
375.402124557 338.808930555
133.781810696 367.583744301
675.41097498 100.268080833
441.049692863 361.953941862
587.632044501 239.331827486
449.633532118 268.798110036
334.76083863 283.731207233
511.721088241 291.429079871
699.756847487 353.847623078
610.490997162 323.064288819
696.700728051 400.496555887
146.078695496 374.287240793
682.995702053 271.729843135
559.84281534 255.665545248
181.015376411 647.084551614
487.775863233 282.245597071
704.975511198 306.682342035
596.625802498 353.574143454
718.182698628 419.123684899
711.152181702 77.5272931994
686.499441018 405.294366489
401.598129247 311.191645975
684.433488688 229.456014607
361.077267145 300.54559266
692.693650928 97.9063877229
256.738470965 658.84639379
595.999930542 264.305763347
579.155458596 339.20952848
697.478260994 307.279381986
687.840531139 423.357624453
579.217531846 312.065193021
715.396845046 371.555809113
683.869559201 39.0388060468
547.757856238 385.554171207
649.174089583 369.697367548
667.577353905 426.549223438
180.091909752 336.801013879
685.291131202 361.66231138
495.840951214 400.369840687
516.391969364 367.064185235
647.400169328 313.717762478
698.010843544 260.813834251
636.456357088 322.524687249
527.730471936 307.828429243
594.36301628 287.400603421
673.300466537 62.9905845764
120.28418014 362.699449174
629.791359125 349.076134119
493.300627459 373.224406002
661.52731561 311.973971642
163.744954676 346.08625248
686.950065198 440.018147371
701.782424708 431.549033627
678.849779566 288.695329949
150.808860702 323.216293664
256.740399598 697.2079154
659.935382688 235.853977671
675.448684163 315.120683099
662.251215467 395.988801145
689.802139036 375.444524087
322.208570433 304.624576299
557.978791513 271.554433866
714.3705462 306.973176008
104.055036201 341.561750379
554.919766845 307.722059031
538.906190091 321.59874732
637.943773343 92.2679042871
692.56253262 318.850777447
716.805863757 325.783462572
660.214624657 256.929726995
699.757879648 332.072629977
439.458062138 305.158932439
653.826945863 295.179286256
463.419552479 288.39254323
654.318988553 77.9902483992
425.818574755 277.828494394
130.892016064 331.614442849
555.776572819 356.494994691
102.526431925 361.491108394
696.318408587 55.2959102773
512.042387965 331.425003485
618.014758672 302.549305894
340.300024269 315.011845581
632.631350378 390.807692767
477.322052959 310.578032159
529.586118211 351.846960721
710.809001563 393.492774522
461.332118312 341.499539283
513.603368957 384.139990703
652.124901296 55.7125691135
