250.012081701 67.2650392472
498.982171614 393.100234927
428.984805026 97.9977994675
191.675300573 80.3291123361
557.044866454 480.297847953
470.696291662 352.770433929
450.064175919 104.558609182
605.37438968 298.976613019
223.439562119 30.5874410501
746.150180083 506.063477666
773.523142896 110.298580354
185.423133827 93.3461232398
655.648972086 357.783589899
214.426676665 96.3618061844
437.57176666 129.236326628
685.7323185 389.45964214
174.454498247 108.970575703
558.147527037 373.953188177
491.623127305 338.880517075
517.912556667 414.268268847
237.835831567 85.9286018255
670.595068569 537.244239396
751.955265326 659.302576714
437.463982148 233.257744273
625.015397379 275.789924387
274.069679431 82.2252558169
732.468768354 104.032969145
546.875329696 343.529049953
473.955961655 207.696899682
470.869450339 380.12790168
733.307162022 127.972066161
462.642592839 290.106649272
392.760578143 259.120371111
667.249191931 501.087086396
646.068895734 305.544051048
734.070304635 660.82176376
488.155866663 168.116727707
722.454987715 633.176638692
749.084482538 101.320477467
578.335078762 264.270458994
768.690639427 628.165171732
478.72444618 403.957105557
773.89244582 157.639267517
203.685547279 67.4369283121
713.25724239 490.497799792
544.251545862 309.646046688
755.571039722 161.329354967
549.795251252 229.181420666
506.288797716 223.733594801
274.312328081 59.3311922185
734.018742635 462.130846603
502.05090971 282.083140112
789.608085594 638.957320015
720.898066053 416.60746759
738.096094758 579.963470233
521.758754755 161.291932876
762.952263266 94.5491017695
627.352218653 328.623906442
424.164741238 106.902226054
518.471431593 339.243140904
594.813120419 341.64146588
281.084056002 42.8775893738
684.873961406 473.015402636
473.323956899 240.605118396
207.174016723 16.3911374869
168.641259144 52.7116051754
187.071459823 41.3705824378
779.478932426 656.756491718
531.765094489 449.555114741
430.097124899 251.621622594
245.033376343 43.8348983385
749.456135193 141.544123418
512.851315416 180.313425363
403.873530371 233.853188596
253.806863538 25.3367527788
658.066470827 331.18674484
583.470419558 450.890573993
629.947122495 373.868664011
764.999739602 585.104404413
511.987182642 367.820220907
448.522109463 381.32440181
475.025639994 416.485992162
747.953019017 622.340604492
528.20658163 203.340111946
712.59913991 533.611540924
629.174361371 574.364253679
554.369631491 182.73112331
758.55848013 686.588146976
585.701638829 307.533193216
688.609448498 427.258339026
600.842585275 436.223817034
561.291969666 411.557192261
199.794673141 116.245466871
222.194999345 55.6170190763
762.003428703 133.370152584
785.338010071 678.881367334
410.950984911 112.268038067
731.73143803 154.333685739
753.289875696 121.462862866
533.774841499 260.593775652
