671.180777036 105.689068781
399.389128117 118.952186626
693.980936654 274.749551225
558.914169899 643.160185707
655.543161128 219.304686241
504.253012307 680.683701292
566.682367033 167.272220951
711.53313909 42.0234414909
676.335011812 81.0196251646
621.553131144 558.063838759
629.046334043 434.588042994
677.635599658 102.905252877
489.493671756 696.828360343
703.933631183 232.864012139
505.26956868 119.326357788
665.869793264 284.852977549
686.053910309 239.923717515
660.283034562 56.1212837467
608.855505075 519.371762827
669.751196834 162.936532
599.528574069 414.679661448
670.376740622 36.9442934844
695.823902463 210.330759755
538.081762142 141.935074467
657.328159047 128.280318571
527.67568286 700.764690294
368.543783269 101.098247882
679.217292459 93.3421943741
645.270128518 68.3669784733
140.664656634 102.451371571
630.561711599 121.34924653
684.703365458 168.20238442
565.876678689 681.027006485
638.229032495 526.365419337
360.928263701 137.217980566
546.310493373 663.553313143
606.84816188 449.627757917
690.530000526 91.3654565658
633.74013313 457.558773625
647.058316146 98.4707573842
106.763972206 89.9172459244
669.640650948 190.529091103
464.585787531 112.394218508
672.126195803 219.611539322
667.033917382 200.740475115
691.678711766 143.955106636
128.346127315 114.899315915
380.379634544 134.32080671
559.575035855 700.934930096
613.113086114 472.555439739
689.532000512 186.452473208
573.254258088 565.14331726
549.26875037 559.872362643
677.777257134 252.628204807
654.830912455 94.9346027186
687.863306601 47.1310086561
703.710870821 255.646739753
605.932840217 583.289189449
623.845460962 85.2378129883
584.829673185 674.15135317
508.532025303 704.470688098
713.174959343 61.5589194308
513.502409643 670.290285785
657.060072467 112.893378856
648.999897182 168.411920492
494.751128511 713.587785553
496.878954939 67.2620798641
607.755810566 620.174636558
594.387639326 490.595766672
640.964620217 43.775460123
642.048305128 80.8743910253
652.322326044 251.424024468
641.471806473 117.032973059
579.054123707 652.542252214
567.389798555 422.304622758
628.280258113 99.2087113993
583.286114446 592.090504629
628.659971483 134.983957704
703.440763421 83.0380102458
673.555065779 60.2192508241
685.692884455 66.5357448107
649.818673056 141.598688129
108.57815428 110.416612303
375.313366562 77.5226850919
484.880969584 85.284665073
626.329085139 487.255769573
668.217001982 134.051453207
676.580083986 267.211940581
661.039524986 240.879817427
675.945932777 117.216052809
460.887030389 66.4496351078
566.043118446 622.350246859
517.44423684 684.562691609
667.748326129 72.9310417562
701.247813179 164.963480549
683.071629967 26.4555961495
399.827493682 79.9100613201
700.737533454 102.695671234
124.5357283 70.9926349927
577.775202195 455.267914621
