206.66352308 552.028665142
419.857758934 111.427939082
175.666530384 174.4444896
297.811119502 77.1595154865
375.53707027 69.1352473976
335.900904282 107.369163598
651.69377215 75.4849913859
520.761805705 48.8352148177
229.592051477 99.268823479
109.983947202 72.6284289485
204.454809641 104.135153833
150.499471299 89.11796431
412.708376483 90.4515932391
96.017709499 103.62797281
133.266336275 78.2986715024
194.003850975 51.5419549473
190.704153642 72.1798961308
170.863916345 49.2710204004
566.938151018 229.008293505
189.11239551 496.434176498
614.599050675 67.3014693484
118.095143604 107.33382795
690.480430194 75.7164078253
145.796312084 61.1074360917
161.344934929 188.540954189
96.6664049509 73.5789675188
674.038671525 87.0451984145
188.908139715 517.647172201
558.74455822 68.4155734932
553.925958101 53.0714981832
551.95463032 90.8399236767
257.121314608 90.8750554697
656.495579401 95.6930170964
181.585280544 117.688995757
346.60511861 417.074994642
212.558894424 572.766539006
225.420274573 27.7844926966
176.86254214 572.948447718
695.174695689 97.0805912535
525.754176936 104.772638826
205.374666267 271.284689648
698.882919876 133.909046333
325.796164839 61.1344814427
255.790728043 108.295161763
420.174770071 69.4579904889
218.533650642 290.704085033
155.504356325 72.704973393
645.021738233 123.853872391
133.343120278 108.963745629
220.843965828 131.805775275
358.803788982 48.4755630254
701.536728326 87.1659829427
599.055467879 93.2270639256
205.116097784 40.011659819
296.817734121 95.2077361212
290.333223361 63.8095098953
119.365215163 90.3974791448
385.197363769 124.570762344
186.394150832 94.8108303402
450.981378383 56.5105052952
140.800898262 92.2352424759
235.56818573 521.004737921
569.087305063 114.887854362
633.560876864 99.9472544485
117.841343268 63.5962832328
204.190376883 528.226237115
477.496084807 53.1598943452
270.747824036 523.937620694
457.417944035 92.1321135868
229.677573472 549.370462443
164.736529083 87.5773777202
270.627288984 50.327836578
705.343592112 113.669530891
84.4852104572 87.4294830298
333.302979089 87.2935950919
265.863827131 140.518629857
146.350951674 40.1614070047
670.074926007 114.433044475
716.834763537 95.2053304999
397.463169836 55.1856410642
656.670656526 182.278254323
246.645484965 74.2268315049
514.063265398 70.6111632918
235.864616652 48.906294592
306.634697234 43.8558746926
215.575153141 60.1182711782
129.211945791 58.7877472743
166.462554534 530.523778617
104.615250089 97.3699397088
250.894716147 36.0257627313
176.724594746 275.54506798
182.705448865 547.929525976
161.410625611 113.068629241
486.734431249 82.2996313602
214.794579675 162.654237181
174.650048604 296.659245023
685.01440374 123.421356904
203.413131004 83.9504383296
186.474859094 160.201452122
173.650005388 31.4544195349
