370.343846487 484.954761589
354.502593894 514.901466917
451.394615517 628.847504468
463.14511316 675.733179846
353.852645634 418.462534585
116.563241071 658.051042096
473.200766901 247.220841966
484.788331705 138.233946349
375.669825398 707.830746819
396.874509263 533.097214158
353.167249056 716.991810436
302.840211282 487.465337585
385.344406551 448.64344859
423.613594758 627.383862087
396.783717135 426.496454469
378.607346309 650.11639336
294.28986895 662.14442381
409.097235961 554.554681077
437.568038689 193.224063128
401.870542048 672.687521907
445.729602947 138.733616445
436.602560864 633.574869645
459.831002008 313.141428758
360.486036829 683.449759723
336.02647744 460.888667905
442.677630082 243.755238207
442.578196532 639.415542102
471.277310304 154.210243803
455.03410496 649.415767464
385.976263096 618.667172119
431.595328323 147.42553384
486.447425138 677.064249119
398.984927311 655.060210772
355.885668021 649.180883379
425.122862026 687.386124218
460.150219242 614.678908844
147.906454815 639.41492543
400.898629169 706.836259257
316.623941822 712.757960489
466.291820638 663.083623695
460.867142945 284.999843806
469.834655337 215.658099757
424.201145471 361.972727988
343.223729154 504.297943267
487.087409012 111.452960781
212.835926523 726.677187038
366.496371476 663.01363465
456.142577534 661.646992801
393.786465103 681.216768136
445.917027386 661.543797666
434.302552297 578.510146036
410.540738735 348.933494671
420.629893398 638.24657531
395.422726307 497.273370303
371.637908577 473.991963027
397.494027985 469.387970178
336.212974312 692.083811147
326.25088995 646.433376657
372.718262055 543.486560494
472.850507856 120.929532378
428.976288623 669.482929813
428.965487566 653.596960491
470.6342648 633.165977081
349.979019562 478.617127476
315.71351168 441.736360861
399.614146143 636.83236432
364.434958853 465.87457655
400.459069645 314.863860683
429.699912333 296.803035157
128.023482746 637.069981757
431.399231062 703.439367104
152.433897024 665.113943643
325.009521435 488.376811229
433.111000429 329.582652304
422.724840853 531.486941019
470.716687946 698.018887862
383.139789385 586.734364888
479.038666593 647.094160069
317.969787523 677.823301563
446.720704186 113.147543158
484.812507322 179.445099451
318.107886828 524.563989168
405.329193453 577.457801568
284.061947427 696.441426387
380.157844419 520.111059742
447.077054001 685.856082075
335.649759579 546.331890339
446.839156917 272.059269343
435.547739142 601.593257289
402.544803516 603.491876503
472.899809575 687.549629498
390.057078891 349.453372917
355.064128954 559.692246349
420.007659038 616.374979961
420.332303675 275.086884258
274.852178308 668.539482699
480.339629767 98.6959825326
331.433303095 658.020834083
415.900858503 649.857061039
374.691548929 437.067154703
