211.077460023 460.467821646
529.529290729 149.200448349
513.231151153 117.568908597
130.528215868 456.695586157
487.369188979 234.327269896
325.878922932 217.578313081
737.997034709 87.9472954709
785.450056364 100.761963905
196.394526335 423.608949061
416.592650694 285.501062628
529.090260159 128.097919072
105.008487066 481.154218579
768.419499242 143.663030622
145.193093764 478.847375004
360.809905354 109.974735684
771.525690694 170.405838392
115.886511299 499.8518635
753.955264845 115.133507953
329.451443965 199.783741007
612.100155769 112.13793423
177.135097043 482.195554073
385.998323694 323.303712228
355.660591144 671.115874204
249.253017471 144.027310299
784.208600404 68.9846183909
230.905406116 474.539014511
295.360114584 138.968556941
563.478837827 123.968135854
299.070015529 122.927041998
366.855146911 165.055160351
299.159201971 155.751415849
288.612673113 196.428659218
219.130733225 184.909588381
373.266119189 297.245476563
791.539089422 111.970868628
334.47757918 689.14355022
637.183395805 106.094697186
324.162174669 661.623294838
313.237413148 139.136291048
311.583529936 187.016426142
367.686068304 628.306861777
484.914789488 152.121358302
676.831165974 94.965219884
165.25262186 458.497208606
392.475199019 283.639362207
343.576672882 194.901733095
389.020460876 138.862173079
412.276168168 115.163327594
312.939246938 115.454902991
243.222021284 457.286253737
407.224024803 252.448803557
270.11912148 173.084730388
363.405544243 652.60480261
751.582338416 142.965399555
339.532987708 607.856496552
771.022092556 83.4999483411
469.54253919 129.460664696
780.936317458 128.984726735
338.637994693 108.558291757
350.686025481 140.821735243
769.648473573 130.272364325
250.230703653 438.338794296
378.180404184 263.497365298
269.352045257 116.017955305
175.861060096 412.442493293
115.105831668 448.792566369
150.39437551 440.69760759
375.31906631 668.138579093
666.797569133 117.579553803
237.779197527 189.402986514
230.161695546 441.589866413
333.964552728 172.517664842
763.045395564 103.994549782
224.588965196 161.404568281
238.789117816 420.992410815
780.740747652 147.394883075
711.452294826 122.838243656
747.998831332 140.594288292
356.142957211 605.619275512
422.830299946 139.994120399
345.863890781 222.581088164
449.11516407 165.229832017
337.704609633 642.319435105
707.442611745 83.3383466872
396.8924742 307.668687948
332.483934111 584.131805598
755.101238645 147.551792171
346.901000783 696.168261097
755.091139131 83.6430741456
733.525717171 137.759469063
730.395362015 127.305081409
718.602802538 105.215702256
133.997946221 499.593416198
200.704394815 452.460890258
366.40073345 128.681855596
361.081550385 697.589018331
291.538950128 105.030275816
309.860145714 163.764915172
327.152815561 137.141333336
270.014050858 147.699650974
