182.091917167 506.385141532
224.807311823 306.10351102
662.245161497 337.939891702
445.537835273 375.670878028
292.872994712 328.164670362
195.596387384 526.087357824
705.686109497 301.887460798
676.085703057 306.814564301
164.765600457 671.04193545
126.809572566 566.191394402
144.214190031 697.885682797
111.149631368 268.558890004
146.027854429 638.328457989
195.312350554 467.228290644
617.647741459 333.907175486
195.007307137 409.654324216
127.317613093 657.792286348
677.68036133 276.511830904
140.502141652 192.602123246
324.19542318 389.742927182
132.539118497 172.374289621
639.472593305 292.325793794
703.371542107 333.752945897
329.977964753 377.420966245
115.903435757 243.911118157
119.101026032 207.197255057
608.952321089 298.921691726
698.809612676 294.779404836
467.700720842 335.188048812
90.0484472761 285.901562788
223.567827837 405.477262806
428.763844421 380.120155202
364.470536522 344.842054435
278.703028588 373.02787656
105.466639852 695.519137843
213.626125283 330.559520477
353.912007165 328.405095022
163.416026195 690.178217333
415.66767811 369.88729978
280.203479384 302.580201447
657.194761935 485.006370257
328.41894923 278.625294016
684.812534999 344.098628072
152.375159446 292.081614513
152.423666384 222.427155089
172.665903901 648.360004413
577.913719147 316.306216652
488.129535104 292.413208027
349.770460987 383.55039572
514.271522708 320.209412622
176.045997627 311.835439659
151.248680148 258.168272838
316.634799441 362.696721586
174.296805868 558.257947899
547.410271338 327.115161043
296.515659242 395.508553328
156.686533709 481.556533284
334.644029314 362.043228669
643.672549235 327.97833406
164.880512903 174.150326475
384.828126528 367.581453166
151.027848448 514.777835837
585.705391685 345.420904267
126.39663613 259.051689293
185.766551423 355.02570101
102.429539913 292.457985582
690.776813764 327.316257579
88.3519030073 253.635042377
216.361122098 382.401965537
160.279568702 606.284294751
361.042189734 402.348854673
128.577556012 677.111209979
621.544416314 275.11714776
172.6567266 279.631831022
437.771373814 343.204088544
405.287927728 399.367966999
122.483550545 280.532086435
397.134457253 338.336082847
512.983335858 304.962020015
224.211963398 435.179741403
654.081027177 315.57369228
120.159359317 613.077112057
506.644855068 278.293861188
482.082308795 319.621733114
151.354011217 536.937065045
380.713040728 405.336756048
74.7105807884 262.078495173
286.691421659 270.916591903
205.852997159 361.660635754
298.862909881 353.24006633
461.610408293 376.848094522
96.3422063623 247.431923398
659.293850214 288.949615006
191.747012712 384.500301479
123.079908931 150.645398056
464.248793846 299.784710681
174.292118624 212.183929933
542.670762013 298.536740081
575.269823958 283.772221479
134.40680306 213.045147749
