211.308533942 652.09922411
183.334199941 640.467774544
227.265727439 429.459676929
203.063102492 682.224731368
243.557365463 690.618932096
171.672341825 713.353145936
203.800316981 644.852492349
214.887971883 95.0363561833
201.863680447 127.9093151
144.941335385 660.604471962
472.280268293 645.875258248
240.729251879 673.756557346
124.006488665 687.468559943
247.963488668 153.783854895
237.3913349 199.417712832
151.616648077 722.928920852
167.453580968 681.588702367
143.971278894 672.081554375
219.758466669 659.95833535
177.339598836 484.721572384
331.408258225 564.467547153
349.109523964 625.896915947
167.43338845 645.699693189
229.103093322 115.202897601
215.432326501 254.026000115
198.608450742 192.440008318
132.061140144 661.778616995
139.421430919 484.593357931
169.686996872 668.179647821
256.678145107 114.936288529
202.261410152 668.931728248
227.276272683 712.992988442
163.634600269 477.683071241
237.885529447 661.275956795
212.040725667 377.04619837
209.487328583 434.657794326
150.553402052 508.818138552
163.276058145 669.110344996
192.537395131 349.675374497
245.514440886 100.434799746
197.557660301 713.904668569
152.517894859 644.318918213
428.627665991 645.305797797
173.284512162 453.130571499
327.551465981 610.556326919
247.713875898 704.278265224
170.613927093 687.694724023
141.320916332 710.284868092
240.589085169 133.576439448
149.334360659 458.687324642
306.076223758 595.741686929
320.125429191 632.257618766
163.645867399 732.486907176
222.275938827 674.673368111
186.599812381 734.338796283
155.418793886 702.053303736
226.9806728 218.405363508
190.189390293 384.475392634
249.232864874 174.018325159
259.801493982 720.70252644
194.620086308 659.734836602
262.606691497 683.262178169
160.87855347 680.318338123
140.992840686 637.131747719
244.074822269 723.997715261
451.446653259 634.696243845
148.121414824 693.923093242
342.295785022 646.227720527
271.606187743 695.415451934
276.278924902 137.769430342
224.392084095 319.046853204
206.469931266 284.711071259
233.018366292 347.172191086
421.176517791 616.614237603
178.380385001 696.394289044
141.288260778 690.688333394
230.609725526 286.893728808
182.774624416 426.605049004
202.034081325 155.589589068
236.752343077 376.327657409
179.365497174 510.387989981
245.699075282 252.54544164
380.827932441 620.057786924
202.884224998 692.938967464
229.193051212 687.788129705
230.525744404 137.873126439
191.958970521 680.604026754
383.428951366 637.426172527
455.747989563 586.046132825
485.837240601 610.549588995
238.348031369 409.836634851
229.411873323 176.381038808
216.592628773 730.229139937
203.339401018 317.390471902
179.764014121 651.850006458
209.074373042 106.566276971
265.858453485 341.189780812
216.724808657 704.353575424
458.532804229 608.167539014
379.60146601 359.739382627
