675.42899241 596.937272658
637.678061133 580.486345079
691.106971963 440.218089512
735.073450795 527.425949737
670.029660495 568.92184192
109.949712572 161.034731175
660.33965308 336.689304229
636.667662037 149.331285805
752.621027905 599.124013405
633.597624247 515.65943527
648.535470695 637.147532843
349.75067904 610.138439426
710.042736429 594.8294808
670.953892418 461.662864323
689.611417992 573.113524941
691.378916953 562.184548674
363.575377349 650.511896783
621.196766701 436.358601692
581.98288177 184.825013705
728.266801553 571.765134467
610.149369733 129.9933715
683.747485296 479.986140169
663.169654452 378.725070847
737.967151661 635.941043151
428.414939537 597.523493115
631.446475718 329.675057137
684.150633661 495.981189813
614.282306648 146.772624246
712.696186041 497.15583037
659.42890434 538.585668559
587.86824844 124.850068328
704.225780352 524.695994509
695.225165822 557.430088124
683.629282536 626.366085792
736.537436785 559.636826585
684.8468498 410.768420273
142.762031405 143.807783552
768.9795638 611.241321759
575.84405807 627.881879096
740.398970754 505.816479599
656.813341206 358.67370423
596.206754977 198.824265469
655.24119747 397.997409957
467.422870967 606.639505459
627.560691491 128.178686932
178.037907569 683.807524954
765.404710677 627.825458151
696.550250146 537.525976949
714.069452334 577.939551535
702.97789945 507.212991652
642.436960572 417.206217681
632.48189856 399.298216998
661.450687348 498.174174011
743.265667847 609.548120763
702.971311425 602.078734592
725.544598505 593.445390391
614.126297432 617.168748538
603.107626327 593.532150631
713.902826328 630.970287013
615.490551242 114.212136304
704.313207362 549.155011853
674.649588289 547.337400398
697.418712596 461.988075794
595.473928219 571.184525145
388.460434323 591.4882972
665.157676204 518.475333621
658.626532228 573.835136907
617.933393478 381.622984427
628.124834575 372.223031559
123.296176694 138.801379484
777.086999792 587.27745714
129.855589376 167.674467301
387.785586922 615.612795948
645.644033779 381.078190834
614.980213296 415.052742591
750.594312284 564.547062835
676.011866302 571.540798066
714.306001747 475.045311901
445.485162142 621.591880452
589.573792357 101.597614002
609.403901339 170.006532491
367.047360651 622.2721488
640.350810975 468.453382149
334.580410189 635.49381755
718.0308492 605.457692933
755.74777535 541.759254949
410.102942941 623.671973349
633.420588617 349.162460027
661.871256347 425.550358593
647.077100076 504.759681658
720.672844691 542.963180328
605.166647579 396.497912415
700.432417664 617.589573214
639.053858385 437.497010226
608.836755575 349.124938907
321.915488899 608.213364441
615.42114969 100.328266615
643.414780943 600.463022763
658.188679963 552.510504696
691.3972064 580.582505496
