542.187891549 478.991755566
553.010554326 294.156678905
614.061072521 326.918568527
639.225098345 315.550356537
615.563720075 589.085091896
432.243160356 565.152167078
283.499297803 387.733428027
744.596050252 321.90736425
704.628712574 339.198620051
536.75095675 360.056068015
430.440374319 429.481162694
685.544109934 281.050785052
545.07488627 615.223516618
362.543415422 367.870576232
573.562211941 673.098082337
681.40270124 356.393623042
694.480337219 330.332612446
588.361669601 566.206674459
634.220003017 563.419183475
693.125417803 129.351028833
558.640220633 350.173158706
679.034852082 318.321757354
604.433305913 699.106599703
326.355137359 366.291920566
229.110931095 426.608371732
602.998842705 681.846686613
291.979181518 551.266608176
653.130136474 389.554479484
402.138758854 356.756229105
647.802393311 340.714803234
699.555657616 345.853511843
620.541267762 282.986267332
635.690417612 460.981671345
392.882421088 434.562264866
565.764240096 368.699790784
517.752642736 288.642856941
620.122173179 467.961701885
671.512686159 373.871031916
691.519312822 295.30037277
643.136952607 266.155602379
386.829299671 520.873724119
584.971825596 601.368628061
517.201762855 482.533584596
246.647314713 397.21631984
558.227549746 557.438041707
671.934886685 137.1263055
601.070891766 652.512198158
223.662420224 447.064217108
560.1033418 584.316072277
603.114312742 426.103115106
392.290999987 388.096838262
281.724140732 406.700771255
629.353458189 438.468358318
663.496275325 312.948103144
632.31779704 693.571561716
366.371173285 445.634281835
570.984193535 316.653131346
603.175978248 370.442647864
715.513097066 104.654581336
718.923708743 339.587925934
332.503895819 464.268289413
731.806070503 324.939123134
582.008179211 342.433080187
450.949819963 498.236593135
410.969441482 452.263236861
538.351033681 312.442263623
702.475092862 315.200512092
305.507036261 426.434913156
613.946758272 554.860770672
594.951024395 530.56120505
701.588456667 293.153524095
350.104514599 400.204448308
719.094321842 295.393200531
345.640836138 345.502682938
571.1554074 390.5699613
627.308919362 666.982435306
633.223481495 370.877007334
365.119319153 417.681165261
434.480825786 374.427382227
693.145557136 154.608895122
669.680170665 270.283519035
736.373212127 127.363994176
651.607969943 418.861064165
615.814731407 623.915982142
496.862575111 493.752785892
672.407110992 335.458775975
647.272865755 284.743824508
628.647342263 399.078034565
712.874661794 319.070141431
716.484824668 137.278001247
237.103924823 509.226376144
319.301358543 377.824048188
583.689468585 641.159078585
690.44939927 99.9423164706
258.145125055 414.893542755
680.358256982 113.661216751
457.792886557 400.458377669
432.524880678 516.612594126
321.515780272 400.610380448
370.682303191 476.182269886
