163.500695068 650.722906307
681.773379742 628.330110693
636.227930698 581.934830504
269.392016534 591.34906183
688.080162238 604.236689199
155.269184822 681.210801583
320.922127036 220.612399638
604.815858412 600.078978245
149.503423053 634.049973076
281.79100679 295.438527087
666.292051371 579.89509739
208.668581919 663.421182129
289.926019705 675.406471411
304.385471042 172.909697771
287.91303392 137.133711005
294.891089625 689.217447739
289.699395624 197.45655584
191.75881206 741.510791632
297.990349146 219.075395215
273.522045813 216.173457432
285.875241768 182.632918104
283.839831043 239.14246804
224.139572927 763.077909726
344.770817187 536.875099036
521.759856092 155.036840317
249.635282622 610.639734058
210.164916994 429.269884622
367.76932855 555.370487579
262.464000751 235.236595568
345.060775692 560.957625166
322.090885961 538.390895343
125.194169626 684.567429173
270.525147177 646.323728266
208.439462457 596.753251746
239.177598242 520.666037425
300.794005101 625.465299336
214.60872546 540.958831813
164.940547405 712.310711918
240.361593473 411.888023106
297.207022899 544.784944579
267.622480563 735.219854982
391.457987702 563.368799031
268.762341249 312.039576484
309.537868615 590.507643146
537.53808095 173.003298602
664.464720155 606.046600868
230.558705841 280.497592662
250.818728698 309.404237636
259.210498599 152.153737842
283.101179553 616.720368345
353.488026387 582.315797414
264.181075435 671.102985856
271.306743721 720.070509118
277.293144537 684.568943182
307.395858512 668.595935258
375.503867943 578.239227
644.337415987 615.863085665
334.344236836 589.845166229
280.172865923 146.154470327
600.802823318 585.458174265
275.980325689 381.694337298
196.529570149 627.838221557
276.155360508 419.312935106
269.528360282 188.583957285
299.979044283 700.848730882
114.394378972 713.854147698
294.824604403 333.196525218
257.175681587 758.762122455
135.997679454 734.491506589
278.985172682 527.28145071
159.768000593 618.732148653
223.824103169 712.98102103
230.1323809 730.367317823
231.712788669 695.521284113
176.062518523 597.457190071
302.252663582 712.326973853
245.837435085 573.534450206
292.780094141 570.216123335
269.521474517 694.66620915
326.748967905 575.222664342
299.525813134 160.949128566
251.401176411 443.699845073
213.774010273 724.516235415
555.152846611 143.742886397
313.131353562 651.373784261
267.119436118 705.356083252
328.649073781 622.220073352
225.397217879 752.108228649
622.632147666 598.006929755
191.70116607 764.883344171
140.018055569 755.497599874
290.526220116 590.994106601
193.879580815 691.41811964
125.752810762 664.860875853
258.709234295 211.57924455
253.271202189 741.859100362
275.237816862 172.46353275
269.698564742 274.118346798
259.99272513 186.904882406
534.105857801 132.748372941
