241.941533845 662.63153471
680.932582246 487.623864688
547.605881867 481.607565135
566.922738376 451.324238391
722.114671969 133.312327746
705.313460434 146.57933234
717.47682248 398.642494487
665.053766345 510.197799409
432.101177594 485.908603549
560.59584764 418.541764257
386.992305298 487.256862636
125.03801144 517.21892183
727.88643232 160.403332392
468.183887878 503.869027983
608.920230117 386.982348725
460.398771475 416.445469719
357.390072567 431.850145823
551.015169158 434.830040374
703.58193955 503.047007543
632.954563747 471.104004143
684.184450189 543.793859874
135.896280678 523.82730634
719.420130214 415.300624788
581.485016432 403.620689177
190.96891308 643.022906828
527.968498587 424.812101866
711.491009551 456.243929916
632.600468444 499.139093801
704.495037373 560.915478961
754.090322819 134.20619367
667.922605465 548.966019933
416.384304963 458.715477372
719.826426555 372.118890073
381.750006438 448.930247148
748.416422679 164.082913913
247.27163169 637.726444084
614.303412767 412.893033849
627.347601866 480.829948526
701.335919165 457.117567
671.755212283 566.338360476
615.970508042 457.31075308
715.25134565 517.556342737
722.969478124 88.8091977803
619.174401838 516.461794538
647.694035457 519.343638381
639.07137249 567.41547474
176.97625356 483.287929047
684.153758821 509.055790666
579.495557373 522.160273131
597.339740379 492.64708295
652.037499433 462.810834663
736.072886277 401.965354815
652.488145036 471.332122143
585.829390515 445.580147416
612.67037935 435.845392548
716.056688366 108.63881989
113.117173785 512.166036979
648.837350189 496.85986714
578.384109094 495.409721209
669.278473084 461.143081197
152.854963959 495.591655945
670.704978497 580.387509262
694.526520379 569.79399214
689.708615969 437.900655284
154.393483526 473.13654209
243.740344632 689.739941798
688.88549468 378.223492197
682.301484662 464.055626802
650.976728328 541.35886668
701.106007897 521.108758425
343.767102296 452.949652396
589.584548187 417.660611485
724.238743429 455.789375769
100.411267648 491.281202011
601.349029414 449.888517874
597.214749893 458.924644072
655.937731848 107.247661837
698.636748885 467.931520311
722.920584797 474.144299521
699.941087246 398.756245725
710.564663775 480.985275835
465.347960483 450.554164034
663.162821197 444.533107299
492.570763638 433.215990514
689.927892886 118.692825388
448.32261741 424.443649192
123.749216231 481.264485184
615.088648856 493.424996917
97.9583223611 511.157554585
745.646811772 113.602777384
574.730526857 466.739992232
635.379664001 451.35444097
358.444684626 463.782292707
633.020487793 536.265286879
528.09496358 448.008207013
603.937553254 481.461811243
707.616939582 539.686786037
505.811509491 479.393398327
599.81632218 506.583038956
698.06894662 87.4001367487
