617.549834953 302.916404633
400.51884038 416.921893507
621.826755343 467.591412692
576.378478902 588.724140244
518.497835695 427.972795893
745.746704806 639.436773105
506.28024695 363.871371456
643.214297485 120.353904869
603.953332252 173.462071922
673.869880847 557.853110274
705.018360448 506.747520714
615.763768661 250.491019166
758.142946221 668.498016493
635.476586243 428.89296265
467.327465419 413.342344917
484.628132392 486.775378397
599.484933622 445.397096558
596.215164134 123.055606366
642.781227814 539.478961768
581.938659871 379.24580672
598.901322829 487.920459229
599.24548894 98.9464941796
613.102865252 421.272669037
491.107793442 386.935607708
591.511397667 353.827942836
786.841197008 654.512915807
369.685848819 399.797573954
613.84749633 208.537363618
578.571297273 150.35162459
151.101239587 400.541099566
553.574601039 352.549775313
617.551171512 380.208234403
733.955348114 601.142709576
740.177152188 554.624036655
357.735016098 431.653011613
615.930605582 600.709739208
633.262058919 504.316640974
636.517437914 180.519694882
732.587880906 515.19094994
599.57782085 271.167262449
117.160061329 387.619666724
576.716565342 404.557483629
436.53130894 407.564754146
569.105940282 423.568739396
554.424967409 420.850535819
642.814742415 362.054305057
134.961306749 412.844394748
390.915464651 433.236133582
784.956528867 615.325396867
669.492209899 518.784257918
601.788407343 394.947329217
583.381557438 548.198471493
554.122805391 543.42655991
580.543694316 458.765493405
606.933898225 231.529909393
640.210688727 100.498671413
657.289926811 449.444447272
651.471610012 564.441020957
570.693779785 223.571350024
762.622965162 600.030465619
786.958632445 671.202693016
649.66363815 155.847845713
718.618018502 621.003926751
601.306119558 324.013103795
537.624579464 396.804889095
773.149046466 684.867467857
466.166067691 358.945962293
710.512051108 582.754935667
622.455227484 531.004699123
581.748444023 115.168871799
586.208247818 186.136108899
494.135018492 441.708646779
581.011399795 331.117805011
649.306458405 583.088298818
565.928479978 488.966546165
581.587621654 306.471852395
626.638143356 564.863763912
528.783923348 372.195472673
621.574246744 156.979140695
622.352506716 115.152862034
633.653038574 137.380911903
558.257512334 370.652788467
108.897692722 409.272916154
364.09584405 373.288552061
441.815221388 380.515163928
709.33096513 538.183037373
616.87570557 345.334801675
522.539344514 476.62992009
551.69171607 449.659531297
638.981572011 325.391062334
423.533868295 354.742125079
609.029803358 572.31215183
769.129768048 640.713418407
612.047551451 140.704704623
665.136343995 376.088190616
629.095820393 99.3302518734
402.826477189 375.56202632
646.78357712 243.29318711
133.591364998 368.654873027
595.264711065 515.044837878
