582.579395832 379.446847312
770.739528785 578.76376126
376.803231684 443.859269818
723.9812277 697.556650833
570.571279705 322.776380517
640.890235746 519.603544988
183.134533787 739.424171638
653.05959269 399.578956901
521.318652487 321.869250545
613.172638824 581.070824761
521.891987081 370.100387125
668.71681961 262.31528091
534.190643936 433.908104737
351.660963857 339.571020106
333.411414621 355.232701338
667.433161493 685.598397155
368.330817791 388.708676655
504.09361515 299.136375069
768.9762554 637.424804342
498.516475242 362.730967867
342.354197407 415.52416188
725.176016902 198.834730223
359.747537001 368.377162495
214.18453128 773.172175917
635.734374347 244.629146136
574.125791962 442.056387757
305.521186589 351.280398856
597.193626791 357.030852001
459.138435483 315.765861508
443.657345463 556.319388297
202.211719898 722.82394413
576.282285784 399.378798441
676.576456823 526.327282394
548.324760424 366.404793437
686.585768386 671.556114598
738.693505484 706.52342607
578.42294959 571.953328993
623.406747123 408.070824711
562.797865789 384.763885923
677.300125326 198.982206998
449.601984236 524.916755462
512.52008475 337.448816405
558.855418491 332.933306795
587.783336999 282.878030803
622.101218291 305.740516398
590.286830259 408.567349007
679.869905896 610.831851251
693.340618918 698.481457456
609.599154718 440.6736833
566.944644424 542.061218202
632.818989527 276.945143052
679.81798459 644.648802166
653.591678192 661.631644119
340.413000153 376.827234566
383.140592445 314.504525554
625.990687408 373.418211352
599.930143066 507.647495839
722.186624648 645.292115389
430.926120584 321.303516433
540.106866304 397.580110127
621.134064937 467.639034318
670.231525472 415.407588818
632.660432865 540.381923631
485.343048096 334.365864226
231.202200316 739.797574072
583.39993977 463.836863948
188.109890552 764.716353547
611.690027361 541.945807531
773.054817995 603.030118906
466.484120909 294.514504553
487.549510332 311.220750652
319.003062954 384.933057867
417.489268976 300.361228122
716.810033516 685.067969914
717.465499656 566.048539543
463.345746588 332.641717383
757.837541825 622.881153313
208.606881663 747.381265872
678.046590442 230.995495706
697.772770358 259.738664571
677.636889463 286.000971298
430.078324465 336.041613525
752.913122045 597.063571662
238.582843968 763.239566105
577.252475003 352.482953441
384.494748646 403.926334882
660.928834552 300.213361768
658.694122621 615.283980517
321.527156832 332.827146891
600.601868608 420.25979393
470.950325864 365.312462441
703.196839229 652.393717088
567.64572152 421.402451125
710.844341754 199.654800654
754.845876398 562.136657345
710.730971439 228.633939269
541.849551866 343.91464215
668.01207859 433.779962571
293.926203624 363.942277643
717.547747667 608.213239399
