531.588922508 598.86485527
453.542263564 681.798581876
191.592811567 760.077890941
288.431028844 723.215870458
407.119144815 692.397753139
258.859515921 720.865416691
289.852509738 226.70785837
700.119121563 641.528649851
625.428934539 479.610002423
429.445619595 709.501577055
531.847181568 661.443669986
423.067694948 647.256134672
462.492429097 612.999543296
441.347579407 693.216689982
285.69205238 107.992962314
425.501698578 699.33801469
447.94828721 709.524324386
521.499036091 640.592632598
107.972467072 757.417815287
113.276723968 737.308239467
431.957546451 674.443844738
502.949307896 641.310522116
296.926790143 131.381989331
283.793013057 177.10256739
389.516215818 578.842812197
349.664841428 685.152875717
210.938620366 722.718544089
571.382948872 519.027064402
319.285728836 102.227625074
384.812267907 563.507842551
296.011566418 156.47540017
687.778815915 667.092251656
116.342286903 697.529543172
98.7566135275 738.647991853
450.461622216 592.407363651
98.0358616905 711.005793418
465.950694727 690.100710382
324.712644914 231.356027292
224.216446585 756.09566759
397.389226099 669.89379032
243.074264106 730.510019578
434.120322778 623.041085698
307.691842414 190.215807087
331.625992773 719.272571805
143.810503461 729.398004642
665.15743932 664.085291437
593.909232588 444.162090768
288.556802214 204.202675293
523.463687934 689.237309804
210.215549715 737.579700773
411.742750941 597.469424636
397.759016997 709.2279079
170.547939735 715.752619163
257.22201452 764.329011937
328.945573575 206.998803376
447.440345267 654.374792974
483.694920739 690.781400442
150.597688604 742.540980708
315.083042924 144.489455588
424.96372195 667.569335191
558.712074571 498.063504709
476.143629073 649.5834556
518.682867363 584.526123728
366.13245424 591.583542219
240.821161967 765.154417202
391.763420005 661.335086875
346.357224874 135.391611165
330.269777066 740.091659006
173.615818254 737.73093316
493.195813216 619.840768523
604.796882962 505.555965287
407.10069677 721.356552755
556.416852896 436.490432859
399.982253157 699.182535253
270.078488721 743.945779648
393.537066576 685.010051059
134.453582306 740.185979843
268.144846818 565.550617863
656.173291495 628.811884694
677.277648404 623.394380063
688.774723627 643.718685786
506.297983263 685.578829318
551.080635479 472.536030983
229.093086889 711.259596626
512.868778718 607.805207562
134.119858393 709.383905031
355.139000396 624.969158945
436.045191948 684.284753344
413.777214123 673.246737277
252.720861202 696.507824033
327.908846388 169.21375324
113.105198052 715.414986022
595.347565641 485.900347649
506.724658708 663.191935605
490.779429707 657.083681933
674.607524064 604.24437535
373.311237549 651.246227867
652.979256581 644.219806981
579.379341516 464.123405126
310.155120964 742.639082603
