166.316965061 351.614981977
783.237349188 509.263155009
733.338085243 443.71668258
648.038974299 379.989212143
773.811686383 462.151098026
147.050897711 356.08806575
774.006454946 338.950477645
734.756595817 483.855223706
124.149069386 335.519458467
759.890514684 317.383652998
748.958217105 448.911007104
366.724156141 290.275281476
699.757741928 459.331424674
757.077052739 215.810850596
731.848774726 90.5654525308
760.661956855 518.075595671
758.742084041 292.746737871
373.938328936 312.470251299
772.452526272 319.386779155
749.930653463 299.521729272
755.46295025 245.255687595
739.466531988 306.495966807
419.824583109 330.422678617
719.566192173 363.392764617
749.737768631 266.395039118
466.681128935 285.060417392
659.123062 322.99551645
733.952011718 382.667920595
733.922548128 290.519873252
715.521300857 384.246961932
699.534093755 357.696204228
119.223410813 347.173771055
670.524332789 434.007946813
189.788896108 326.505824803
389.640590564 249.992380424
681.804842968 429.600692724
391.964878208 264.933939285
165.376651208 368.135745117
685.198222028 317.220833675
685.885151276 362.044687998
738.28489784 623.781383353
736.885998465 398.854764947
730.331062642 310.872503762
681.837592358 389.814876997
778.87963961 315.138087583
765.819829831 483.933759953
692.343749312 292.272332299
705.180494446 306.385357209
696.579201811 105.784090636
669.290334436 397.957576085
707.274011556 416.897266298
658.308215906 408.77885909
746.735772636 580.830767279
733.144436912 528.430014349
705.744458211 469.382894691
735.429023917 415.627615757
775.247337624 538.812195567
697.223306784 392.194019417
714.661784851 104.073582882
712.605694427 440.311328349
716.198702865 321.969579123
187.335850371 346.965262892
710.045999774 336.680879645
709.753533092 154.752880268
768.626069443 571.458597199
93.7078637584 355.32128761
747.491245156 326.036627183
711.011034956 563.82673059
103.733388785 361.339217249
651.55362755 338.21465705
143.400041465 329.188578069
435.360510262 285.105940846
455.294604047 311.648694954
483.732546355 314.668797894
164.591468472 316.101288366
759.761601858 610.73389455
422.657302092 261.131477269
664.793410249 347.174505339
682.725810276 462.137099244
691.799899569 370.466671782
733.227184223 110.126698214
689.355585307 331.473816853
395.686893773 289.592131357
767.73542834 292.106067453
689.532544199 434.762450451
699.431382776 495.042744005
685.57390766 402.820878622
403.633746853 303.600505669
739.196141006 463.175795472
387.385164595 342.28237258
126.860383071 366.617355533
661.901998815 368.097455805
206.36344655 350.547377885
101.476387163 328.8005851
725.509414149 270.714032438
660.086415635 453.598902579
703.298138708 123.710171762
714.803865958 286.841640283
725.47710917 239.508174254
776.402690702 268.483639527
