489.208941926 655.434706913
443.669407905 455.513287675
475.690959164 612.639708705
475.291676165 590.080425768
495.45681596 279.590814853
545.173010225 646.455140899
733.713606576 658.363632184
704.389477021 661.92479294
547.792689754 693.620907657
431.791518605 680.106412558
497.600466765 702.749692757
130.615266782 679.19305375
497.348689261 688.403929177
456.489858075 650.691363718
625.314031722 666.358474497
436.961799335 649.060007487
459.592294294 696.213481842
637.933839634 486.59938603
434.83690135 485.171092512
383.290615638 661.244666272
518.092230093 125.948378234
637.296370953 468.193370445
649.020101643 670.015441509
448.611754732 589.056735231
150.101296202 652.384674428
421.193736131 566.432522496
514.704748952 524.827867074
537.281077952 542.10545136
628.50066467 645.014935208
110.519333322 676.969789528
508.260444175 643.392985529
478.670755882 558.351246463
547.051113266 130.203667383
446.404244871 536.383385919
454.74284933 702.273928633
346.180975128 673.272258707
520.238183021 261.528701996
535.796752633 689.910601948
464.16659695 422.221599441
513.503287038 247.406993629
509.186753339 619.134056153
542.596732057 108.018802049
630.893081658 680.160930457
284.892408299 673.984823421
448.352199167 571.814249844
573.081558604 677.864426446
697.976079143 643.035508793
502.608564078 442.309353309
480.955820739 521.185982783
515.343325701 545.406677992
318.010063311 673.458117887
355.624678094 649.393846672
460.881117884 383.972679163
537.09177216 663.630045339
669.001341622 655.055845009
369.742190285 675.411536308
421.100814681 651.192026979
471.213732014 488.717318581
707.137756574 677.319888648
528.163712209 94.4695034987
482.917963706 345.079557631
451.346262347 666.192841281
510.684656691 590.530852403
321.382192764 651.857632195
415.829602531 620.373869334
137.317464419 691.600804886
733.409442696 671.712498379
116.95741037 640.280966773
473.053250248 629.159620565
519.611798271 680.180948174
489.47054812 574.79028956
483.900523317 694.269468457
514.431682315 318.704884563
417.09494653 581.114545232
493.402431502 539.079322035
444.155669591 600.302368578
155.815961552 677.218135872
497.059137524 321.008634249
489.167466274 396.678874608
591.086914187 661.365515724
722.243635673 644.281146271
459.950236338 683.318031227
530.324077168 278.644073047
504.868592909 508.668730963
483.90621463 672.427441538
462.062298599 554.30729503
99.6381238993 660.015785229
531.678130126 142.555214298
436.998810626 620.39271301
484.999818657 307.002420734
613.766018588 658.14662193
128.843670836 651.168583937
548.38223896 318.61759899
456.665253739 628.153795989
524.927193301 107.957163019
527.300921769 293.682641919
439.579990048 414.128972271
517.782110477 465.624279696
505.599916314 362.223217766
443.439484935 513.318962953
