416.661795631 352.654136696
339.843898526 474.096816827
446.763049417 305.31269919
401.729993879 501.908942025
159.919588462 492.622773657
115.181929099 457.012731384
491.51274252 196.353222058
421.111359814 434.212202399
429.281713467 465.964561971
115.383402484 408.727949547
500.168913071 493.026276828
393.632494055 596.091184291
102.469952646 438.805362695
515.869816301 431.275976225
478.398440425 454.055023014
282.193718552 396.781872845
384.19276694 545.219811144
173.215295488 439.99427855
159.107953398 386.867820926
481.117451737 168.515373965
399.654308236 421.859258554
432.755141527 512.441212775
228.150012556 419.078738383
478.441769957 410.963055062
455.413536894 434.936361218
488.746244079 322.966532221
102.998466774 417.305162511
471.859108482 201.095487672
314.862546279 475.439210209
451.897605362 463.776146534
333.63742787 389.175016947
115.733019776 470.80457362
462.815529743 178.833684115
321.620987571 514.709361223
460.574702379 369.291802932
496.381298251 107.558058627
476.116155091 224.711706901
267.406975185 444.685715752
464.491534062 336.711979877
468.082451149 456.922988507
234.636580017 495.357625734
167.657072885 404.736272575
475.346330279 500.520987211
463.34860852 124.622081415
349.66615841 420.104878829
130.786730082 503.181967801
313.169275747 414.438940462
208.873378694 458.373933545
481.731249727 432.880896182
481.301100799 144.707079003
504.816043313 129.314942615
347.492109857 399.83324273
372.345370421 520.304046922
350.832420207 549.811904449
145.286580975 464.753606958
299.988054314 432.215375984
419.881295298 372.242206024
517.671273513 99.9700988842
485.416264859 453.620197364
346.768097356 578.253360581
495.550092652 245.125328283
374.930300965 583.107882965
301.265393141 483.598988508
133.505034766 416.217763973
224.971940949 518.413836518
469.587065951 474.912719796
385.921587318 560.703091779
207.160782411 389.380888997
260.664388914 530.295409637
519.811096672 452.486184132
452.728752457 266.810271321
513.343139796 364.453662338
443.644221586 325.13838663
480.235104547 457.281965499
423.556544749 542.974940737
130.292294568 434.26599126
450.702120419 348.043577058
481.522026288 100.830852307
405.567357087 401.727536463
515.218090256 170.431000031
424.127121095 329.238387281
387.238149427 431.964915728
505.61054202 693.214597075
267.441908511 485.440414938
265.336068329 506.538913912
495.510460085 425.58417852
360.236643343 454.58450225
522.093846049 683.010441474
411.688479691 463.33980736
498.022320825 460.700503023
369.028886825 380.058962948
466.88400947 481.306057568
99.0373212608 479.668063866
512.038771564 343.089994871
362.244042294 488.091933205
439.69752554 440.2851182
434.601679653 360.716121785
93.2316686832 445.987009198
449.742496016 482.134394424
387.300844825 390.176898143
