711.888211306 130.27735267
168.391159369 181.027839849
200.968831671 299.092827087
139.20213708 609.702252433
54.6056152164 133.551203376
55.8616246765 392.847029031
266.052940108 145.456413652
255.21436746 120.331273567
75.9790935685 698.958222971
690.498638232 172.48435724
79.5124882181 644.767926222
13.3032107392 150.33541815
731.245084287 110.352601144
46.202253108 242.97363137
707.232917569 103.623763776
21.8709555572 273.01317336
64.1503206487 315.318490468
151.149739353 223.504290346
114.585645152 103.393782571
204.958555134 361.949855721
121.850221046 91.5822018433
154.866165905 275.72762408
253.682096688 165.928696627
92.7834763823 390.221117969
112.701631186 141.009704972
131.040557263 101.954617521
171.906190588 314.549330892
191.150775283 109.449318662
231.998091047 365.449402946
12.7358027216 232.257797903
64.040912144 101.259248012
132.45258382 685.517008457
213.810602723 343.586239699
52.6758937937 287.841369805
61.2179523889 675.375187952
181.277912466 274.582607446
102.790919741 358.212829663
88.4864267171 682.759166611
92.6048273377 587.838492303
85.4625327154 443.697378733
228.222880515 151.61749403
204.088175159 124.997001007
197.742243157 151.807390139
126.338458925 179.009524726
211.951794219 101.461478403
74.0635062188 613.238315596
153.506416152 374.680680961
114.080248787 397.664767402
100.530931849 628.374780631
113.080806847 574.848048813
172.764159248 236.003678678
114.201068156 122.047662861
65.2697525282 275.721378189
729.540835571 141.29414182
690.301735373 117.499769606
744.987090743 134.135073466
71.2644124582 410.288759701
86.7068662117 309.761822957
200.796385678 206.306081076
145.847603197 100.930027148
113.908233644 606.044930859
201.464482137 329.838867201
232.080284971 344.427646589
122.900240442 158.517219519
26.4227592123 128.012570273
19.5634784938 253.234208105
200.215152036 177.815344292
23.3457231008 98.9866360623
88.1978109558 118.020610534
70.6417746191 376.867132524
93.5014088636 699.563709229
57.9664725326 573.933166294
82.9667005654 160.67028301
128.819315457 128.710591767
704.495714344 165.377098301
115.277396739 700.766289833
25.6405871251 191.638150856
95.7912142828 425.717704535
180.021604876 360.582629624
37.736966974 100.224914424
229.435646847 129.876521924
42.7838192771 178.604656324
96.4603768115 220.76082026
85.9096843945 558.898283962
690.02585389 147.446589877
101.997517929 668.759615225
20.1243280532 186.859496307
168.143277532 124.074271644
116.603314281 242.458882993
64.3548689609 219.45434108
124.885890085 644.831953599
9.88278361916 118.283202749
129.929381495 205.023880689
31.2162456978 239.267579359
94.7456958483 99.5909705556
160.92130377 343.420378373
181.275041072 97.7841785908
132.051688431 331.317576379
128.471768165 301.780251935
146.988605737 143.842036164
