639.407871662 51.4092568959
508.468783564 123.053582815
704.891122908 39.4099005267
738.515453417 323.220888338
147.127138808 105.954363323
131.092423017 68.155585478
732.292589899 136.215571333
605.483171355 117.90744316
701.302123476 192.520745807
119.930829527 20.5166131344
789.036183967 316.475772132
720.653661388 397.682374589
117.482720808 50.131200357
769.176735858 218.477699169
694.945734185 165.688844485
327.256210679 40.2214902819
712.716413549 341.949966798
174.720429176 56.6241043895
158.235196416 3.94014032756
721.213124844 125.367653567
586.783722709 85.3924513442
761.882807289 341.040451694
238.206696423 97.3647693672
673.961619745 90.951510268
665.19064823 120.36501026
685.29150845 134.600324971
100.094641332 32.5938726162
706.450659522 119.082950932
491.394777113 128.325907037
722.700760982 213.353297854
359.852919045 29.5914528079
126.9559679 82.4704946313
689.536985155 107.527743134
489.348862789 163.283726559
684.312047282 85.21631568
715.983554056 76.7013236383
693.429932584 135.378120856
309.034445871 78.0090254784
704.802203094 62.7418706282
742.40523794 219.439046803
275.127796005 108.777104924
168.854565227 24.5538797524
782.819918045 330.480805633
686.457519125 96.7468753733
400.954251167 67.7244850272
127.937154121 115.374559104
348.939731173 55.8555966728
252.961394846 112.154628193
705.675018425 165.470400909
706.141197808 105.101819014
724.185138384 109.31862444
377.903398905 46.8723904191
702.696163901 327.476896516
683.003653162 352.304759207
159.588234046 79.3843113052
332.444657147 66.824280454
623.108528888 60.5830273495
714.708096193 97.2128774307
766.101600624 242.257964907
678.949281424 380.673460737
717.805480955 150.484601826
707.624803639 385.56204111
476.645162669 141.669377273
142.03471366 28.3228263274
265.591839247 132.018452814
747.493827023 259.445983409
717.577759151 363.80480613
189.339695903 26.2619936487
286.737994469 142.04014393
778.952620692 258.512326018
687.6091986 24.553756106
708.595190559 158.840772735
687.694895637 46.3145279345
777.442289845 272.414640564
751.514744296 357.806667585
150.292072101 47.2346693496
689.190822219 64.824565135
699.856744717 88.1712929062
561.40784118 70.3725567232
711.591507197 137.674530715
668.377900622 45.9433037571
555.005119782 89.2208097291
504.545883624 690.901548586
304.04268445 98.125378908
302.183308282 119.006832147
732.165179206 181.446552316
533.9504681 105.796251577
518.593433978 679.144331856
673.31019018 190.729500513
779.823610137 289.439974575
398.934055304 33.6823755682
770.850491667 296.680944581
104.380930112 90.2672631023
690.128135679 146.720737729
525.4332594 134.664995945
678.622218378 154.157692135
665.753993164 70.8207644972
98.5161978465 60.471746576
752.154884395 297.970456276
419.57348751 56.8842837317
