279.540273357 127.781862922
662.177170671 251.683256438
660.779887547 188.639207864
290.310228767 193.916172952
676.305763326 212.690146845
254.907000743 185.029591442
533.840235184 179.759152672
636.999791616 204.353808999
261.801243528 105.512072485
574.416687164 327.446364804
677.318118089 179.771296801
259.88396659 199.477052811
585.718895976 480.24529038
508.872445892 216.044589388
501.658592959 99.5300502341
576.512205066 499.061822139
498.498463656 236.257314708
439.668275502 514.175656612
518.134208794 186.170474686
350.039739945 436.663715611
481.110968444 214.986383329
546.207562467 352.465511319
533.995123887 478.364337814
582.034223665 197.700698069
618.322015148 237.644281836
292.235489825 125.744661795
441.043520575 141.483745641
594.99224642 226.588351439
448.339339794 119.393847224
577.117071829 237.17971125
561.864886595 197.689597125
250.127300164 158.698672679
340.656695888 495.460488772
466.357222582 192.874382465
604.929718538 372.705687811
299.474999181 224.773648644
330.641267548 461.940480626
240.717012732 214.128645691
454.474885402 153.933186753
549.699089769 212.227149282
552.109175494 522.77988744
629.223193707 269.427273292
429.238031477 461.06290856
559.738006338 390.356572857
541.436355645 293.104441912
654.66007303 207.177514973
474.426011526 161.861420654
482.304965425 148.534880566
469.072656096 98.3327420823
305.302682572 104.30987665
595.885544875 286.089774816
381.156790191 492.16421371
540.908612798 501.593292654
580.694415155 440.688997706
553.224748751 416.75906508
586.821900503 262.682661645
640.241367057 218.605095853
597.992725631 412.234648955
493.367613743 113.248644307
621.451851893 181.50151047
583.454990605 368.360195362
298.17790968 86.6871665081
538.856871098 248.985644561
464.620186026 116.184153479
572.23704073 517.526851503
223.934588659 187.489904756
523.541976115 214.315162283
548.957127757 549.054917827
368.935654446 516.593416823
542.787829777 185.444805315
279.197156769 98.0763528059
427.461460052 486.120100627
457.783063739 473.418510104
104.473321372 243.24115415
267.042066635 83.6506890896
570.79456985 544.278716161
355.278019618 472.351956315
553.454033505 240.123044125
555.847195456 448.852607236
557.774132391 272.778176365
486.559948331 177.384443725
563.392509171 376.559573543
528.941390283 426.417694899
610.190851001 213.073535068
538.588200119 397.961215938
561.196602119 475.949763967
572.635804764 396.775313801
498.459719168 507.67343921
640.969077875 182.555156643
416.608197913 522.747549115
401.798343995 508.733038666
405.851621802 472.603765128
269.756052732 214.165582967
254.599905496 134.825593047
484.579074101 130.154637964
528.966384133 534.172451772
445.142141489 98.8012691083
377.026005913 456.446817619
462.0576002 132.705917868
602.589204476 188.381511804
