285.567734608 533.680104272
305.798050061 512.426509501
455.22733221 575.344192759
285.12834428 434.3430527
235.742341742 637.858326632
166.723092369 621.38306147
253.181954437 565.831990127
89.7752741512 112.565488115
105.757174963 185.795245071
177.145399527 276.343310063
218.960053542 656.189643739
263.845273329 604.604417691
197.864258359 619.88474619
184.675188491 112.794471967
145.02007898 179.499633192
179.145624974 663.84090972
226.788859373 383.895261449
158.282886822 697.178985132
282.06371916 569.488070025
540.177340196 556.774794483
183.264320842 300.327174877
328.402420236 488.339080345
442.116509506 553.624764317
106.406018197 90.6107461501
126.442305748 223.548035368
177.225625679 189.439575244
204.365595664 254.135976013
172.969780564 233.005472445
228.864527988 614.03191021
150.364106382 91.8195763986
274.206425899 400.96351695
153.307606992 676.571049238
108.780883244 150.305280381
326.299036971 551.065656983
150.475053493 134.272468292
563.461866482 574.615927601
153.718601048 264.134693686
199.124121975 528.810536733
142.911338667 241.484530854
145.839481028 102.462695495
180.302702263 683.486559618
522.372317918 539.822372563
207.478835254 672.133947532
155.69652852 155.008372852
387.151871169 490.292253838
306.656038542 566.253410949
208.081147622 414.964416551
164.271421 429.035984677
106.304176239 102.182197949
130.198465114 282.810566383
152.955547158 306.242449562
504.670567518 583.533312039
180.829105017 602.918469671
171.395858836 532.433963322
170.086390418 703.022920343
178.484360803 388.350239409
185.954188015 556.331558688
198.270334593 210.707776681
114.933646163 111.753172742
318.176710139 602.084093205
221.43917756 686.853093239
359.406544328 607.261694595
208.830626947 449.965998375
523.530816455 507.486610081
255.94351888 634.131577633
194.806934741 646.672560432
200.454439644 704.387747058
195.368467102 592.687934046
340.159093995 590.126609513
147.310892401 114.918240407
127.765597859 139.187590898
232.946579988 491.961135764
164.882866513 131.698217854
226.471830257 529.97656808
198.692664885 489.459006147
185.082736774 695.464171437
152.140355354 216.699774314
549.216856057 502.466480207
77.783508862 156.974375362
471.817091452 213.108250406
566.342473805 545.985367372
440.347095846 293.468399976
169.933177597 346.845290215
245.674414684 426.245307766
210.57824974 702.173884683
65.4355773531 117.498398637
236.192386152 458.015893526
187.857585859 683.035141253
361.5622801 531.218858696
211.11929706 583.362832571
420.885602691 582.064649598
259.785900052 467.401734982
281.851649271 607.709341943
89.9572079298 273.314332916
231.654127281 601.060956285
83.177929985 133.592309799
587.824805031 568.278992112
167.352659888 649.32246915
213.49113393 569.485268835
199.293860198 292.981624843
