724.798003636 614.019472728
708.390535449 588.280894972
652.229449964 629.750322723
699.656485461 691.381439745
99.2171865036 604.555381372
510.371144136 638.908495216
507.145043692 694.117772076
674.57849984 450.129819402
187.53679934 646.335585339
147.244904115 624.350361178
546.664712039 745.947684758
586.274172168 571.606573178
159.869647436 658.054572242
608.135939598 707.119073933
113.788453693 609.766399263
515.395697099 710.556199559
616.413078983 602.89215242
131.187626195 591.272081752
551.691905961 579.615226246
552.943667596 219.845109415
572.337178656 508.720320709
675.743497002 630.945326192
632.907579754 639.72550271
658.656177783 688.1521818
708.512449527 484.795123186
453.491307585 703.584629216
645.840013622 186.837370459
604.843591584 503.504092099
704.778476128 644.868493102
355.609222724 758.130537276
555.700428656 548.794618184
676.779064518 688.414545732
648.723358704 678.513726102
558.437716481 723.359127915
675.331218312 665.695435601
632.405932442 680.651667077
670.932034254 471.953348193
305.019224445 746.719045526
551.299354844 688.415193021
705.986565047 663.075097962
422.279472711 104.870149483
521.084463854 579.864638445
381.086722024 751.762247848
557.481884895 634.25814967
704.529773666 429.041045195
647.465061236 708.630989964
210.467668743 673.984787525
669.835019819 648.685767499
640.647369544 691.105855477
684.770506495 665.905313545
327.05794586 733.960195541
364.301776557 719.489535401
359.644877718 737.672485739
131.72218027 661.094630514
603.975079839 654.718280047
132.766018388 631.318688289
533.305918933 733.881603635
708.496822138 617.375383634
607.453173582 683.894760607
643.84056097 453.189080387
635.096970155 655.098311182
479.017791142 725.61872673
685.377826731 645.184382221
698.061051148 596.004936388
708.437985259 458.2696275
479.463782191 705.503849791
717.823950176 592.403057507
370.981779168 702.252468053
413.47325593 703.540053149
498.945823112 616.732351044
521.103189847 725.529632789
541.114407477 617.620473365
682.784273775 491.751169197
523.923156746 692.739499594
308.247979673 704.870598143
654.524345131 660.998509255
100.324226646 654.393816209
701.738784787 627.536968846
629.327495015 571.255952337
270.709443438 246.056310793
591.892020535 545.731870523
583.672259967 593.592462013
343.767229876 721.304928099
132.852426307 264.588042076
118.700503406 648.515628428
697.61561981 669.179737274
578.624474156 612.624265523
399.710406219 725.6379249
619.350584546 665.312177911
348.943328362 770.090976529
654.96911791 645.177813728
339.696949776 697.095297307
592.433531859 681.702392375
230.805027516 669.283083148
446.8779195 662.720306965
531.086074967 649.503063796
674.650028411 426.319618347
547.510854775 706.006008054
111.424297591 626.329591716
99.1098117288 624.304473331
