495.43662558 627.785325362
224.147658458 514.053832157
224.975944521 480.281477284
153.917614163 564.90066278
240.461697482 511.307937519
145.418085162 543.879334672
248.747846229 231.772654978
354.465384264 293.247771866
486.424338367 597.840852759
196.865391327 552.130319558
242.972634659 477.932134849
141.37747063 567.688057464
401.744545952 526.670358146
178.759587822 595.213125489
279.184477882 102.363039218
377.828349277 550.928055913
178.074034408 624.229230683
269.375391412 364.620991314
166.211854694 512.817091175
206.427264722 237.248067739
183.804969948 578.525812305
186.59199261 553.867248504
199.786690433 644.538675552
222.798775131 207.921957002
289.11274482 230.336093487
527.049463111 632.612605689
229.645027748 154.836747251
245.500446901 199.562295377
226.36914123 135.329228695
248.384364288 226.053137653
235.004717409 221.1906935
143.597591496 526.717097695
215.376100781 336.050953685
165.674616306 562.174508706
392.732395421 480.44660869
157.586505988 630.27635719
195.798651089 270.130195358
156.926431216 600.136953588
256.353326285 157.60343797
179.868081481 492.15692043
233.82079122 632.348298427
219.287855199 524.91415438
219.712517703 245.91153019
209.81113034 575.372515935
182.589208154 552.289638671
211.480726614 485.572344203
284.275061139 173.368513724
292.884945635 151.29153112
251.984586538 96.02070858
541.882104091 614.628186925
207.214311686 529.250833977
230.234305424 330.537490007
214.779233311 623.624496209
374.143099154 523.977640921
208.737337208 593.844296872
267.19384556 222.235446763
200.573217652 510.151119531
391.329505335 510.893353298
267.119244395 111.645294875
265.350968532 181.077301863
363.133607308 489.245535695
550.795099036 591.887971379
183.550862424 538.55736409
249.061673815 109.470192832
405.186479955 640.373132418
144.972778745 555.545292284
181.93075306 571.056865499
224.112584814 660.650371782
228.59676271 384.224939687
177.320386446 476.670083392
518.39006634 602.185269537
243.658652791 322.638277274
250.846006339 260.595466917
132.333705595 276.092964558
524.53631358 576.009855497
412.189311884 544.862283756
219.79634092 294.693189291
333.797583095 403.915544033
231.587884982 600.209767197
183.992798838 526.692573584
169.951012241 542.129164096
210.103753074 547.275825435
190.668392847 611.173969502
261.693722396 204.243795396
198.071581987 569.815226116
249.978002099 611.29460481
353.614045938 517.008010215
185.835976429 660.212363731
278.852268046 195.852878068
249.585866511 392.274362443
245.365185525 354.858238536
219.552613388 268.286329667
164.198954789 585.744008742
466.5094191 614.29053161
287.022736558 134.089003651
207.506193625 675.048626054
228.609111123 110.598558461
203.984626531 261.095290882
262.391757268 133.290211786
235.65534275 185.676302862
