158.42753592 450.362758925
37.0071909923 258.610662417
139.04233229 423.784961705
153.999422533 389.45756102
42.3955027822 178.932588684
294.512610794 396.806074823
484.52537331 400.813247253
440.226559807 408.979163035
294.479189897 437.015284601
84.5338376102 656.923063149
176.149955438 495.95515287
103.507813923 476.31925744
167.30449287 480.16485255
115.940526075 603.887042208
377.872515022 446.966721863
130.587765503 462.533403545
104.329225064 654.145809617
623.808453125 498.099614797
21.8158793072 288.753767271
113.466294641 457.18820421
49.1653190411 130.815252465
617.254579146 480.952585218
407.144176169 456.133028914
130.126528768 391.074448796
81.5902697271 423.142972132
48.4784302746 350.330362234
176.318789461 314.571199703
224.442311358 334.922563656
398.910021498 419.27432048
91.3582844389 473.421063112
175.79314746 433.618006114
137.808066505 342.846803231
77.9473365095 126.833886873
41.848764825 328.082540114
107.079479543 675.000218563
114.5254412 436.21786823
62.6598024301 162.792421006
244.251397616 450.780418359
65.918391181 250.574796865
53.8108820004 155.678355022
219.527645921 402.564820297
73.1719754346 105.979072364
396.70764323 485.967266978
45.8743943605 389.908671605
86.2957951649 369.057442382
326.533020016 430.297969583
427.552109104 374.41325325
215.474509954 303.194826894
65.9438997768 331.275042481
163.485523749 349.980547927
86.6732623985 398.486153726
101.611873835 420.978208001
47.6995635502 239.857319944
262.627647702 420.236184876
419.475656975 441.423693507
119.302020982 484.92272042
84.1970099798 631.705298884
56.5805310798 294.524650581
453.054109916 436.188807047
59.3341782445 96.1744572897
88.6243148131 226.202396676
140.069638264 506.195773139
230.725057578 373.924304177
66.4979860536 384.735066789
107.898330711 397.948210018
85.1675510152 460.801821332
474.126299135 425.070002303
66.2811002255 420.749605856
146.581939257 472.624207678
208.940976473 458.203783655
186.917353254 370.713163951
120.748707025 688.392078891
108.889957062 204.674916898
69.8833097383 367.798407432
104.54434376 338.824734171
131.170836211 449.90139777
100.990309511 458.826946658
66.6344285472 209.470180814
95.5829968989 260.013461206
342.653402689 403.673068826
466.902989261 389.832819364
106.062648237 635.315536982
78.6052572689 173.03392977
143.438083117 316.505370743
124.208500544 634.9395138
88.1016966806 343.458391756
79.3873517931 450.547999114
64.6834584089 140.930070355
119.425338011 427.582857041
50.3239016538 203.653823273
369.145709121 428.921256997
103.326944796 439.955481364
295.564667891 318.348681969
145.260907985 493.108606651
56.3945009373 108.564173464
87.3675101734 188.25316682
20.8875225953 245.805938655
380.055216695 384.851647398
116.462052735 240.81408754
23.9140985721 328.398474802
