400.475200322 224.68031127
452.057569887 298.216920237
272.556789383 698.874787723
383.538844918 358.892196991
237.18208321 181.589757509
134.07500757 235.474604404
454.801397371 98.8806056735
388.120568439 271.940150619
365.869108592 195.560118275
338.771400232 652.271774095
250.578271348 230.71235529
326.513401398 149.803296086
103.278935309 233.928166488
228.96395461 242.900143206
109.084988018 261.069087966
349.502451159 528.890465145
309.119065992 630.329479387
203.399939189 175.615012237
447.868660232 340.543371627
265.801089726 231.208701081
286.179719508 687.350297289
505.958667554 179.18386316
152.23022288 285.091733072
450.585319828 139.851421562
242.481593861 145.515893853
133.781197397 273.169587318
122.003728019 223.47526307
403.615419541 188.145281119
325.041855292 196.136267883
294.540744288 699.806602583
497.849439387 77.5385153522
327.347471941 240.741621045
353.186949379 303.757498528
241.121582423 216.130614201
345.059815655 488.633563735
382.27835733 378.971756697
326.114429338 700.2004518
389.068353094 249.263282254
354.77209903 233.602256872
317.701004504 124.020295504
310.421247469 686.194638963
183.404716832 199.160026318
381.443138304 183.223196824
211.057182646 164.793526152
184.605302308 160.738670454
343.034732028 260.900354033
168.773240233 260.541617777
347.996191676 443.894015841
167.144931731 233.6608976
323.598303805 676.908494421
250.01603902 156.969609337
339.712997574 386.457433383
317.657693306 558.358021189
290.75269729 600.964769548
195.947922919 226.665729862
438.38129514 244.805238985
297.247624482 534.099691374
363.505902912 330.407569533
287.928453598 201.827695731
292.601237449 255.149427264
302.269901664 496.991013128
395.672721958 292.59173878
324.033721238 498.233415412
413.326114679 248.771503367
494.081208032 94.2933651793
310.14309624 521.255308745
245.37518333 194.788254334
266.225513857 559.875521783
441.531226864 327.176135736
222.287626926 171.339006204
342.710649023 195.45212179
278.578345406 660.083638676
259.352631957 188.957172034
355.301023807 384.970577967
369.847386714 305.737716408
215.709200115 216.646445762
423.256244735 323.406235059
465.548437673 99.4359436954
298.867278047 150.017385332
365.881880006 162.576610808
322.514571316 172.291015414
326.681173367 280.715329513
410.808431167 308.800499937
204.164310406 201.949042675
366.824366708 229.52948609
299.349004027 658.658342537
272.174326845 161.111252849
334.037582785 507.778253769
248.857840601 263.875725878
351.665471313 285.14744322
148.958793389 230.600601804
344.133913114 365.202906298
142.777560522 256.567630219
335.034741096 135.009342791
425.029445333 290.298366819
336.645540796 159.932859045
320.035160826 220.733725724
390.459980414 321.657334635
265.07315784 624.305602987
355.892989184 352.965173029
