444.38453026 126.652796447
572.445472931 124.232584988
458.032679144 286.682819325
555.321836541 89.0168940747
493.004465473 271.366935825
109.573708587 13.6258313655
122.675234996 69.7495080075
386.871628099 93.0014384766
499.246862378 246.771017193
531.87622206 38.2860914272
139.408707478 45.7195878432
457.177984838 245.291472339
468.480399184 46.8201364146
596.580358788 105.335480534
496.987598138 100.620135425
632.12615656 53.1301296314
594.119689876 80.7055965968
537.856941961 173.240246045
529.272152305 247.072184992
464.962125338 107.709609735
656.998006611 88.3216930149
612.980249149 65.6642442986
234.726580561 75.0080349654
483.019580601 27.9835870264
357.537620346 74.4263706678
447.338021729 72.2387062783
499.014264937 32.4587690677
433.261790491 100.040078943
580.702693158 166.139236724
152.916505662 67.3462622505
99.5055085418 28.8034741833
456.918127936 83.6248499257
349.950280631 41.9551594009
503.121230052 62.6531169762
440.796438967 159.301487983
178.222924231 59.824649342
537.713708058 18.9101812123
98.0917479962 55.3652770305
262.465908664 86.4647526045
503.893597356 14.8545022763
462.641764451 123.409463622
436.763470411 216.71325643
364.755291747 47.428140383
615.030727634 2.60668893809
636.566632867 72.4337839706
447.516431323 52.132569209
572.010873073 49.5301354551
618.04321079 134.09908172
284.695677557 54.0511017891
412.944918564 119.077597765
547.602834131 145.180766648
195.222146141 69.5825699862
457.41285996 173.584213903
485.981898619 47.2144022979
472.843686566 94.3846486168
425.041925067 124.811022708
577.495953468 20.1828804501
255.240747647 58.7470421688
483.343054068 78.1054839501
564.925594513 100.03386849
416.617592727 104.36427904
127.027501125 22.7216371944
633.999755001 15.4500665813
552.435291752 209.961963439
426.985928805 36.1002753485
446.145238463 114.869045584
428.190845397 255.529481123
582.780801061 135.068640001
415.259320124 58.5292348936
538.009932054 109.576642636
490.169415216 158.105206053
645.168326094 32.1120937343
382.5601387 68.8335909325
464.094681261 69.1856434104
499.092479275 85.1369287909
395.271241279 67.4306306317
402.127894956 250.632553042
631.681651229 87.422654704
358.044945761 99.6420281165
481.053550645 199.600353338
478.479253606 135.384780273
115.979707732 41.68893665
563.237035655 64.9593791967
217.273836063 40.8896721141
600.008380202 28.0921257401
520.323696875 203.967115543
427.158862201 79.5592710094
440.891726684 101.780103337
516.244807539 61.0359141011
247.522448332 34.2897059715
367.069480045 79.3133737276
394.924215417 103.600192916
332.109715011 75.560034012
626.173713233 104.230028367
426.192301677 276.117951985
401.530780791 88.9374441414
505.134266905 221.831001219
521.557361956 126.749196264
99.5737121557 4.96723396476
539.1462614 17.1635079265
