523.28018138 175.486157419
632.634377491 239.046819959
555.264175276 372.29789362
618.097963652 202.490568439
579.667926441 367.742673098
117.718876406 122.283392509
139.298447817 187.280047674
441.321622773 181.607494434
585.247900845 343.879487384
630.42435495 114.33201993
164.856055262 157.197689105
557.487244727 327.506308136
586.834287975 94.9459353114
645.117730139 224.059258734
587.310641997 189.848238172
655.33701655 178.623969934
633.990277594 203.7262094
613.606057991 278.596785402
609.616213903 348.537662598
569.826129361 132.985057093
678.810041698 213.296889619
643.612467312 190.9210213
263.774750496 195.290178066
597.418424439 85.4613673867
400.061766476 180.495604625
566.387538225 108.612508873
618.79791179 79.5533234737
541.866677007 138.611764996
644.690510577 278.431241667
179.96213599 182.361265448
100.395204611 134.561263749
572.160877347 124.28828865
376.939389041 144.284827362
612.583795082 126.351962504
534.518129677 246.652712674
203.371522738 167.843629525
631.302417368 97.6828231776
103.727369996 164.257121422
297.159217067 204.020970991
613.667595367 66.2239855204
567.417197218 180.270820303
546.034912658 286.66767771
408.829535198 147.686276275
659.804066408 120.197403365
660.866383822 198.104700443
568.104101148 90.6830250865
627.817255536 162.858704847
662.949106487 255.831403772
322.494192242 153.908428541
488.23480109 185.935256757
616.304403214 255.378580363
227.405759885 182.087154131
559.773478335 252.921867907
601.887794274 97.9460931279
573.333122874 145.532929583
505.693110292 180.872017274
638.781575401 130.421489863
285.913248859 171.610785131
600.051815969 114.150145351
624.99270797 215.122822771
521.03304777 138.852255649
134.57824543 131.005539569
659.322367262 139.464620006
630.433922944 312.910109549
529.932323805 98.3988938492
550.311643803 154.868877413
534.965656403 329.40227412
635.818433018 253.235481874
520.350275622 108.729444361
608.894963246 218.302173289
579.604934133 252.274202
654.805138916 158.821913849
447.078198537 147.81530433
584.774675546 107.435809143
603.580625982 152.857635959
498.621868277 111.827686064
512.081797124 319.461907556
660.208837175 212.63034179
401.128030184 203.47189162
577.192995932 286.665480947
569.314764615 225.661501009
125.465371238 153.73674456
621.46818911 177.155009014
245.343473282 150.203005531
638.003707935 145.252192896
601.538062995 304.836357792
542.647213302 111.490698707
556.045485702 127.798606689
616.019473554 136.059603445
278.152422553 138.014596112
422.545431456 164.560272497
467.529497344 172.932147341
359.815620487 180.511295225
655.835165557 229.39074986
531.625340966 351.405888156
487.658505576 147.494592238
589.668134466 320.254882801
600.767388658 229.640490991
97.2601577364 98.6828477454
623.618772547 83.0878267081
