187.139920863 73.4976486246
534.352255926 408.662267942
485.076148691 325.894291415
413.337674732 247.28413533
522.281462811 364.378932281
166.982382415 78.2638448953
603.876215772 141.719379251
473.23513054 411.542883131
138.555887312 56.0060046679
626.968953836 87.3067176692
501.305357423 336.221958007
264.00807958 46.7849389215
447.521510242 356.259092763
618.286557808 13.1831673141
463.940282718 63.8571837425
505.153143705 428.854346769
686.677757736 48.0798340974
277.386610057 66.7399235718
625.489330068 108.346256844
658.981121798 60.2468356093
671.913424009 19.3008531254
638.308534689 64.1072299801
335.193147405 77.4325366823
523.937813854 165.478281174
647.211659725 29.0472991964
374.375943535 42.2548708228
460.419681066 135.294994417
543.363047261 179.191800782
608.847401741 50.5074582408
502.470112988 206.907688854
495.644795833 170.994420977
134.778273499 69.0523369599
415.875291538 329.817284898
217.047129565 50.332924611
267.89838723 19.2514460142
440.727334639 299.944685342
282.606261797 27.7246687475
188.068307902 90.46839911
485.727941286 123.928011257
459.474937497 204.425824883
483.288255906 557.569475604
532.677691374 208.866887921
595.419591024 75.8346830974
459.595285014 230.307245748
664.594862268 92.6101840684
510.56791799 389.513380979
506.705628775 85.9209605748
514.90399949 102.56351999
426.858341263 85.4759058803
432.508283136 263.666886116
467.409392354 288.071728842
413.563345347 289.250953148
479.657123507 523.848092383
469.850903306 456.636080544
448.851428099 380.5809322
518.271474891 241.463718335
522.39921562 447.935354967
476.332132238 230.919814695
450.474343645 77.4279720356
456.969939109 340.101873948
560.141816214 93.4486375665
208.449467943 70.5746266221
527.675877774 125.122866688
444.250975407 102.633471645
505.123653039 515.891738366
100.944005686 78.4390814903
560.527869783 127.889036419
449.980321537 501.600205332
118.842906587 83.0105755882
431.226764201 174.883392533
164.599814816 51.2189348945
332.649753649 39.0412873919
353.469491413 65.2125629669
377.440555156 81.5233433209
194.43372615 41.1147206043
494.992741624 541.61899897
300.786415823 26.9844996726
450.822007627 174.483735868
418.776549532 386.25957489
484.75977708 190.270135147
469.172402963 78.8315253165
481.969716703 146.364533859
288.559907657 48.2531621348
680.371324614 62.9783546484
439.667410406 318.522301429
438.487228909 418.643895889
454.968675732 255.12201248
307.295836709 58.802594373
484.064049712 364.766384748
300.520928421 93.0644004807
145.708334129 88.648571171
430.974933493 222.169362218
226.894774107 76.3057490174
104.724488027 51.9602591942
589.96450567 36.4771321571
402.873057302 357.836136713
441.308882218 93.2434197974
563.775946966 60.0575647851
573.174933465 20.580955594
704.33768618 44.6345303683
