520.017841923 147.828741666
458.85345013 102.212215531
612.925996342 180.367042839
584.472631346 241.189652609
156.032284341 229.958709903
128.955273889 197.492292898
520.404065356 217.301250116
434.206405335 170.900911051
535.589525957 282.351199916
121.563662703 184.533210592
610.33592161 213.321804889
606.008489469 306.364530849
101.15699324 196.994709732
575.443110127 193.117575125
488.52898157 245.231453504
284.586204614 202.09142562
581.820156852 260.543065497
195.843944382 211.300553211
164.320296886 204.84390289
504.829460581 200.546732803
445.567599929 132.317488921
590.884528752 251.68494414
221.206664342 188.892957601
455.273499131 136.972102709
445.789635531 167.918591241
459.415860627 188.526668219
97.9357658919 180.864474179
488.976777634 192.336504411
431.224595024 101.050697585
537.110857597 268.110084059
309.080034961 217.117741471
119.615982149 219.423579695
466.4154127 180.934974939
427.10019102 158.345333428
472.043579951 146.447664983
515.099427059 176.437787122
470.162246875 193.387164759
264.674344137 197.879429255
564.766779179 174.540290236
539.165124548 214.55389909
245.534323448 202.330296948
178.457004802 197.509932472
605.22351414 236.708757723
463.996634665 169.765877607
328.797264978 267.292030816
131.494818002 242.085099017
295.954273133 236.169153419
230.294014484 207.006379187
497.316372419 261.237010632
484.098786687 176.357769461
529.80071608 204.966189199
318.297783712 249.649253343
556.806092362 267.60043956
566.43408292 279.710544251
174.34724898 229.006735812
279.978175884 242.183641911
470.750544591 134.022957878
525.032849833 191.880535214
572.195516743 212.35260058
572.314238759 296.194992249
516.649393335 248.507069463
585.955724172 298.837639289
414.798265146 121.057684885
145.727219283 188.008283954
240.21068323 229.002779037
546.487715632 223.074978637
588.426614049 283.696996237
201.249176435 197.79486044
249.215484324 243.602524885
585.811388308 193.380442577
594.961871299 161.008705795
514.810394173 269.211746793
580.762150617 177.188610048
584.920966035 214.637922483
601.528294179 272.467006897
147.133950327 211.766043304
539.575717777 177.841246861
477.103066621 158.883461351
468.533698111 119.772344756
500.433651665 226.687905951
554.360665731 154.430841361
434.269513339 114.442757057
505.178999703 692.581576102
269.371951087 223.445684941
260.239998047 242.698097273
542.753387635 249.354355434
443.276454303 115.337363889
519.64986663 681.700017892
500.961018738 295.545141686
598.245700161 198.803829106
331.503535113 239.878713671
578.701300528 233.085025521
98.4274433286 228.525136499
474.387632992 219.528125782
429.468404167 147.201566453
470.416096588 239.583791472
490.254383882 147.927344843
88.312023739 208.742939334
552.787088319 249.732907653
348.10995362 263.08774195
