305.309204051 548.542749063
241.871628511 513.836378703
361.249945618 439.232100289
314.775764217 597.91984775
368.312798516 629.434128991
283.595869623 629.569101179
286.498698992 532.519841484
354.799236929 93.9769802069
341.665861527 122.492859895
172.959272608 526.027404896
500.56693076 509.112544746
360.164096367 601.546201557
156.087131755 557.76023056
387.886243311 150.550885296
377.332343538 199.885770645
236.597224629 613.459134936
237.668868238 561.841182965
175.937275301 538.169896305
323.293296881 565.916707312
312.706244668 501.877208502
360.052649702 453.34511337
380.700032385 490.281843789
213.738095446 514.776514068
369.002686493 111.433700567
354.041104348 272.156086263
338.516737869 191.562467413
147.377434561 525.303787933
272.41910046 495.214417203
225.737985277 541.63837496
396.543978815 112.42167478
298.505847278 567.617280832
356.902781109 664.38476195
299.433203968 491.936019868
350.292114712 578.612383611
350.581633722 391.878363751
345.219898869 445.063747365
283.073379399 509.150740993
199.708838109 535.606429028
331.469919704 365.182388699
385.379710134 98.4134705996
316.147136497 640.634349276
190.125074117 510.466679155
457.647220608 508.769220209
309.066916099 468.906278655
357.579256324 477.597504941
373.52468658 646.094421307
253.730357233 575.753032757
205.411414675 591.951707085
380.424916535 127.544207724
286.238752584 473.85364622
343.755639426 467.790849256
352.102685591 499.048896195
263.908927112 635.916026234
341.524327806 601.734639719
299.965936951 654.813186993
260.140107356 609.578247263
366.486381696 229.30469272
328.149495051 401.1024383
389.101842167 169.286604376
388.577866571 673.014450198
277.703820592 547.247199869
387.974598385 623.132760326
208.21125488 550.370321187
158.689966929 499.346202422
373.560475669 681.280730057
481.496127383 498.408211687
227.019293888 580.333618079
376.32177932 511.475497512
401.887828052 650.304031287
416.141349789 137.001840695
363.351924467 331.562490448
345.445432977 297.754143314
371.666449156 361.438065014
448.702651414 480.199430083
283.940831671 604.859884536
180.753631085 560.370037837
369.545916037 302.342335567
319.436607899 441.671315288
341.897784253 153.983876673
376.111855027 384.593535619
314.419524826 518.694812508
384.421508795 270.470164751
409.831702018 483.721951516
317.569098214 612.802499903
354.101995978 625.247904226
370.468574915 137.853990728
293.874282597 584.90499099
418.60189507 502.948228091
485.784760419 449.778363385
509.670418292 473.094186562
376.044215591 415.071371515
369.101369768 169.619750452
340.005788971 670.29333477
342.657673513 329.878233453
251.765974099 531.96987072
348.874010893 102.4385971
404.098602181 358.33522187
342.680650462 644.789294544
486.574450119 471.403978605
428.580826604 360.232150085
