725.332229783 625.704948344
261.815151514 317.457040156
453.672262081 617.469905872
538.934466734 443.934476195
382.292954211 421.570022843
661.638369535 178.494749445
520.519545225 473.258560212
450.056710638 503.747721583
630.272482607 507.884733644
609.144152303 307.043560948
508.541763359 75.8765156756
488.79108473 446.697660993
180.476807235 692.083454262
516.174367363 456.586096079
153.240531602 599.066846252
691.707252822 245.217013551
204.945186169 598.766752129
156.344897887 420.0594055
500.853968253 213.792611452
362.363320268 403.854605605
691.870551587 601.194015757
389.656713284 358.224258943
419.231435076 370.556898904
328.299437936 220.662769214
692.163300728 384.307295957
524.489278611 586.105621118
72.8736822558 109.188771872
705.500464147 189.471523073
421.430386163 171.899021848
248.652309947 303.384502573
112.565508833 115.477310549
674.291624114 133.345170638
103.442225001 310.433878928
105.993487153 554.946581389
515.797236005 611.323005382
404.849211845 435.043457612
129.970320935 254.577580956
244.330064462 402.672590805
160.726687641 143.496654826
203.023059664 628.098591226
491.026823954 383.354816536
138.333903568 364.354811015
319.5317768 105.657685973
535.679801414 620.61817449
600.099465708 282.354279503
686.184727853 223.465659781
418.968938501 79.0596424726
697.062345589 127.984990989
626.910160691 98.6897899855
741.090373962 726.49837974
669.733466108 271.505740902
657.650906878 246.329991377
672.69916667 393.296713584
147.994600507 695.04367
547.372920146 309.34021738
585.976949286 224.095983897
297.957007276 61.151151324
115.536138595 658.78082738
431.519883524 113.545202156
406.099383638 188.54464084
477.098538491 230.253499479
668.401995613 543.569096494
339.976093802 238.070784839
111.847997141 642.402144877
618.180362917 482.558142533
409.855154713 565.357498609
656.694955317 605.004086003
638.815078346 394.67229101
300.105664265 495.581348268
648.313097571 121.393715222
670.606581833 582.912044324
141.054077696 164.215482371
431.963552998 141.590078096
151.088819297 251.584004146
667.705876014 514.813040154
485.470780301 671.798032893
384.572313814 382.859112627
621.560133267 276.211533716
525.786757974 379.22853943
119.320831965 276.565173571
122.201817703 338.679880723
88.1599502007 738.872354935
119.775633482 546.103496299
638.33149038 75.4623604616
169.068301979 497.095473875
401.00635896 402.313190818
142.741701402 619.185296185
479.712677394 406.863260385
110.383325114 679.333378601
461.637508866 253.326254929
137.362555135 475.020438164
77.1362528095 435.49602032
429.933861809 597.787169088
591.866787285 692.654033414
494.374834552 114.511670118
601.587563769 401.644828879
380.422176277 162.792895118
64.4041558849 201.258284573
203.120204494 97.8566055591
689.326458534 407.6533968
