656.97204524 364.125817033
249.004188552 198.882944412
295.592443303 281.330214557
270.141743097 218.426755485
411.293821272 583.184350123
344.533865393 554.168413994
98.7881829306 187.259353019
542.338980643 248.410157725
381.292016757 233.603618089
376.024886591 302.298677313
225.12646502 166.315966517
318.606852647 155.645745608
363.440981315 609.078001877
161.576052969 154.273799576
374.573898961 686.041278424
393.547854294 267.390334208
333.681442241 240.750909611
389.231939042 549.821199638
416.21589457 552.664429046
443.895648484 226.313902374
325.58596211 294.518344735
301.029057042 221.44125961
395.865200776 699.938849318
120.511657872 193.247443069
75.9387377819 219.400813484
394.213447453 684.957120875
285.130744793 558.43433121
532.482442424 296.320546377
197.603782442 127.887237966
336.388684047 281.318275021
438.492844121 271.363544748
254.3255776 175.442271853
458.079278526 333.730599079
205.376301846 163.281297401
407.48141019 290.256553615
225.07862629 205.32693971
414.146324023 333.648584302
539.488312879 275.591482802
303.005112656 193.300590582
273.798837831 156.896489173
378.806935054 475.537966089
386.142313458 602.797318825
639.981294755 348.352611312
81.7061270202 206.043375983
363.208471582 532.11623797
355.414997689 187.190746717
395.655764764 663.826871564
85.6280115586 249.014616737
361.640711914 571.26608093
407.104979675 315.92379317
196.610104142 150.567204616
103.334378705 215.009786832
441.170846914 325.357786785
297.689466117 256.911052276
415.549163669 699.319575361
183.583335907 178.801427989
259.308027072 253.909091046
463.51054792 282.815969483
476.042736372 217.091018421
480.849285396 272.007220952
174.662225784 204.406220461
507.402405614 262.772693557
364.442580295 278.437023019
539.009359129 418.82865068
213.545562886 187.071290818
232.35096554 232.775151407
323.121352611 201.671946934
106.589968114 241.83552438
399.600660008 525.649673738
377.881896771 511.691822777
330.579291636 185.184062413
132.002630675 220.949670532
344.759689421 214.970177257
135.085363864 187.215863947
480.140283111 308.697787161
414.739805544 677.730593937
512.903380166 287.693395688
161.025403413 180.251120002
221.008266383 138.506864829
386.727793396 215.702244623
293.034947828 161.475013388
472.408165433 250.330381136
494.907024376 327.033962865
395.957272909 623.569165606
630.499074458 370.429980355
358.372129805 254.429795422
274.177291235 191.330870497
431.91268947 309.876011563
428.423767367 255.571739002
505.005201694 244.048264446
218.671509987 520.246120861
109.753154348 195.190292476
374.317029067 645.981156031
421.112631278 206.451597701
95.1245939444 235.355462126
358.240873106 169.329061999
233.085475588 154.666534096
518.44202558 427.633529044
115.164611252 230.134134324
193.376173986 201.962392508
