438.29259458 523.964061968
370.438841305 695.503453911
481.278298448 579.257247907
474.443308512 537.439719155
396.902953068 696.08755275
412.729952242 552.801106495
620.10002295 770.037233794
228.669111566 759.134639097
402.073927786 455.758706
621.163531875 747.848646113
440.902011708 666.025956728
352.862295776 658.081670565
249.597047057 726.545738753
547.627797897 330.993103268
335.178162936 87.3151810855
307.289206267 709.86869593
699.196676246 739.453590329
348.347628052 685.551004444
646.614477906 779.366883477
660.126844461 755.43932158
679.764049358 745.789993851
641.292880863 750.991308573
398.68157588 651.330410787
342.783508744 163.424554253
666.84064228 733.792742846
307.262357413 265.010983041
304.104608777 204.390677731
364.521112539 146.811129409
493.761019076 739.295511853
341.099630632 233.666316002
341.489872022 126.783298737
335.731663057 621.850789996
195.092270047 718.170881156
356.533323357 522.217744986
402.061973866 515.035632045
437.600831373 635.543042121
478.66231611 498.654956026
306.742826652 681.766155789
323.172736247 115.74055507
332.91068902 274.122612843
330.90280133 733.281755626
359.327771044 209.456699387
467.795566088 759.618478339
442.4242156 413.151665716
667.101854444 785.678026602
331.212827562 703.283675685
337.179639504 100.163993821
355.589060078 111.567700435
316.973036716 100.778656465
512.183202961 469.546176712
534.514591821 448.224802199
386.825513135 671.987834599
337.044291951 718.272578937
249.232484527 762.776488888
204.174749845 745.162863125
366.061594561 248.71474369
362.256076924 696.4780429
360.934130819 271.254040874
303.590330805 104.950520991
326.918800848 692.942971902
422.953987134 753.574610956
345.089926504 650.125314215
367.401102684 127.702058123
304.279813054 234.031077909
374.839843122 707.963819525
299.075558934 636.430077253
443.797892024 776.776158284
346.93362881 706.623936767
293.183917942 670.402061406
349.297744668 296.861761789
421.596677868 419.698836908
462.958862997 443.639306682
460.073409373 492.816154611
492.879976698 450.478048731
464.207431401 422.623856728
370.221936649 720.096648609
447.613616302 451.184077436
328.321795376 241.812358843
164.424951161 737.960412046
334.025922312 206.77202098
306.496906869 137.178787014
328.582417127 132.952558585
398.140371304 626.355346844
685.306179776 781.690669368
421.027523586 670.457972474
163.699979693 746.615137205
520.335160971 428.186123022
452.282935615 564.853535032
376.527746686 677.322559342
271.927090614 704.585314633
328.664666183 664.79251607
498.571355543 410.062790629
307.91582566 699.003207816
374.233464879 488.744672294
477.228059766 737.630701041
169.824876517 717.120358424
324.619333633 169.653700531
443.736524218 750.312165447
454.629893598 734.212990335
698.055942084 768.837580463
