257.926069499 649.943271552
294.579849432 616.379922124
265.088023968 629.775029318
426.455869605 573.588152969
314.388950123 698.630776211
213.53215299 683.082461414
298.905890762 656.182957403
280.521443709 419.710248358
292.089431957 493.473656091
346.871171682 501.12793205
337.39965964 697.551604688
382.831112048 652.174181651
270.493078234 685.639271791
289.656291911 101.214842747
319.735311039 429.024957306
270.832729743 699.911431265
391.207641137 566.514539986
231.797334553 712.551003109
323.744234038 639.844806069
475.915849046 586.367125916
308.251368737 473.672156038
396.836950528 596.947738281
424.397441422 602.734354103
301.794826502 398.602623218
298.107593122 522.234691159
301.098737333 178.382322747
323.082842087 159.481688404
401.850498824 525.905480616
307.250046599 692.506618279
284.150706375 125.086667069
321.939324244 200.971060981
229.011359167 700.112302439
299.01966885 442.645413895
236.113727331 646.061366627
296.499852914 248.833978095
459.895716104 603.799575123
332.381145177 462.040989655
277.430047128 667.827926408
319.926525002 443.609652221
289.827898552 176.098709645
280.061546466 713.493217767
330.788613624 239.822735968
323.733800625 712.25652182
316.11859021 222.420631066
464.594789412 557.410846502
307.71145076 628.648995609
330.887079674 510.059823422
400.636429536 326.914839612
315.966879311 417.578691709
267.204522156 594.211514323
292.547501396 567.295440535
325.857423537 601.080491588
243.610998727 684.116762375
244.64192617 667.823497481
247.089755777 723.616397381
274.250427122 612.405573304
271.628212874 673.459003802
311.473382031 138.621901558
329.147952038 389.816642084
342.433707549 650.815558203
301.069306494 714.697730047
369.980411568 626.379336281
297.294500669 584.034816381
347.820081941 127.469901567
377.155393699 674.760841291
300.153166191 699.319675009
315.343710902 727.420045203
299.577027944 681.482241632
335.478363367 619.721722509
296.400199772 202.429481441
292.279926991 223.174622459
250.160646878 627.83790807
300.036010675 150.902367634
279.838020494 650.945007563
241.487457742 610.652856196
298.172095694 729.601115574
384.873906334 522.130054826
337.943220182 101.336669304
272.038215992 526.98486999
313.004222601 100.313836483
341.683078427 174.533081722
324.744874074 119.374760255
383.895295483 576.455095314
447.330490374 579.987384194
353.866652972 704.755068437
273.832199993 498.874465385
312.482198785 541.688763536
290.009960562 698.398071079
327.939050303 581.988364638
346.580857436 667.4872237
295.113333401 637.899957973
409.717946179 576.089393102
318.255488038 667.372187814
145.311781085 280.546859435
335.894641388 678.365503333
292.197089514 466.284142357
356.476722183 217.536173763
251.75553847 696.499350077
307.142756757 668.131275354
424.510365902 527.531383501
