110.675242495 702.846480943
144.883246647 503.375801716
166.283154411 322.858287346
131.925001691 507.192236735
236.420701273 399.695418894
130.536302208 538.123058966
683.196790549 397.934258115
230.917690827 453.049336278
339.751321825 355.358997824
182.689241824 425.317003994
96.9346952215 663.504484034
210.36605369 420.938502704
206.680439167 470.679160181
153.325253366 268.995992588
206.361004146 391.131540995
192.130049009 260.821677952
154.793179464 571.649674477
234.17006001 379.435951477
173.167562265 520.715955913
118.051330975 653.618682187
113.255829782 141.349142088
140.531363586 245.322316047
704.387291868 369.364705969
103.23911729 203.997381754
160.724581701 291.798089703
177.05628239 394.018452665
132.066945239 121.771261302
124.030584675 672.6915744
259.060763163 355.309030387
683.719061535 374.909057413
151.848397599 532.531125874
160.047128383 556.211272318
138.222806457 158.107699206
178.367653634 455.207746614
143.420827554 717.521929233
125.888172622 716.523266568
74.6066016812 105.143290982
113.908902407 718.62258736
699.724538832 429.218560469
372.509466456 332.353984288
149.249038743 395.99203327
432.520064076 191.066247393
197.76372598 238.115685282
195.69604267 561.464130665
141.822375181 188.49987932
171.159979525 374.797279209
163.637297179 242.041926142
157.59777094 635.18557551
193.289111053 309.384878794
246.34678439 422.825872707
99.6669182465 104.465284803
702.824637819 398.623946968
280.709211034 394.210470327
103.783034218 181.726504935
179.960269263 546.497855279
262.546723455 399.721766035
86.7097376272 165.919258797
199.597615243 513.641002671
136.339891858 214.661889105
156.363330391 495.315787023
147.216291567 436.915245398
133.600943734 631.90817229
156.043679526 659.059726063
413.974715103 199.28056034
203.275425997 367.327403705
128.853039066 693.070616446
122.085781434 107.732629299
151.664108996 672.836925986
197.188958042 538.48625578
146.173436566 702.105059035
233.063601949 352.387233521
114.399612976 156.07693793
542.958341054 323.310042996
168.64466514 426.970599518
173.047907605 482.885022969
131.819007626 642.55272395
181.602602629 228.363775714
356.987887255 318.244392989
714.36392169 418.437499468
110.982702656 123.989262975
155.920661006 689.244189093
138.662615291 562.839451418
164.848591694 513.353963995
214.712789015 284.050396527
94.5450878508 128.5533034
258.713102539 376.144864745
209.571256468 338.430597753
114.234134037 676.602035774
180.603532743 274.336084299
163.653347056 212.303647367
149.069922238 308.064755862
111.803018379 693.384759498
231.912167505 420.456411602
192.484180619 500.244071958
200.805210462 415.348894043
149.951710469 343.300394434
271.552570604 100.708329301
182.073638771 586.276988974
151.138349832 473.918767564
80.8818867299 137.554956466
