527.581655929 393.10350086
544.635582753 431.592391231
742.663444528 579.042864154
402.856040326 521.583843107
693.338782406 613.176627842
260.984628106 571.85148199
473.814188838 429.949042799
584.0762336 186.891707457
559.150615121 197.558149762
756.740617247 542.052138406
582.583911488 440.6230614
530.068467156 423.641733288
321.252862167 529.657164054
518.142366499 437.636529656
491.5647084 394.285677956
709.418732079 649.5064167
707.784953418 517.151575583
559.900543189 134.819813594
572.553637629 531.484961453
656.354797726 544.78439323
545.840171317 450.095563407
566.486733968 108.708014948
459.739048821 430.003945244
464.380027272 407.563525424
226.124514309 560.677713519
358.488346638 524.207350569
205.333864192 615.122845579
541.238298244 328.280218108
529.836834975 135.802152862
317.493408041 486.498051863
497.770353135 409.274799588
627.515903505 444.888746913
514.32838751 523.555713471
601.426349323 527.85009333
245.930642562 557.825879307
479.845895849 522.04369488
554.230869537 463.371540132
163.410782182 565.908670471
616.665556646 491.486168879
520.861105871 404.412965929
241.002326676 596.992543247
499.213944086 452.625149716
517.326968547 376.010479553
718.574967418 558.351773664
692.180326338 545.722413203
651.730644832 478.86687677
473.352019975 458.475074754
461.623976709 438.035037678
506.294316584 614.883797826
572.307181068 477.574191435
186.36745115 569.904467798
443.986932617 488.009109043
494.309188152 482.231979166
733.880317365 538.31920865
548.0682068 258.312416228
567.879034046 227.50911493
737.079725937 510.85449565
614.143805649 552.960109843
532.532420974 189.62849185
605.552990539 595.648215127
341.191708383 502.910276971
577.2162421 269.861145218
396.75279912 461.068340861
138.430878074 569.675663338
683.061182477 581.674723786
385.822265894 499.180921329
543.004144722 112.796078866
629.051773463 576.597486333
544.16663437 492.459258334
556.559665027 98.6792579982
554.695124538 174.64084918
697.742713498 632.556863683
508.92359992 423.119923678
598.945769363 573.093631988
526.218914515 453.479333303
532.414865724 349.777685794
584.900519106 553.729681929
136.361311005 601.287841477
589.782938416 148.742130631
575.828477773 122.952368987
560.292035216 397.812776901
615.423063409 463.503199316
313.798366053 500.398016212
170.152840222 606.801942176
545.109134035 293.61946771
590.401741451 499.872763747
159.115745581 586.215371477
730.359388093 619.482205164
714.226861304 590.176751723
197.474372431 584.035329149
553.439631568 154.528582406
550.813697177 523.817584307
363.631484503 475.573614808
556.323527355 368.949797859
580.563644726 296.553242723
593.757633758 103.095359978
224.330373938 577.481026369
565.563456842 320.320911722
389.35835363 438.601271123
529.565035686 468.407573903
