430.103068549 149.226152524
369.197934165 97.9237834344
525.878001207 201.895299354
516.630046936 299.919461259
136.801479255 317.821855626
116.360960126 286.567010779
441.099488351 259.820445601
349.697109934 201.073811565
478.051693439 351.534242076
113.012831999 273.754413443
530.884933312 255.137669514
542.340446737 365.596362395
98.705171915 286.774646518
486.472950795 206.48729753
413.890419585 295.427694238
271.575973238 291.06313947
518.876846437 324.033061556
179.689211512 299.824711802
143.52459371 292.356360029
420.553291199 231.86860578
355.955903927 134.005036308
531.318322378 318.684542079
198.098444526 275.831193289
366.030125997 143.653966454
357.714328981 184.598528453
373.945110566 216.196849574
99.4411255869 270.590192369
403.499030977 219.951987843
341.496667886 95.0882074581
471.017922226 329.109523254
292.926022161 305.608032101
109.163544324 308.758062437
379.067045122 200.180266431
338.678214826 172.757995028
382.43722146 151.506616154
425.570676297 179.673466084
383.221373089 215.500661484
245.66430016 285.646296231
474.920290487 174.13926593
454.059521966 243.698570572
224.871221594 289.890331678
154.150329948 284.130293353
540.328207311 298.312740381
375.744344217 183.61793346
308.141112553 354.797606159
119.811583875 331.268246451
279.0350833 324.537436219
207.751673555 293.996738474
424.98086725 314.630501396
395.722791829 192.112165283
441.993034228 224.433880444
297.729665643 337.232524303
486.391618311 323.323088174
498.656654339 338.401130113
155.58459515 316.978320453
259.144537387 329.651957003
381.924843492 128.811127927
435.790314902 203.210633683
486.237114116 238.924729596
507.654414258 357.18667223
440.096924739 295.802387883
523.414709487 361.041191246
325.286439082 123.455641446
131.596116139 276.757618914
216.610264995 315.758340341
467.108469721 265.321275414
527.633552658 349.122864968
175.089298673 283.838732777
224.686818081 330.092545406
497.374674977 209.561237683
505.108702041 165.397955477
445.571067378 326.662927664
491.330604269 186.12647645
501.398345365 247.975341995
545.535831707 340.52196715
128.872485559 299.837341663
449.995739339 182.430009963
388.352255663 168.992271296
379.577077636 107.989794714
421.411842535 269.748382996
464.767485922 149.432868835
344.991154943 106.150465131
503.81673147 690.454308285
252.333466027 311.70837249
235.423302152 329.112779891
463.653591265 292.202950935
353.420331667 112.98779894
518.193489793 680.178923095
438.662444217 360.41408908
512.961266482 227.334149806
312.460706229 327.761737557
503.290491177 282.075609326
96.4426127322 318.42092231
390.718037918 252.607577911
340.114532124 154.953317769
391.737123751 283.1064921
400.965359213 142.327123246
84.6954467299 298.439219201
479.570354216 301.937464537
328.08459391 350.741066225
