222.821513874 270.822838265
227.168810038 420.930048341
102.15371551 240.661721516
181.804193474 252.210887533
180.869960481 630.868901202
147.311118334 210.197007563
211.93744006 182.853941714
176.14298859 161.366830529
245.453645959 259.723474351
194.822721797 700.388034191
218.917785772 348.013053708
185.202577868 333.487578165
209.736370689 314.180371139
207.447650414 653.843306284
527.183059544 388.470392332
182.896716525 684.33882582
208.677473239 691.262572021
230.617860585 317.929681442
80.250220613 288.894635771
88.1007526785 263.116950723
204.694101329 459.202606606
229.923293471 300.515438654
545.884894915 409.924629636
505.796120492 424.442379239
170.723086421 523.853212618
142.989779272 650.166310944
62.8249040168 148.941751044
141.518308711 116.64225315
565.319377763 403.251228525
189.024039377 424.097452314
528.640866581 429.751051499
193.777937023 219.916254143
77.7436522364 254.568528559
67.8166693056 280.776738245
186.377711962 298.559967033
63.4715018302 243.200294866
225.517171616 488.248506828
514.978511441 455.100300589
107.497830543 206.186404164
175.114368223 559.105626461
121.015477926 191.65523033
182.252162925 318.145457233
545.692198761 456.352116526
128.225259464 515.877465547
84.7106686461 248.03163133
172.767445457 210.228689703
183.03875347 147.143361673
450.88840487 156.146425409
221.990688176 448.087720785
75.9224076551 177.974801348
168.997136706 348.435522028
152.792626477 700.248310286
82.265183123 228.947467834
155.457654317 264.134799521
564.593284446 469.394118216
177.0322961 364.838152757
189.075640235 672.399877627
98.2152819228 275.946823229
568.793929203 435.089151806
206.308401593 394.930643474
119.203318081 135.166096392
201.454864259 332.648565794
152.899880691 174.166574899
155.616517887 479.173149943
129.964527573 241.459727662
185.600856959 495.356390759
589.360903767 430.413789557
117.131627242 494.250050461
109.293225984 276.515007238
187.626084432 281.861160089
211.595396429 235.792483876
166.262798212 700.187032698
136.475567325 100.337518426
164.698104904 660.1909844
156.848088875 241.365924728
140.023232901 676.345454826
83.7979405651 283.929741524
76.3968560956 121.194663265
123.550557623 163.644932126
164.035546249 189.660393079
141.454449862 133.972388008
234.600389364 388.556809018
95.4414530453 105.32960588
87.6915102093 157.453361704
211.879211793 290.990879632
57.9962728108 225.663894627
144.759551267 546.577468764
199.889503308 528.056307425
183.618780151 592.777514384
98.0079119028 138.691845214
587.577695397 462.460132681
58.2019665915 262.660008217
150.495182627 99.3438350279
211.014401886 370.793333986
194.176032787 353.833683097
158.330321923 115.694542189
152.048853581 588.564596842
139.052678035 154.356370116
115.737310648 100.564889592
107.677073325 474.396597094
