398.638773302 202.344071792
256.820670344 231.869128928
402.032292429 170.349798696
541.530096361 447.246342191
452.062263579 662.372414659
447.487556727 603.795648342
370.439968713 155.987743304
521.453743905 262.338418165
512.562553621 302.22885227
192.982234543 219.178251528
617.49376108 424.002142938
501.052559034 636.448056156
147.827994957 268.134700633
614.386333562 374.907872983
554.056926542 362.570722477
294.584406135 517.884427575
245.68819779 285.917386054
177.69318971 247.425545224
501.809815439 426.801704334
380.32816437 139.69234242
434.603054508 266.710260444
475.776200545 346.861984595
236.809532461 225.325366027
561.58485277 326.738799179
547.286376704 265.779250121
463.748517426 232.160512879
136.98387196 242.139764466
332.387995188 140.241493533
236.477946446 257.078899913
535.949759787 306.514510342
393.763134898 227.163625644
438.846248296 688.012693638
352.201909646 140.328860311
484.93455363 597.792525396
464.383544244 192.680064893
400.673663642 106.771119942
343.027170971 178.306504173
202.740753269 253.034954473
455.577554888 160.251048803
559.978757274 307.497248205
463.478056442 634.095846337
217.459379841 233.368284735
585.332805401 418.79832289
357.104270928 106.708774676
445.976740302 311.868849731
449.611673423 679.448951241
369.126837402 438.894211981
226.159003984 427.125474552
584.727960089 346.27128485
342.777961254 123.0220673
398.573144896 134.377950321
402.386356268 245.845461228
499.54457236 471.706938223
478.352058905 619.435226421
441.002386261 623.067237746
496.248458878 450.934616547
468.262852572 261.064187067
416.901329641 128.86723964
587.243226111 384.451076496
471.936122213 700.253215235
366.950448197 188.428478502
491.638617567 662.527745256
216.954529338 270.318596735
160.232424937 241.39866653
444.102566651 701.214582309
570.097280855 400.065637335
241.783076122 415.607075098
485.973678198 388.944203242
464.027535681 683.169788736
633.82260992 407.060199839
485.6820832 205.178709602
546.107061373 233.166316326
425.998962787 172.274544346
518.043593711 365.914751319
516.039918335 465.606985752
175.892404147 287.74680283
445.805857187 196.518910664
368.903458616 108.402508941
497.311530691 246.741710961
406.463561925 157.409214441
388.760455379 187.381982891
487.944908405 280.471843879
532.835754848 394.077249775
453.643015077 588.506672946
462.119126748 654.851346828
586.620905982 368.312192408
514.381239748 439.066240832
541.377177236 415.189352455
487.712189098 303.773443395
608.925684987 409.170132467
413.491227419 214.81215156
529.983256163 339.435939174
411.005992873 699.859242098
516.022224097 218.292231767
257.872174348 267.114635535
522.604498411 289.543643504
415.93989344 197.536371026
414.377745598 674.136957431
499.21166161 341.15352457
426.837427844 235.285630273
