683.877434144 681.060814004
669.785539016 652.055605296
576.98820111 646.487720369
698.990003753 770.625711054
96.5193132158 684.248822997
443.799171238 594.68619979
445.108773504 668.335836961
598.526130939 425.997261544
191.524362617 725.743403059
151.736022774 703.740001897
473.790564686 772.407457605
516.836958236 532.013859639
167.612647856 737.257189566
540.34045438 748.930142577
112.61199723 689.606195959
441.281291551 725.170169268
550.261144671 558.029838934
126.47566925 671.042339917
483.638401688 537.667737317
560.253548183 223.037885123
501.60332687 472.085097286
602.178647227 649.179891237
557.824372457 660.536709816
588.867659669 726.669707041
632.890562798 459.494692552
401.866489726 670.733964039
645.75291246 194.52878038
537.651837463 463.894896555
700.266323993 724.444634582
310.105574945 760.118935084
486.440587864 508.868529054
663.266004837 765.22458872
578.155965919 716.096038447
486.703380201 752.615790567
601.175970991 689.480615428
558.937715298 711.996913642
593.882991977 450.588361312
265.638387842 762.896724178
479.560060126 719.306555279
701.254882875 742.210137956
424.242862287 107.904780904
452.896759627 538.035901775
320.353012253 745.451009576
491.184272401 589.591050686
628.405158967 405.152960044
579.687715441 750.620180726
218.443392977 748.197319968
595.188506259 670.897179874
572.622662829 733.107004919
674.637189242 742.64077669
274.425849463 744.955734442
308.865640967 713.34095158
306.245544717 734.963831888
134.889829518 740.741717595
531.960051677 686.956873334
131.197469217 711.127802989
460.590076641 760.71322408
660.047033762 678.617939874
541.401242789 728.324841295
568.278020017 427.963179039
563.429489687 687.967746702
402.7078825 732.165704167
666.60174096 720.541900952
656.653298049 660.740931703
631.717721823 435.979856801
405.571655158 709.060077095
687.882749775 662.925605357
322.522811215 683.7745067
365.980105587 675.101665213
430.910882781 574.955333327
447.548380627 747.178547488
473.911939678 574.379164893
605.577251202 471.550022832
449.821310763 704.812597617
267.288559207 724.250835687
584.52543512 697.472019505
97.7305752869 734.257245259
690.456876105 706.700197225
561.720345952 532.08325323
274.169726928 255.391397687
521.347875622 508.043903349
515.535364578 552.179893542
291.529617464 732.66196295
132.181088132 267.881165137
112.562019865 727.953008183
684.648199828 746.582810374
509.479279086 572.586776256
341.785159735 711.246852486
548.276507146 699.09015735
307.775507503 777.248604538
581.969614284 674.97362366
287.589775939 698.1112316
526.338067034 725.823371622
231.383831656 725.547131802
416.304155846 636.610163477
462.993514044 607.96816624
598.814670267 401.477685247
478.250083114 741.422791165
108.618822383 706.233393262
93.5937449617 703.980249317
