623.775086688 529.209356502
706.942025963 237.777698608
761.413605967 458.279990883
777.140116894 676.247277171
605.139215226 387.033461212
532.399907821 386.644455919
747.899965763 403.408611587
721.941608672 395.128690243
691.688265629 702.756041599
625.792312567 563.672780915
695.484055066 670.303367595
489.229827616 302.042176483
671.5354854 522.552151701
579.732415621 427.045163509
774.642471563 485.443044606
471.792191663 352.825128457
610.372356221 454.200498992
682.043632306 363.104672892
739.599303461 172.199460473
710.023195613 583.689305894
740.074451551 152.486005878
691.107348614 407.443421433
772.19609422 450.22335267
706.183016518 481.993594825
638.100088569 240.811755963
731.600696725 201.370168748
711.381477242 428.665396626
693.917398816 373.384780747
758.620678338 586.1605144
473.087194595 315.031041728
585.446934103 348.65569635
779.112622713 715.740340511
728.431788317 559.993321954
614.049167997 427.293986601
674.527857312 680.807207333
653.819557554 279.570506281
705.957626676 459.885544497
718.914388971 695.793825568
753.787581022 635.540637351
242.705070924 345.299742038
726.498786154 418.615849544
763.857309586 228.154219527
701.198642649 398.950351721
608.603583618 283.452448978
760.924457924 205.103841048
713.132666837 643.207875945
744.711050704 461.211011865
731.629633748 474.36189028
740.718151425 666.054464134
781.712714644 642.509371267
658.357026755 255.250111344
666.255575868 219.79286244
656.842170439 419.802593983
653.148805343 547.751129176
764.415046075 504.633221386
697.741821161 528.689546477
579.50120409 477.753684277
680.257368092 432.593857697
746.532410721 450.355400991
767.474661857 144.176898188
757.146128647 688.696783646
594.516873248 511.605998908
773.850626131 571.181935117
637.364520514 261.580736783
540.809075504 311.696126571
457.39049303 326.832872508
743.498268483 421.007316842
517.491150889 272.025919565
625.876450854 349.328787247
671.469327451 457.853005143
732.381232403 709.99862009
661.182668522 619.788252127
656.331557509 375.869206454
680.317369846 236.96023706
746.952904242 543.344206445
765.938126057 705.737793445
520.887928308 289.271548169
721.770427201 485.66691252
742.476333268 477.703082429
542.42133989 341.519913861
707.088805529 409.143972473
599.16382495 403.021317714
675.670745245 410.907876589
769.853752743 616.365796234
597.155139965 542.806849846
752.393812013 702.003172391
481.000049342 277.725178475
743.226938844 218.795861536
615.585037699 305.174861062
634.044054683 408.333742829
791.963993758 697.930153026
503.337081921 248.382751087
674.818636107 374.977113031
500.835923317 315.274567199
735.208346432 129.393676144
708.126786581 442.712237381
777.691760469 168.574115102
688.063728891 417.685820574
677.687930615 391.883381298
754.483958056 182.915385809
