721.346583409 102.154567177
197.942219096 175.901449873
225.614231821 282.005058547
169.188183968 608.864561011
83.6467044033 132.487929838
72.5631902798 372.149728336
296.047054756 145.782765676
285.134024184 118.157806705
105.469685591 698.223349849
697.711680891 143.560855652
109.329513559 644.27762989
24.084312003 148.205663348
741.311977167 82.3317871687
61.0252375007 225.410704899
718.87563953 76.1462385412
30.0981134958 255.104216912
82.8308333895 302.998785369
180.487139801 217.306581932
144.539229834 104.962194804
227.201023062 341.822124366
151.826832671 90.5544714856
182.753743829 264.707107091
283.670600563 165.963501962
115.741946717 370.921081967
142.694719852 140.828534877
161.0147709 100.908975244
197.460783872 298.844933184
221.144922883 108.875766958
253.438609234 344.493748919
16.3941490489 217.789710691
90.4675876448 99.6485560812
162.434755748 684.613684236
235.788659223 323.186079331
70.3123593743 268.021356836
88.647650842 674.862795392
207.58690467 260.247334357
126.098072611 339.352905136
118.036685471 681.927762136
122.604283039 587.899578173
107.11681891 424.15049273
258.113721909 149.308094931
234.072949497 125.303291803
227.630855076 149.238152277
156.21103695 176.471412829
241.901553743 99.7374828384
102.645130546 611.711586562
176.547898546 355.494860937
136.519427237 377.78749424
130.522690435 628.616886068
142.843284707 575.188538419
201.199741053 226.442910564
144.197004844 121.618430922
85.2961970036 260.061687576
740.587174983 113.63868484
704.175266514 91.0831251092
759.060650775 107.895584467
89.291017515 386.371169125
108.699769966 295.121158281
230.042815974 199.645421193
175.810940878 99.5654359514
143.843801855 607.940166546
224.611366236 310.765691544
252.60640556 322.558629437
152.704617317 155.175094643
46.2848555493 130.200111144
3.01216442466 233.39392656
229.904642237 173.543329711
40.7437569238 101.378589969
118.147706296 116.404401388
88.2188668187 353.306224742
123.446876042 701.054532846
82.4558379227 572.626896511
112.833332097 161.73175172
158.806827753 129.433241208
716.794978345 138.096419137
145.245102526 699.879497897
34.342760879 181.830527935
117.589530894 405.172011814
203.157691393 341.505579552
61.9722942513 101.022403844
259.309981444 127.446082315
61.0362396892 175.159999166
125.884580673 215.957826479
114.476301442 558.209217392
701.839065398 119.89835721
131.994406439 668.556460385
4.37033006689 180.238199763
198.120248021 122.923230203
145.304114069 233.757608666
84.1681414004 210.425307262
154.792268891 647.198651439
15.7236906078 120.527041465
159.251529814 198.80319402
33.4554214795 225.497752984
124.731154359 100.114944085
183.339951478 323.492670855
211.21793608 95.9949725649
157.033797087 314.770283732
153.839312929 286.090746816
176.65540778 139.413161545
