251.148582949 491.854405622
411.591375818 734.969771178
199.67907941 764.97655789
308.504417539 700.633784534
247.991422762 177.13678988
255.535563026 669.323464094
107.514780419 401.407198505
292.59411209 494.753174832
249.00913514 199.785826694
234.357995973 748.66725742
226.389553246 542.667820442
269.259437106 149.717180382
220.36049983 671.79798154
198.568642265 606.222041354
207.870946285 683.516124306
258.997693651 745.032019793
215.507855898 722.877261324
231.017054051 181.446420153
418.700863327 776.677700904
220.952220797 576.834733452
181.80053708 749.696893094
512.489064374 167.553186217
213.871338123 709.589489167
124.233017484 444.492124773
238.041802358 129.035048441
242.450065474 683.59223931
188.449709493 673.818925722
268.694608888 207.484221537
239.518019969 218.175431309
205.158921271 784.805717247
143.817223585 390.185448806
247.624522601 539.03778307
288.05697788 652.34415593
238.329221446 506.433799473
270.454098148 706.569585322
326.762297034 714.263892807
231.805694028 782.888341935
264.498996459 519.724892409
239.220660217 529.315667976
268.143648388 115.595451985
213.648359226 751.347115012
222.120204596 483.965530916
260.01442432 193.031035787
212.100126669 147.159253825
247.512965342 162.773169938
256.01642514 573.291606061
270.017249886 677.591087631
277.383121364 726.059348656
258.824503163 640.603852853
232.144324212 767.519972272
244.530356717 151.395011655
266.008797831 693.258638667
246.87883385 734.562269092
194.597966522 704.512400557
212.025302133 547.453119774
368.475147812 297.992191522
233.993858453 700.173879186
305.847348097 690.789871221
231.538264582 234.279816577
225.79989996 601.983982044
254.883282855 656.03146195
308.582937287 521.282415471
251.579476575 709.64649066
282.779444012 341.811465983
147.082137409 414.944499618
240.937655781 692.606807116
95.4503692507 439.403657601
232.156513057 710.913986289
412.367162719 754.999127001
220.546648634 175.168274499
236.257046063 203.026632559
195.557403535 731.356737478
219.396047208 210.89607877
298.500956442 708.028218869
313.456510798 659.014109376
217.775973251 510.896454197
392.970992175 755.246795388
116.436763883 423.099806209
272.574722474 135.429015509
293.910739394 159.610328668
279.042478138 172.399439847
223.068377909 640.309498481
385.741993329 735.234079587
161.950544856 468.293962892
249.592751537 479.431267694
221.148352822 737.016650063
270.879476267 169.027948192
257.720697142 722.922088398
194.242846068 644.992201793
256.256171221 633.216782803
223.743268167 660.765201875
286.063645957 687.787375478
245.167648565 673.026244547
300.072240012 122.989807142
391.76968836 710.479569501
302.972514535 142.587536875
260.664247175 242.871943869
300.190955119 544.521508359
189.31705863 717.875985268
304.696364049 669.196768869
