72.1171448189 229.978012054
118.991426233 480.593860754
446.48950668 648.708179381
72.2084556096 663.91339537
316.476341027 597.04030956
52.8091868778 616.681787523
30.1254332832 272.496727879
117.964614065 157.138856386
68.181749016 143.423260757
456.319695776 671.388544628
129.064563181 516.230023921
82.6756252768 261.914206138
52.136848463 639.153881513
370.921879895 501.643521353
17.3498277986 221.095263182
367.860678288 657.672703617
397.09676052 586.668870251
50.4621195145 126.222588361
107.104400125 598.919031762
232.929694652 520.569164901
115.84342669 515.336347402
63.5850288876 101.325241088
221.547885184 434.872920495
11.8843000137 251.049539498
162.043336683 444.916732018
53.4900190397 678.678339919
100.256304519 471.170990736
74.1316717364 188.786657222
32.2752530017 116.268904322
77.4031512375 544.309608503
33.2157668498 250.258711181
227.181780215 482.213153353
80.2203896885 678.655400913
121.930930575 594.38230427
86.1158672414 500.400650993
76.9999289979 690.122707911
119.002271912 540.665729587
152.721149525 369.486984001
135.874178042 542.365902813
50.374515235 247.002415342
63.5698367251 536.389159011
335.815557209 528.507213461
6.70743940153 214.09056882
403.864659838 618.87196073
354.42581039 594.242486673
257.013330216 501.620558424
90.4874667383 569.47353583
111.501839558 499.316313753
91.2658856486 704.575438341
124.904841213 564.256993286
175.574756266 393.137483986
86.421998111 621.598825696
91.0683229813 600.593290643
429.72758704 634.724624247
50.1036669073 168.892395406
86.5864014599 159.269183841
435.874295694 611.629673791
113.281124542 629.116225021
13.8426270701 143.791896467
106.008651094 692.245021278
55.494013379 657.763493518
136.534231506 181.133675642
74.7876334166 607.388823169
117.903686354 377.893908312
248.2260439 549.585006052
67.9365690637 699.344529738
8.99230016558 103.919369439
118.716300734 661.805401043
106.074457403 584.03812193
36.1978856664 101.167194673
31.6114674723 143.270458551
334.949951743 635.831895462
55.6406796267 274.613273822
104.920493123 669.929726822
108.155804537 541.886814573
31.2817167168 206.549436192
104.118679689 642.352736572
115.42609065 413.514604228
96.6367711008 122.209360145
69.0380418441 116.337916151
103.78682926 250.930493026
201.046661855 511.365670901
76.7471734973 565.817279577
106.991389123 449.021030551
8.0168885695 173.525697104
126.39253928 582.511983888
138.656363025 411.372921039
404.294718164 658.028257307
367.336678647 631.887081484
172.710719854 432.644000921
16.4559374221 125.73178053
92.7431242258 652.503067122
83.0019969747 640.741781986
85.2023698415 219.210352938
148.562685631 197.475369806
82.9412028952 99.4639478707
125.247191452 464.652701938
103.592732523 205.406526192
92.8931610647 532.659495116
107.763333632 563.944839681
