155.111337861 380.198381066
126.433881918 491.425502509
180.010650213 378.651685934
170.336802319 211.00515103
167.851585669 493.437516054
96.4476740036 379.876371447
165.400282912 461.759925168
64.2704875656 401.025579279
49.0147674347 222.333117351
119.531198867 396.762146703
190.39363235 502.25510425
118.484474016 436.51193734
76.6101854557 399.99670204
75.3747268588 152.268216789
154.406168642 102.238308949
78.5870678478 666.890445325
204.039085662 195.328968662
100.794886776 490.747383628
187.391822765 478.333256342
204.277896855 404.317686611
210.072179878 342.565656348
147.076049114 407.235255999
141.664098826 435.684396265
148.230352775 166.22652989
192.2777982 369.197247721
38.8447027198 155.699391444
82.5312101828 107.174468927
184.373020531 134.255610008
126.575252928 633.415516413
105.607607253 164.967322495
149.38147623 146.16650978
94.6493648914 440.298356267
64.2676582338 389.100167278
90.7866081587 406.415881781
89.5014944295 347.54154699
168.189155868 428.274016266
193.562306097 152.176866452
155.993661206 543.967178793
130.540391863 119.308983892
60.4102405807 173.577653523
83.4151384601 696.512257802
127.347052707 160.393988058
131.685989805 655.956297903
90.1311258487 201.226140491
177.279261986 230.736365497
110.391344945 568.773506208
149.507008006 127.924529328
165.198389638 111.652834473
129.177629446 105.308611538
156.209237257 200.240762852
162.835916672 167.647585365
145.581308702 488.690932135
95.0308118999 609.157727529
98.6440630456 434.237228596
84.3732369627 429.825495592
130.699272311 228.247072661
155.923834476 520.576578693
100.150069481 186.489456836
109.054327727 89.9859180373
571.293448659 528.283299971
101.687201609 670.92472316
108.070608918 445.964676784
177.698518882 112.317175945
67.4506668315 97.2334359833
667.10425204 531.725200667
84.00222727 472.142250415
105.423638549 688.943462186
119.633766086 525.439383713
557.063454206 510.384006075
57.6126049427 205.075691352
76.2424279205 231.240325448
100.338137045 241.755754096
150.751306981 346.021020139
172.744742232 348.218010189
106.757175608 205.503400064
108.235237158 598.387684744
87.2986936388 300.981136825
65.906223496 128.434336135
58.1955539124 422.565049066
96.0669683657 140.639359183
106.088011513 104.054610657
118.570256976 140.375046596
103.081091928 415.238840946
210.528502284 382.256213796
178.970074497 534.186340309
67.1960975333 444.488879193
139.797971883 189.440625523
122.092364511 364.568268608
125.96235325 467.865946264
547.292322888 531.908773547
99.6625995677 473.170220999
124.944811128 257.561716331
81.3298848012 582.192313349
70.5407141373 357.773250744
128.859929174 614.342359779
44.3851894466 402.547125966
98.0243426439 124.509938708
100.118932441 642.520368542
124.968356098 587.01746611
199.776751882 229.034823399
