535.486490749 583.250940315
280.268828401 534.439226982
278.896878035 506.21083328
194.197047092 608.474775489
297.722813343 528.295694342
183.834847167 588.127786517
258.176928627 291.007986621
357.271791316 291.209127873
525.749237667 552.624458595
251.088691405 577.770366109
299.081099203 498.483785285
178.652956113 612.963877727
371.101213223 577.973660078
222.747735696 634.69815059
338.832346796 102.026006884
349.118734301 603.506649176
225.690119924 657.001420422
231.336586834 398.482191124
202.922640188 559.81045336
182.194790021 287.21736751
219.88535806 626.363791288
240.851083778 579.285434371
253.799039622 668.624071329
243.82806744 256.843687169
301.078530262 275.550979167
565.582723902 586.645974515
288.581578144 165.923482548
282.392667626 240.38350916
286.263171471 138.673319847
274.216309592 277.806373526
257.804746651 274.717003242
179.048814817 574.995087816
203.565828832 371.356616583
209.852977313 601.987467862
363.487509428 532.448900437
206.742927089 661.045804695
161.248293188 319.098949127
192.275704291 645.842410903
315.520234972 167.481132118
219.358597159 537.142988037
290.693756963 650.380386564
272.769798313 551.131771354
207.929335054 302.341107304
263.321137617 602.252010782
224.328651062 595.284323128
261.638138969 517.767749622
343.209316562 184.325579169
352.480015881 157.969356549
311.954722629 97.3678196752
582.292668417 570.334966701
258.76821051 559.414794809
217.161174639 362.096748749
269.856814492 646.237453557
345.002331328 576.299139765
260.232202029 624.083795301
288.326199451 267.573954281
250.705999493 542.608127396
363.302313115 563.909836887
326.915443444 115.689398417
318.500865642 204.228484862
335.588581823 542.166014492
586.260894686 543.653504902
227.68824391 579.030035506
309.038448274 110.233733985
413.953443988 640.101991514
165.340410532 611.407436567
221.050528912 616.278360171
280.009247768 680.813964015
186.377215732 416.956389944
217.159276354 520.877642083
557.635516086 556.883918674
235.054721832 354.841809367
230.853996101 315.375946388
120.617482074 276.541017418
564.644724847 531.582463211
383.156623371 597.250604667
194.463002961 344.950382623
336.331771083 407.228874196
287.367585083 622.012273474
232.044272687 562.478440739
211.520546113 585.315147783
264.527027737 572.25714869
239.087123267 645.923560046
303.26163096 247.429364284
245.825772687 606.060374774
306.297441519 631.663772107
326.816204991 570.219992633
239.127490588 684.854977782
322.489940605 235.335424927
202.827900208 423.695387716
210.91844068 395.357630949
199.473923797 324.732335836
200.473802138 632.372284517
507.208003861 571.207861605
347.0152114 134.716408033
261.264113026 700.28906311
288.517223244 112.966084223
179.934807815 316.037105528
322.301108422 136.288466001
287.785810762 215.22460237
