131.246647335 274.895061236
439.341653974 344.26357891
122.885584277 307.194355807
295.880929813 413.195372093
157.650557691 307.201758434
63.6938526449 268.714686567
102.350521715 331.525143918
213.251373887 328.29532549
96.6183531262 380.251262805
129.643697635 220.722828539
96.0511960282 290.924979771
148.857552811 318.498153962
331.221484089 381.709196069
627.214149779 275.881966136
100.825331725 356.799185639
698.011387757 253.70188661
642.687582298 228.342553541
137.955370934 341.641633814
131.285751173 359.146181159
103.971521046 227.449589689
667.609889451 293.515661188
649.168817975 268.32314302
146.091125049 251.14409963
356.668650967 331.570661108
213.242887733 290.296893361
224.913128583 332.566963329
100.945829208 264.833398895
222.951566534 362.401187065
381.028742815 407.661440977
114.84208631 300.408982772
48.3151257017 300.399409848
288.673684679 392.986477533
189.136039564 279.030177269
168.638310255 254.087692087
122.08939819 282.26690197
107.729258363 254.815196811
192.633549086 315.976646915
72.5705157206 319.376847407
176.891712432 283.475586985
82.0973800831 264.526099319
152.599601549 280.96106411
138.41589222 319.783367714
179.023343005 258.916594506
672.136440794 259.301826547
700.467119262 280.991216459
249.11079015 348.268440484
357.839257722 392.600397257
515.254970246 301.514448083
382.511474549 378.246984675
423.358948409 335.39082854
189.89390545 368.485885307
146.846764974 276.224332905
134.077018996 300.552960547
96.2619654239 250.850041802
72.2076760647 288.950977019
127.16402183 261.724949548
625.19519278 251.997051152
100.722853355 313.522817427
135.734844932 248.095184643
449.616204333 324.00396853
442.437657187 296.268434263
103.908900007 290.970125183
672.74142583 243.736786802
165.736251302 368.445945606
234.150362234 306.181728113
156.884177862 242.072512976
112.959319088 322.025690855
602.180537772 258.663153769
323.520881832 325.58300356
181.659904536 338.703837132
164.531160682 277.125670418
683.041081253 234.565429042
193.400725879 255.627151776
389.981088763 309.739040038
83.6527866035 347.51261404
214.679421998 264.072043638
88.6522602505 325.007970509
685.547706588 278.202587538
370.729565081 360.529505321
155.35547425 298.171054653
162.795902709 331.48805471
87.9957470479 288.132763528
303.625686098 443.788031832
113.462997962 277.274364314
651.426373468 251.223405181
123.899055437 353.469314088
333.449489332 366.572159318
416.407639352 319.25038916
168.482073088 296.923136414
324.293656734 413.852980869
199.980866083 297.552726136
356.64711736 419.260933411
241.956386452 405.43285962
606.793270427 305.593445776
118.107611373 344.091949378
207.936886299 326.081494609
109.395138159 377.715765767
175.186184658 326.222878377
58.4879257019 294.694683175
188.89244068 305.250483906
