205.514679177 644.040114455
432.734608205 605.197905887
181.940487154 720.44795888
372.914951136 576.12476985
263.776114818 699.089618628
90.7492610688 558.254956382
123.418372131 647.561079368
222.09585798 192.307047519
296.348365128 684.160763246
209.824269243 541.960741812
147.031452223 614.146531421
228.383076436 712.346428528
224.641571334 290.255699313
586.508766128 606.290502798
302.884398327 638.694603206
673.439563898 583.564408365
583.501974774 585.355182658
347.40684151 602.892493721
339.424127176 666.859608812
163.966127667 573.818288374
687.226962708 608.718000838
611.293576468 604.607478715
233.162355065 601.52332088
243.022022192 310.631875038
240.779022544 147.627327837
244.664143761 211.748279218
168.030999588 537.978301467
206.156379765 307.14204152
464.410092607 619.959648518
163.224398876 646.174917841
96.4095018762 607.888956214
216.917770179 333.974176814
235.085901 130.110338057
266.276605529 570.574820296
174.660224655 678.080107544
180.545092511 621.580277576
348.945634697 574.217710541
93.0202306954 634.261395655
277.262962805 596.519983585
156.630934784 514.344478603
248.744383113 644.770886366
187.201176157 703.812100704
240.086153131 105.122067959
629.571117318 591.659654396
699.482480618 596.897546074
288.441144615 156.195728236
441.333929226 571.453382702
615.85580989 628.438986271
176.634733317 407.454647357
193.916463921 396.622869377
402.143580602 613.125602144
220.299727889 626.048986505
222.446621528 688.913184714
133.762399535 552.067245899
107.312245137 557.61870401
196.207438516 604.428998661
464.026053402 560.000958842
132.153837263 597.589362518
210.217663248 583.433613186
464.228978927 601.754761052
213.480127706 379.87361546
96.5178015794 580.057010702
660.322437563 572.063157064
358.820452223 638.847626001
285.452595308 118.596337431
256.044350291 596.610138335
150.48590127 705.898546544
487.825393825 611.528514315
270.096023808 143.802066766
372.851699144 609.135878071
270.019139412 631.443213708
698.298031947 577.954902821
259.81357816 122.995199227
239.9071172 330.071311727
304.454611144 610.673264593
272.678077216 100.383590049
122.308843559 700.032977821
658.488545285 606.918558848
196.48040761 382.028442334
267.419926768 677.008840869
297.762682996 590.38339423
111.269398483 618.679343355
416.12871479 584.843480645
118.393653616 581.383334021
607.832965226 579.194011793
335.662793032 633.265112959
264.300437672 177.929089806
227.112023074 364.138917497
314.545719129 577.104375747
184.215172855 375.483159003
241.643293672 163.639172419
209.189103641 350.281660879
191.304429351 338.954219354
640.723469871 624.808825997
145.581642914 732.055184329
216.979639166 226.035689316
318.066793186 668.312622636
332.113336797 612.222614222
79.6635142158 593.934160058
348.3148657 548.474045104
