94.2691808235 340.356590037
418.884030601 441.231710381
70.5441159477 601.938057881
227.100000452 367.092875633
69.337741269 223.937637969
51.444217648 218.891132085
90.5717003395 256.186438671
488.340455626 419.176063912
11.5552318971 647.980640819
77.2336467024 301.467132802
21.0519584993 701.512691047
101.946765209 399.24190871
87.9501448438 230.243421364
43.458345326 698.543034757
99.7611512944 265.156626303
134.390279989 345.503268188
179.282009656 402.064125295
159.729265338 333.577472156
626.183738939 366.790785729
349.11122214 401.469021213
314.771689642 441.313353723
123.140740689 389.753780286
163.003657138 266.985636056
75.9276371151 274.916044924
103.164517832 354.262442309
99.832225127 319.694650278
508.800312226 378.038363082
346.369779914 430.529432772
697.567000487 401.254013292
302.082653758 294.357482808
206.040862987 536.85580748
52.613917629 619.195664937
90.0096397477 246.251761403
41.9577027651 596.697834579
553.403686695 275.068266662
75.4852167332 326.475941866
102.030752646 288.705184286
287.934962011 380.667938399
479.143546491 398.105547782
633.390120875 400.034602775
345.080563283 363.463851339
693.335071146 363.547852854
76.5447674244 187.389439631
376.33086118 440.2418529
447.218644352 471.526485879
67.214254976 700.576456818
62.6241498538 344.285603107
511.190656392 414.291333491
52.2227146551 658.578145119
239.567736547 445.65057114
388.349859059 399.267673141
122.435321255 258.071106114
394.103675511 429.162315629
119.801007376 322.641767688
152.509393214 301.791656089
65.4575795217 204.384252394
84.0205479286 387.18889502
458.98183837 443.286123167
63.2282268462 634.514248161
434.489900791 424.283235855
99.2317222804 381.381253363
196.281219761 569.410022985
673.950074295 398.837110325
440.051228701 393.078097679
88.4099602147 351.928745552
157.119389633 377.815056469
61.2655080469 237.243066089
462.277281009 416.66877011
196.58279206 551.601685843
680.403228646 383.360859258
29.7358003499 636.080314153
120.552231457 296.664542904
617.753033414 353.712739305
61.9860678595 382.955438521
215.883989548 331.312486837
177.865050184 331.065641998
17.0666155519 197.103899247
600.787557788 380.022344516
667.285239571 355.797708676
82.5782430975 261.475926042
644.989538842 368.174204301
176.063351017 455.364425373
416.236193317 408.975275977
191.019804414 371.216295704
31.6644976843 198.645689555
197.187009486 428.137922039
78.6008540343 380.769781243
315.454341582 416.067502209
91.8967463997 413.560859259
97.1298549328 210.246409991
207.961312757 450.917974139
371.090743104 389.69813324
14.5739482366 667.835440531
66.8288078954 676.477192607
224.018197742 404.783288329
268.074985019 406.202317257
661.106650425 388.651100639
36.8207882597 679.321015201
293.536867533 428.107575571
43.9777837668 189.601606927
