552.780506556 472.218720884
594.917324875 390.949842297
449.387537335 378.324732409
510.428439692 340.623137555
538.421617555 336.361696164
551.97986522 372.629474641
627.630195905 276.392409123
579.010761106 275.84818926
464.119619621 339.648245937
111.342479436 259.733592559
429.941837981 341.323418791
181.613112813 324.885448874
568.858747482 356.72362533
99.5666112939 335.627514405
144.838778296 262.807535977
304.710533696 313.540701875
297.636602914 330.643056299
266.765656291 307.408461937
618.815356984 391.605109135
535.078099299 427.301212238
616.430060071 289.719201731
120.691518182 335.858978495
656.983028634 268.648531004
202.137795845 282.400416033
420.229013559 378.751792541
105.75010937 272.626133016
639.706427033 246.747148084
535.911722238 440.482991465
600.515133361 308.888483603
602.816483311 264.753538088
599.027311745 326.205345562
488.526088207 338.235555779
645.066933954 285.533455817
402.843016948 346.653089128
541.44801727 418.986729215
558.854470182 492.409481384
363.394639165 277.440628368
521.376488786 479.609420467
669.315222331 281.892803787
597.930254212 347.901537033
534.850451287 390.808810141
672.677365293 331.007365745
522.896558392 320.26354461
497.389712474 359.950967995
558.806653955 327.381621087
554.837139379 407.145430692
239.397378521 316.711331511
639.161956972 345.307059561
152.673949058 341.015524859
481.91068601 364.976913142
511.826046724 303.581831228
675.357163833 249.288540068
617.315945878 317.569470149
326.949057324 293.345630224
526.613640262 346.186036087
496.383166585 309.67274887
122.94423297 313.447094812
570.879262602 384.646558324
302.349243914 351.731558286
552.123961855 300.662495935
143.483444258 307.308463422
575.173975469 437.431066899
612.151438631 354.337999835
629.973566653 307.835469373
124.818383777 284.929923267
551.420508516 449.549830699
555.729080636 274.286812918
610.434925223 439.473345284
578.42875245 335.898445746
574.427871852 470.548916019
276.081088781 337.32012886
461.374123701 305.225053194
685.722701265 292.31856815
99.5230743482 290.200301366
547.685234638 343.860511529
530.429924188 371.244459145
242.865298812 277.4448799
642.886616278 306.807362354
690.789615351 260.18226213
536.752475297 304.827972416
650.329611808 359.060360601
441.911441167 321.458279321
581.56674217 293.608561013
393.536466876 299.13102842
481.116217625 289.861999977
351.788517632 305.891199173
164.800413734 289.718339472
512.105108397 441.039748117
99.9439134834 302.451316212
384.77015729 258.283648064
510.368796453 391.389062316
530.99810825 468.48141637
270.585730228 354.479846796
573.481239524 308.22247596
509.414602505 363.112570003
494.605797314 391.831390023
658.607571535 310.229909974
333.471605315 332.919979757
467.517878715 364.860958599
284.219666617 273.142702057
