488.266861252 374.151896921
282.313310958 718.066486475
425.287002706 464.533471319
434.779387318 387.979118618
314.024728202 772.155368703
279.990670615 673.456906962
444.583888074 469.136801898
387.925283607 586.73977034
482.439326256 319.236443554
399.243918214 675.499156373
519.10040007 102.972058065
402.492922054 421.000991149
488.512811815 603.417640046
427.821949644 426.492563887
402.634889758 487.202367875
389.375896156 653.978616915
384.432308943 443.517497926
330.06765867 694.105516373
288.084640989 641.649753041
299.458061147 742.207235566
460.145710005 406.518570533
343.327796584 747.068751637
372.11644226 729.406783052
326.584814402 555.736014842
381.072463299 559.762621342
492.182982366 401.471734314
375.991828899 101.702731936
324.781606084 654.45662871
316.441412451 522.386687546
261.012060438 703.514285758
378.717333062 120.744135683
324.854957776 619.187331005
293.353332322 573.242829272
336.645039158 721.694757465
504.702253194 568.142592255
365.477169321 752.614263275
307.298733076 482.957258635
354.265687577 729.72044901
398.802218133 100.08150874
466.897811166 565.388847228
390.572383584 696.701875241
265.869697515 735.459746255
442.204197874 128.471174973
453.976673206 370.178399009
368.951148897 689.529984068
358.683034352 652.597573254
436.571256535 160.701435957
357.532773726 542.720815903
333.439810189 542.601711694
511.026263114 359.958305397
399.186095838 663.596845466
357.239794514 636.935571676
425.673476255 688.750284494
476.981251829 620.78987071
374.856187224 696.19289008
354.027911402 489.998036003
440.308730062 100.574633079
459.921789377 591.289868196
348.602686999 466.89784859
328.34002025 677.671687893
364.929511246 664.415000158
520.378897673 322.760824327
346.746063336 682.308364302
440.294226539 573.121723522
465.481088913 292.273563002
416.776593311 340.815134847
447.351240584 330.195070418
403.608283105 707.954764239
286.637951345 761.054604729
335.005140924 586.210826544
496.44546403 334.302093059
402.846093832 128.532468028
338.16827926 496.432694915
315.842994186 564.612803646
511.193367308 298.240501106
488.212284356 585.44936422
321.403596057 748.588779601
369.362917833 674.465367617
403.003974286 684.705741653
308.539175872 695.963997872
248.067296602 716.975094508
268.902569009 754.02094394
376.900616915 708.525597104
352.913552739 521.933621431
358.204951159 696.044595181
344.639564174 767.114689947
421.758814448 499.284495655
393.710842011 741.738700656
446.82191404 614.665357893
379.552557447 678.791877154
337.558873297 705.683968511
309.951129521 718.383080753
394.28552121 456.369870596
471.427762246 353.23419082
513.124707926 119.506580496
410.818186478 719.441462653
327.491209724 460.78068651
390.816494904 139.492411771
423.260205975 110.606823756
374.36305167 583.393075699
