705.915851761 256.372297306
412.90899971 317.717226737
712.703086845 427.190277932
676.090219859 588.091397726
596.089042781 365.167723735
700.435139003 650.311673495
549.765904908 278.014905791
743.109430874 117.186021246
703.391352632 163.174074824
754.815769359 548.89650987
766.916930215 491.148427205
712.699222285 227.02343087
688.141933136 687.918370176
725.709295411 389.566462849
492.700771164 317.505356397
561.099742346 423.437863693
688.015630432 399.004204028
696.131085732 119.424315639
736.487379691 534.820457117
664.984589542 323.618904995
693.249324809 455.158269295
699.024152241 100.026644269
700.443740745 372.636718551
527.05978414 296.633904176
669.8102942 291.654467854
723.983583156 678.759903464
379.79125361 300.385639226
711.932443296 190.391749636
678.071222217 140.887105154
133.905678304 302.217175192
619.332869904 277.358713554
705.449263495 332.83579434
738.045112248 604.558932631
783.477680753 540.849095447
367.493307044 333.654324622
709.875522703 602.80970833
728.581489904 490.920300558
735.451969594 169.123506954
788.395764347 502.094492548
692.474330079 234.836482624
100.04615998 289.237530883
657.666011892 345.951468781
451.46538165 308.767668076
654.729520529 372.02697085
635.293996313 362.093316501
725.323031665 307.033997463
118.590084916 314.445222838
394.203584359 333.39831444
746.186231923 630.717390068
754.474892765 505.54235539
689.780616015 347.526087315
683.295940927 551.012583893
604.558291351 548.900992351
668.24781695 411.195094667
704.578186006 210.422384519
740.142125342 101.072240352
736.101216122 408.60134807
741.393002043 563.837500539
666.989241121 200.292619193
751.363699688 606.007752594
708.318700809 700.022366246
749.116236413 146.701011744
703.041660198 629.765553587
685.361033441 269.876657507
607.100526689 324.968977974
694.434537018 713.79741055
487.444190193 261.523833379
754.31656697 576.368274331
719.338314851 524.322160871
681.575092542 110.837026358
684.426289149 167.846976251
574.538275965 383.986460561
662.074619486 272.710598686
729.90112157 586.227527907
659.535458827 454.039271564
662.28604349 247.519145121
722.848204757 564.936439764
588.461145567 292.017855097
721.313056852 150.253390268
721.906731131 113.062938319
733.032172149 131.121351977
632.660559455 303.969284842
100.044990311 310.125451493
375.74109049 274.080743855
462.448926574 282.759092955
772.351752807 520.979872258
704.721544483 297.675988327
598.481927636 415.187275869
633.798941927 392.676646789
722.648597726 271.42093023
443.748359093 256.957245981
707.64354262 576.07257455
712.757661134 658.991026706
711.70523846 136.717126449
741.77678348 325.058705548
727.36301639 100.291827996
413.825710192 276.238028925
741.123842552 217.033661318
118.450508815 270.09707252
694.073424388 499.842491552
