700.444252167 314.714292354
511.368006964 580.816172185
478.587289139 697.830128964
529.529505902 605.581622535
318.038766039 537.593373357
196.843213548 476.204637541
429.683200773 557.292842518
665.167351181 516.858336767
541.029635942 323.890039644
576.47224381 683.994961354
496.212347729 467.938045791
503.489855927 274.562384873
158.092012389 494.457115014
463.771811665 467.284935377
156.250171272 517.093343253
575.060593107 668.399461094
541.577918663 672.759751377
278.408503664 499.30726493
404.352065856 618.692216598
615.572804971 561.483172007
505.998091466 700.04343613
545.50029642 581.261617168
226.273845024 560.483971123
436.500661856 582.595682869
295.704215154 477.428234627
187.785338391 539.042687367
169.455428167 471.692267757
686.681034249 538.599199985
469.566316254 307.817664042
526.744262557 700.787267684
603.977073828 596.326200669
464.98411965 381.258658417
651.501486148 578.122564974
477.575595138 440.39764836
590.34860372 628.724803693
521.22247748 616.525015878
594.638932566 712.882394674
673.13129909 534.558541404
489.028295605 345.0254171
487.881628946 259.763849805
571.703087715 699.307547148
241.59082187 515.266833142
686.342098424 297.580865695
266.337160003 450.474469124
241.442394685 470.672219059
514.070924494 394.359256171
223.764269917 524.591362723
360.764251046 538.185709787
201.743496567 488.972998424
592.526411207 699.797576814
454.936389855 403.864587954
448.964814968 627.307049739
617.066907228 674.741391636
520.095746448 677.576096811
270.854038304 552.786437416
482.357462615 573.908206003
493.825582288 657.892739594
636.028194784 593.04208719
625.058327494 541.095358144
638.092770973 552.237461318
486.326292886 642.421769951
652.361985372 535.290762972
566.583994786 649.460089326
687.704594244 553.528416914
510.495434268 557.50450035
522.763743606 652.883146466
511.556138352 438.114749777
450.755683098 652.748556971
388.918187593 573.291574125
320.309965696 503.284168737
512.268895858 315.014765693
492.089637044 675.958151321
538.74297537 446.215732058
494.507748657 618.024272442
653.09850537 555.131759563
312.519401756 555.836610369
667.234042893 540.883740886
473.406096114 544.618207496
473.110304965 273.084787142
556.277123411 303.246404236
496.348056852 298.412232121
638.132036684 565.586838044
661.865452016 564.571059066
287.676980705 524.410547499
680.862045277 322.608610777
551.354211956 697.929666093
487.772275851 409.218443469
616.080150751 651.183769464
599.949297351 563.630735365
635.442041172 533.791139441
185.153965282 451.340903028
475.246766372 607.66646367
183.746240439 504.212063629
535.144110448 250.453583607
425.295321813 598.616749548
533.018756887 286.143310605
470.566597646 352.929967359
676.293636259 564.5423298
476.320217928 670.453177925
502.495550315 595.409303982
