354.44147635 250.381633422
292.087583336 150.141738005
343.758959127 225.390869651
365.645737309 155.1578741
280.20616059 128.820055706
426.292766103 113.905739021
502.832358203 89.8744490146
462.268773532 99.166599519
406.094034677 141.593084004
329.740934967 454.831518748
377.077906034 312.617260234
127.670608674 163.890092085
357.389373413 280.882557109
352.722744971 390.021929119
432.801340312 139.448739825
293.832729786 240.930691405
346.901115078 448.288269383
629.497264823 499.662435629
56.5015154674 77.3681727349
156.727324539 149.974237884
261.799614811 107.104888054
620.495682247 473.783328593
452.040198405 154.833873986
364.557375983 195.163419003
69.813246459 135.928247126
261.696290134 175.900951266
403.720420176 91.4440826219
419.054164082 85.0254982948
451.524588719 116.260655381
94.5194621079 159.451608518
378.162383593 217.7036587
374.821475409 129.012812033
319.712098947 106.783423736
73.0148463749 85.3724823551
348.368590912 466.900904897
141.203023321 135.658408877
308.064834751 124.326732556
402.157380591 218.408152409
344.033323886 123.41495455
241.020729406 118.707308952
386.831364479 132.434517206
295.997989075 98.2853382404
440.23626902 218.447216789
34.2049808413 118.963401415
306.043979405 191.059784132
424.216429131 131.945449056
465.007449763 65.4274243689
418.066866281 60.9646638714
300.201174118 163.581763937
379.986056804 114.894565955
84.9950438989 110.523099084
269.704399623 215.282236547
323.625138705 134.987723279
397.177756429 134.640318012
458.376674989 133.626502039
154.553158536 173.916190817
326.602635422 425.307632765
307.523508951 147.93554182
461.868187789 123.032383632
278.283297731 103.225524425
374.472063966 92.0157331875
333.882400154 312.11157304
408.435353133 110.759842533
57.7958814328 113.448275835
319.425263042 208.822377827
79.9046704047 151.927642316
488.819569257 114.704809465
56.5686542887 133.832235211
320.818553944 268.753974238
387.310856427 247.587520199
387.049145027 122.697476005
343.307274613 512.429063286
388.048255009 62.9848598171
278.262676508 186.24075886
348.417723256 142.309024472
281.72470999 224.250619748
127.031551432 150.631317737
349.760681055 92.2292800229
374.32181507 110.427116935
434.485163928 103.720457191
484.899394125 78.9895531035
353.58881281 435.320619109
346.672456039 77.3344652487
382.302206827 104.757667161
368.952406976 432.438871407
317.971442838 168.06168754
49.0351772588 151.942895513
278.016489989 116.455660425
292.490415911 213.130021371
334.973238781 113.001748624
433.66475516 125.782402093
91.9805039036 141.978808475
434.192941971 80.2761252786
326.407129128 289.614210138
257.222578822 90.1604753812
372.077670959 78.848109457
242.81226411 144.024375627
446.085983523 81.2456510248
387.699270684 83.2497487269
41.1713741232 90.3896091902
