282.320896461 92.0453491433
251.460782144 137.998367817
296.667647266 157.103517923
502.916344268 636.02071921
215.888147157 672.458420174
196.863355722 658.600766536
173.675786644 578.690319536
226.643770464 386.60424563
483.257276719 673.015720237
181.422723175 637.183869244
422.264548646 301.027584806
575.413182507 609.152967304
155.240453269 644.304388467
287.38048919 170.198639814
215.21828423 554.923146998
408.536699615 631.471326965
526.053980711 648.957446555
305.869015567 674.25144828
279.146393982 669.672099901
159.821398848 544.947730328
243.111787961 261.042391496
548.996267275 615.693754396
317.246519773 636.192662363
248.330137023 295.041050103
223.771637621 367.813816408
247.474634538 407.756701832
148.551432467 622.714825247
276.255024206 386.653299557
256.146203855 101.156808393
452.728587853 639.465432006
424.453427131 644.492043061
188.499220049 669.621168279
250.836634592 358.343174151
244.230673222 343.035126827
269.159893987 252.197934189
272.413253393 156.969703672
258.422608586 384.95198931
390.726033729 625.294572552
287.756970032 115.541393145
176.956449557 542.268993845
365.056263093 629.123744001
246.46550632 643.806607652
531.009143071 610.996355081
270.576688997 323.67149986
420.031924773 690.442855746
164.87453485 661.0441407
399.190509768 655.349611546
345.065138445 636.921143141
230.409882561 471.337644529
281.59473174 356.304041966
315.464412929 245.330233013
406.502504358 671.918887645
482.134480399 638.588877728
508.651743782 662.605392451
258.282591475 676.448348992
388.801731723 669.805183879
273.721427484 194.743124456
288.073004278 217.176199696
185.323328669 534.69976332
531.268382175 668.86908012
226.907988419 454.57759033
568.429551051 645.274902682
274.070477898 229.137421742
215.217124352 619.459521299
332.929778783 662.245394654
188.739451949 570.13916601
552.550225281 635.66652931
284.867765635 634.584399481
346.714191853 679.921171419
307.064561283 192.38221154
302.86394707 100.539755515
436.874448618 617.537108171
299.845256792 127.14408881
202.764897146 527.297157127
564.576084065 579.957907007
238.634881251 665.96787457
294.238082985 139.636469859
281.90094735 283.16329799
277.70503384 103.064896419
158.090852786 575.972306244
294.899496322 79.1445878111
263.284902858 184.779930501
595.124937915 580.694253937
374.740580864 642.22485763
370.413784298 661.873429852
313.163921658 410.354175062
249.701427401 222.459750812
594.652613944 555.664616936
463.080704388 656.611819774
197.073324675 515.809978946
438.463296315 657.839422713
469.253623371 594.294009749
149.031770673 661.276539665
150.028280013 564.953032765
238.542323421 327.02207532
163.591570081 602.014619255
278.856130414 126.866125412
126.876389604 647.123534153
467.029138136 613.621640699
449.970038906 672.668867149
