660.996085871 569.388832489
681.468709013 535.667891688
694.15008215 220.018699902
263.414309077 196.26375779
647.207736614 636.273214085
129.245715356 151.475652227
676.507792985 558.968381494
575.163353999 70.2096626916
553.094556572 101.289781749
606.1054525 195.184624139
683.012453166 323.001352412
674.09477227 652.01694663
363.659672112 368.373790717
619.709297276 113.7442792
573.546096289 115.880913746
101.706480817 170.689945091
197.046967558 136.761588713
345.274325013 385.420526436
627.365759702 563.364379678
635.394114236 162.20252674
661.10687116 223.930808335
673.425488908 233.43249384
627.424352118 190.895778705
592.521442561 66.7203032487
547.707800585 117.869794154
553.249957765 109.63641366
601.070799111 176.13906816
593.175696034 163.039966495
649.911908185 531.901950746
635.127915126 101.277225451
224.437443577 150.425014376
167.443090933 193.292181812
606.082349975 151.79001808
672.459584331 614.009474054
602.641348007 138.086238831
649.920006007 158.366414917
584.788794356 176.67383696
387.32892474 364.19407229
564.727526167 140.455930177
610.6397251 96.5073694448
140.551241297 184.548254579
618.711938213 181.967975856
659.293292405 323.884956147
615.013882273 149.010869862
691.032851334 241.791320891
648.137208107 666.237912282
159.309831402 141.574320414
100.55453976 150.836775
595.479790594 88.4729483603
562.569100893 159.066392163
635.212632796 220.420331199
637.270532064 197.202229527
126.219442686 176.153030037
249.423676633 216.303919773
146.187889932 208.81371557
113.249467314 151.059981037
419.615563973 112.327775254
572.859270647 143.010173074
598.624852787 116.176304337
649.89121313 694.737940101
628.86543016 539.480183801
667.742601847 676.305940279
136.156063259 141.823450679
637.787911681 183.773167605
629.088864736 690.765485032
662.729459524 286.094708271
360.620610934 495.781796921
630.340155993 258.883749035
667.155706587 696.805817993
634.38212769 123.635240706
592.054836477 133.054645805
444.911185962 112.348561129
614.367069712 131.7506889
642.51820342 245.610056198
200.084993356 176.019188844
338.496228272 494.305562651
557.287635917 127.039234839
584.645456419 149.240909854
558.063852911 98.06738195
627.493926922 148.090360679
609.664903218 172.288208722
571.07545907 125.454155848
653.842181992 250.030221083
240.716392275 193.515818616
617.502746955 667.893891057
575.313841473 103.888503887
178.776387036 152.029447563
639.608760208 286.481468398
676.714686698 257.852066663
688.661140757 303.361894882
686.360407101 196.626175858
429.568288226 97.540326435
373.775048296 657.882951628
537.218749389 136.898437767
664.093141365 515.587441459
558.678065619 84.2520175134
641.573567812 137.378496529
161.313139723 174.906236869
661.592847858 268.509306151
660.84844685 201.468794411
