146.30126388 696.329789982
60.5181623684 305.106599118
67.8778717516 159.969087404
37.4813911256 319.237005993
140.942237844 219.139089766
28.8148772016 352.366148488
620.272224023 156.533525263
167.867294243 246.072577932
312.454943196 354.07604148
97.003810551 205.447138153
109.244805812 584.305947207
106.902936196 213.378088681
135.895417346 252.147847915
46.6484102418 136.279577357
95.6119681176 187.168244521
133.106781073 151.667570382
44.5922133154 385.303290865
127.601378576 194.226808994
90.9236202566 316.729437489
132.014879358 584.768965443
226.531563251 109.28455753
63.368252555 127.981998953
642.771417514 128.024617084
80.2728816752 124.171291684
45.6925333154 159.750633883
83.4951220263 185.994688713
246.686753397 102.118814786
128.150252496 610.019403735
198.899553253 187.23686311
618.566275434 134.579522627
54.447931773 336.209881914
57.2810848905 370.403528597
238.888216897 126.063967956
111.054997065 230.425282121
164.740149504 700.115665893
147.968067279 711.110474422
158.003899866 99.8657225982
121.213337309 699.66160287
637.665710356 188.450675278
363.326864681 323.960353604
49.3986347655 196.882971374
436.967395571 194.956894748
184.62545795 152.712411452
83.9896177707 377.135880449
195.934896168 141.378277113
72.8003801955 177.693761669
89.8536160342 130.509825218
208.811020927 542.604378349
78.6341719857 162.100068813
124.619337435 225.770742017
200.449262496 93.4496429414
642.863216892 157.435804925
195.997560575 226.779910052
143.053266618 123.508678391
83.5930600206 348.971272386
171.521539872 217.64796852
69.1757533844 106.371396694
121.944645862 307.845283783
99.4808708769 126.753954301
87.0414781067 273.15414894
69.3431137265 211.466703241
172.961417107 549.215598067
187.061232838 568.894815477
416.843615296 207.493890482
92.9598893346 177.90547758
147.549544949 667.964370164
229.070356032 91.1948301964
166.211967463 590.286606306
113.477659303 335.324135418
163.828595095 683.279083504
103.543013803 184.59144842
172.489065028 122.192260442
536.949259282 326.6873924
87.8350929388 205.068048123
101.941755598 254.391257683
150.435516162 569.42481767
111.266605846 143.595145489
340.594340498 306.162454827
663.593732755 175.237796072
205.426123669 103.384248528
169.379264261 658.990193549
24.2287211809 378.013592691
81.7496130288 297.176053913
150.527509113 168.095396316
176.65688197 105.416859464
157.735224347 202.374817763
89.2326012478 166.238466515
110.396199158 667.7707472
64.9649833502 148.954494555
155.094743483 141.156149946
28.5978738278 161.926659301
124.236541338 681.414194063
120.782693576 223.198586846
107.572708934 287.39912504
109.938685896 202.371111171
51.340714458 171.968692738
285.526891328 102.749742979
70.3860552941 398.189273121
79.6613877554 240.299060937
114.159795539 104.576171601
