577.618674888 351.512405175
487.513208935 275.286601532
639.698749139 201.700605164
458.920540353 272.295354318
605.000580569 419.509242784
479.518567446 296.553577486
533.276074107 466.478485337
576.789036592 503.202096937
644.185878136 183.93357519
503.081523479 134.406687181
542.650093273 283.205276904
662.039383143 366.225176462
545.099828174 162.130432732
581.861798245 182.991955405
683.138296284 233.177952716
611.268013422 137.365535697
537.834803003 213.042839522
651.797865077 340.068738307
627.06249648 242.436440364
588.303614672 271.335347856
653.539114253 95.1313918224
574.662078741 143.221771084
570.04520234 427.446976462
582.385469853 109.225837153
599.488494469 191.559167161
528.863245589 127.355716212
684.74501905 80.6003437922
614.375994127 284.911348871
675.923919245 322.551507432
543.985395483 432.996427091
512.10419551 269.97980445
517.908185422 186.600532203
650.141398187 111.231739784
493.734700733 174.288453393
594.020784896 386.226202086
570.016393655 395.794732897
616.745828326 68.7023377971
546.438043933 396.930937395
539.865969589 486.957490212
656.256491967 174.114578937
276.231084067 539.880455083
662.825654199 112.100876918
642.308301666 137.042258238
615.83099768 341.373430789
626.189088505 123.656542986
509.030537225 104.645531764
603.784660715 124.344132614
682.894185046 268.877153452
617.123947846 179.778763033
590.941734222 487.678310411
649.082881288 50.6268423322
548.193128438 453.680594402
621.702318984 387.147758587
594.277458428 106.635883645
648.438420172 269.414750869
605.39343442 455.161792508
603.922414999 104.195921818
579.765837218 217.08121222
579.54244326 128.572433852
495.676461869 238.851961894
232.182275221 633.269510988
527.089106798 243.342483942
635.230031083 350.745157862
676.784711097 106.157120383
651.715955228 213.730312065
585.278099924 357.514994117
659.665290316 87.5033431049
649.540344491 285.114273237
618.134928956 224.363371494
610.246207028 358.919868501
659.97519243 304.697218821
628.52998819 111.042375237
628.461620171 151.422727538
474.22892162 161.314830402
508.380650927 199.750417321
573.38496935 250.37425524
655.364314373 130.106912138
603.753933908 144.620477624
552.293053894 469.355352886
649.047369222 71.1293077451
637.916866676 311.077757806
517.795750686 300.266025422
506.715033349 212.988220541
611.31504329 160.430905532
624.820980848 89.0276037354
669.604749982 337.122856152
672.308559887 199.824798404
574.2265498 295.005752227
580.980226533 159.12115957
615.720380477 135.394456365
608.30230689 193.287737866
547.790266852 306.802522507
569.177463415 455.221332976
558.722981134 207.113390808
632.885972999 211.581936476
590.992033878 206.573801659
664.842357325 64.9025205896
660.745858517 237.065211337
469.544715791 238.067011433
599.116631833 90.0265358752
